17 0.545975360741394 0.45249949906645254 0.17190377169077906 0.21551092149818382
17 0.6899955510997917 0.20632605404118534 0.1550628634460412 0.2127154243623933
17 0.5644361443871999 0.11716899023920921 0.19609607007520338 0.23433798047841842
17 0.4123241513500808 0.41473934723648465 0.20808733050880443 0.23798478898696593
17 0.29019030939696466 0.7036784717684827 0.17179189034826065 0.19628015226741488
17 0.38057228801904697 0.7424457261234505 0.13328839638327766 0.1881734115614315
17 0.4832252304310264 0.8242024605462603 0.12841077823651156 0.1760422805116454
17 0.49331530939696466 0.6989506849150102 0.14051392001263105 0.1907451081361112
17 0.7124281224050001 0.5496004778488242 0.10898421665633534 0.14194083323557705
17 0.6579360140768323 0.48114781754353575 0.16945797003348856 0.2082434328963677
17 0.44885573665317735 0.08826789119182678 0.16213455022943166 0.17653578238365356
17 0.45973677895580106 0.2994376521232368 0.1693181183553404 0.1842049713579061
17 0.6623397392281944 0.8248418674032579 0.10898421665633506 0.14194083323557705
17 0.6987112964565703 0.6713304094597217 0.1234632342506714 0.15189191869262822
17 0.81502512414572 0.6217418276562493 0.12342127874722691 0.14468038023109003
17 0.2847175202629201 0.3828489354404378 0.16224643157195 0.2080755824755343
17 0.7211624414480524 0.3979343695954054 0.12101743259338076 0.1446244300908121