0 0.3421875 0.03359375 0.06171875 0.05859375
0 0.3640625 0.05625 0.0703125 0.05
0 0.38828125 0.09921875 0.07421875 0.06328125
0 0.153125 0.1609375 0.06171875 0.05
0 0.17109375 0.1875 0.04375 0.040625
0 0.18671875 0.20390625 0.0484375 0.02734375
0 0.20390625 0.2265625 0.05703125 0.02734375
0 0.23671875 0.2625 0.06171875 0.0453125
0 0.625 0.44765625 0.07421875 0.06328125
0 0.5875 0.3890625 0.07890625 0.07265625
0 0.81171875 0.74453125 0.06171875 0.05859375
0 0.88359375 0.85546875 0.065625 0.06328125
0 0.45625 0.19453125 0.04375 0.0453125
0 0.4734375 0.21953125 0.05234375 0.03203125
0 0.521875 0.2984375 0.05234375 0.0359375
0 0.5484375 0.32578125 0.05234375 0.0453125
0 0.2875 0.32578125 0.065625 0.0546875
0 0.346875 0.4140625 0.0703125 0.06796875
0 0.38125 0.459375 0.06171875 0.05
0 0.40546875 0.48671875 0.0484375 0.05
0 0.42109375 0.525 0.07890625 0.0546875
0 0.471875 0.5765625 0.05703125 0.05859375
0 0.50234375 0.62421875 0.05703125 0.06328125
0 0.53515625 0.671875 0.05234375 0.05
0 0.559375 0.7015625 0.05703125 0.0546875
0 0.625 0.7828125 0.07421875 0.0546875
0 0.6421875 0.81484375 0.065625 0.0453125
0 0.66640625 0.84609375 0.06171875 0.0546875
0 0.85078125 0.803125 0.0703125 0.06796875
0 0.7828125 0.70390625 0.065625 0.05859375
0 0.75 0.640625 0.06171875 0.05859375
0 0.684375 0.54296875 0.06171875 0.0453125
0 0.7171875 0.58828125 0.07421875 0.06328125
0 0.31328125 0.36171875 0.07421875 0.07265625
0 0.6625 0.5046875 0.0703125 0.06796875
0 0.4296875 0.15625 0.07890625 0.0859375
0 0.68828125 0.88046875 0.05234375 0.05859375
0 0.71015625 0.91171875 0.05234375 0.05859375