0 0.615625 0.3203125 0.04375 0.06015625
0 0.609375 0.3703125 0.03984375 0.05
0 0.6015625 0.43515625 0.04765625 0.0703125
0 0.59140625 0.5125 0.04375 0.075
0 0.58359375 0.58515625 0.04375 0.06015625
0 0.571875 0.6625 0.04375 0.075
0 0.621875 0.2375 0.04765625 0.1046875
0 0.44609375 0.22265625 0.04765625 0.1046875
0 0.43828125 0.3078125 0.03984375 0.0546875
0 0.43203125 0.36484375 0.04375 0.06015625
0 0.42421875 0.42734375 0.0359375 0.075
0 0.41640625 0.4953125 0.04375 0.0796875
0 0.40625 0.575 0.04765625 0.0796875
0 0.39609375 0.64765625 0.0515625 0.075
0 0.3828125 0.7203125 0.04765625 0.0796875
0 0.36875 0.7953125 0.04375 0.0796875
0 0.35859375 0.8703125 0.04765625 0.0796875
0 0.34453125 0.9546875 0.0515625 0.08984375
0 0.5578125 0.73984375 0.03984375 0.0703125
0 0.54765625 0.8171875 0.04375 0.075
0 0.5359375 0.8953125 0.0515625 0.0703125