0 0.03984375 0.07890625 0.0265625 0.03984375
0 0.2203125 0.17578125 0.0203125 0.034375
0 0.24296875 0.16328125 0.0265625 0.0296875
0 0.2265625 0.059375 0.0203125 0.03984375
0 0.21171875 0.0765625 0.01640625 0.025
0 0.28515625 0.1484375 0.01640625 0.04921875
0 0.153125 0.40078125 0.0265625 0.03984375
0 0.178125 0.39375 0.0234375 0.034375
0 0.1984375 0.39609375 0.0234375 0.0296875
0 0.0703125 0.4109375 0.0265625 0.04921875
0 0.028125 0.46015625 0.0234375 0.03984375
0 0.0265625 0.546875 0.0265625 0.04453125
0 0.18984375 0.6140625 0.0203125 0.03984375
0 0.21015625 0.6265625 0.0203125 0.034375
0 0.23515625 0.64140625 0.0234375 0.034375
0 0.2515625 0.653125 0.0234375 0.0296875
0 0.2703125 0.665625 0.0203125 0.034375
0 0.28828125 0.6828125 0.0234375 0.03984375
0 0.31015625 0.71015625 0.0203125 0.04453125
0 0.328125 0.72265625 0.0234375 0.0296875
0 0.021875 0.6828125 0.01640625 0.0296875
0 0.04140625 0.6953125 0.0296875 0.034375
0 0.075 0.7203125 0.01640625 0.034375
0 0.0953125 0.7328125 0.01640625 0.0296875
0 0.1296875 0.7453125 0.0203125 0.034375
0 0.153125 0.7546875 0.0265625 0.034375
0 0.171875 0.76015625 0.0234375 0.034375
0 0.18984375 0.7671875 0.0203125 0.03984375
0 0.21015625 0.76953125 0.0203125 0.034375
0 0.228125 0.7796875 0.0234375 0.034375
0 0.2484375 0.775 0.01640625 0.034375
0 0.378125 0.74765625 0.0234375 0.0296875
0 0.40703125 0.73984375 0.0203125 0.034375
0 0.43203125 0.73046875 0.0234375 0.025
0 0.4484375 0.7203125 0.0234375 0.034375
0 0.51328125 0.6953125 0.0203125 0.04453125
0 0.5296875 0.6953125 0.0203125 0.034375
0 0.6 0.66796875 0.0203125 0.03984375
0 0.6203125 0.65859375 0.01328125 0.03984375
0 0.6453125 0.64609375 0.01640625 0.034375
0 0.828125 0.61640625 0.0234375 0.034375
0 0.853125 0.61640625 0.0203125 0.04453125
0 0.875 0.6140625 0.0234375 0.03984375
0 0.98671875 0.62890625 0.0265625 0.0296875
0 0.55 0.8640625 0.0203125 0.034375
0 0.575 0.85625 0.0234375 0.03984375
0 0.5984375 0.8515625 0.0234375 0.0296875
0 0.61796875 0.846875 0.01640625 0.03984375
0 0.64140625 0.85625 0.01640625 0.0296875
0 0.66015625 0.86171875 0.0203125 0.03984375
0 0.68203125 0.85859375 0.0234375 0.034375
0 0.26015625 0.3046875 0.0203125 0.034375
0 0.28828125 0.27734375 0.0234375 0.03984375
0 0.303125 0.2578125 0.0203125 0.0296875
0 0.346875 0.34375 0.0203125 0.034375
0 0.36796875 0.334375 0.01640625 0.025
0 0.4796875 0.3171875 0.01328125 0.0296875
0 0.4984375 0.31953125 0.0234375 0.034375
0 0.51640625 0.3140625 0.01328125 0.034375
0 0.6234375 0.20546875 0.0203125 0.034375
0 0.64140625 0.2078125 0.01640625 0.03984375
0 0.65703125 0.2125 0.01328125 0.03984375
0 0.675 0.22734375 0.0234375 0.03984375
0 0.69140625 0.2328125 0.01640625 0.03984375
0 0.70859375 0.2375 0.0234375 0.03984375
0 0.73203125 0.24765625 0.01640625 0.04921875
0 0.75 0.2546875 0.0203125 0.04453125
0 0.76796875 0.27265625 0.01640625 0.04921875
0 0.78671875 0.284375 0.0203125 0.04453125
0 0.803125 0.30703125 0.0203125 0.03984375
0 0.8234375 0.31953125 0.0203125 0.04453125
0 0.846875 0.33671875 0.0203125 0.03984375
0 0.871875 0.37109375 0.01640625 0.03984375
0 0.6046875 0.3515625 0.0234375 0.03984375
0 0.63359375 0.35859375 0.0265625 0.034375
0 0.653125 0.36875 0.01328125 0.034375
0 0.66796875 0.37890625 0.01640625 0.04453125
0 0.55 0.3265625 0.0203125 0.0296875
0 0.43671875 0.3640625 0.0203125 0.034375
0 0.4546875 0.3734375 0.01640625 0.034375
0 0.4734375 0.38359375 0.0203125 0.034375
0 0.48671875 0.3984375 0.01328125 0.034375
0 0.4 0.5078125 0.0203125 0.034375
0 0.41171875 0.53984375 0.0234375 0.0296875
0 0.425 0.56953125 0.03671875 0.03984375
0 0.43671875 0.59375 0.0265625 0.0296875
0 0.4484375 0.62109375 0.0234375 0.034375
0 0.46171875 0.64609375 0.0234375 0.034375
0 0.56484375 0.4875 0.0234375 0.034375
0 0.58671875 0.5 0.0203125 0.03984375
0 0.61171875 0.5421875 0.01015625 0.034375
0 0.66484375 0.60859375 0.0234375 0.03984375
0 0.71015625 0.6359375 0.0203125 0.034375
0 0.7515625 0.715625 0.01640625 0.034375
0 0.8015625 0.7671875 0.0234375 0.03984375
0 0.4 0.14140625 0.0203125 0.034375
0 0.421875 0.13828125 0.0234375 0.03984375
0 0.44140625 0.14140625 0.0234375 0.04453125
0 0.46328125 0.15078125 0.0203125 0.04453125
0 0.75859375 0.6234375 0.01640625 0.0296875
0 0.971875 0.7203125 0.0234375 0.034375
0 0.40859375 0.321875 0.0234375 0.0296875
0 0.4296875 0.31953125 0.0203125 0.034375
0 0.50859375 0.42109375 0.0234375 0.03984375
0 0.53984375 0.1734375 0.0203125 0.03984375
0 0.55703125 0.178125 0.0203125 0.03984375
0 0.5765625 0.1828125 0.0203125 0.03984375
0 0.59296875 0.18828125 0.0203125 0.0296875
0 0.46171875 0.321875 0.0234375 0.0296875
0 0.19296875 0.4578125 0.0265625 0.04453125
0 0.1765625 0.4828125 0.0265625 0.034375
0 0.89140625 0.38828125 0.0234375 0.04453125
0 0.03984375 0.7421875 0.0265625 0.03984375
0 0.5203125 0.16796875 0.0203125 0.04921875