0 0.58984375 0.0171875 0.0640625 0.025
0 0.59765625 0.0546875 0.05546875 0.06015625
0 0.60546875 0.10234375 0.04765625 0.0546875
0 0.61328125 0.1546875 0.05546875 0.06015625
0 0.6234375 0.20234375 0.04375 0.0546875
0 0.63125 0.2421875 0.0515625 0.0546875
0 0.66328125 0.32734375 0.0359375 0.0453125
0 0.675 0.3578125 0.0359375 0.0453125
0 0.68125 0.37734375 0.03203125 0.03515625
0 0.703125 0.4046875 0.0359375 0.03984375
0 0.7171875 0.4328125 0.03984375 0.0453125
0 0.73125 0.46015625 0.0359375 0.05
0 0.75078125 0.4796875 0.028125 0.05
0 0.79296875 0.5328125 0.03984375 0.0546875
0 0.8265625 0.56484375 0.04375 0.06015625
0 0.85625 0.5953125 0.03984375 0.0703125
0 0.88671875 0.6171875 0.0359375 0.0546875
0 0.91796875 0.6453125 0.0359375 0.0703125
0 0.95234375 0.6546875 0.03203125 0.06015625
0 0.98203125 0.6828125 0.0359375 0.06484375
0 0.10390625 0.27734375 0.03203125 0.0546875
0 0.13125 0.28515625 0.03984375 0.05
0 0.165625 0.3046875 0.0359375 0.06015625
0 0.196875 0.31484375 0.0359375 0.06015625
0 0.22734375 0.33515625 0.03984375 0.06015625
0 0.25859375 0.35 0.03984375 0.06015625
0 0.28671875 0.36484375 0.03203125 0.06015625
0 0.31484375 0.3828125 0.03984375 0.06484375
0 0.35078125 0.41015625 0.04765625 0.06015625
0 0.390625 0.42734375 0.03984375 0.06484375
0 0.43046875 0.4546875 0.04765625 0.06015625
0 0.4703125 0.4828125 0.03984375 0.06484375
0 0.5 0.5046875 0.0359375 0.06015625
0 0.53984375 0.52265625 0.04375 0.075
0 0.57734375 0.5453125 0.03203125 0.0703125
0 0.60390625 0.5578125 0.04375 0.075
0 0.940625 0.7296875 0.04765625 0.0703125
0 0.89609375 0.71015625 0.03984375 0.06015625
0 0.8546875 0.68984375 0.04375 0.06015625
0 0.76484375 0.6546875 0.03984375 0.06015625
0 0.7234375 0.62734375 0.04375 0.06484375
0 0.68125 0.6078125 0.03984375 0.075
0 0.6453125 0.58984375 0.04765625 0.06015625
0 0.0859375 0.38984375 0.04375 0.0703125
0 0.13515625 0.41015625 0.04765625 0.06015625
0 0.1875 0.4328125 0.05546875 0.06484375
0 0.23515625 0.4578125 0.04765625 0.06484375
0 0.325 0.50234375 0.04375 0.0546875
0 0.3609375 0.5171875 0.028125 0.0453125
0 0.6234375 0.6578125 0.04375 0.06484375
0 0.571875 0.62734375 0.0515625 0.06484375
0 0.52578125 0.6 0.05546875 0.06015625
0 0.4484375 0.5578125 0.0515625 0.0546875
0 0.3984375 0.5328125 0.04765625 0.0546875
0 0.0296875 0.4546875 0.04375 0.05
0 0.07578125 0.4625 0.03984375 0.06484375
0 0.115625 0.47734375 0.03984375 0.06484375
0 0.19140625 0.5 0.03203125 0.03984375
0 0.22734375 0.5078125 0.03203125 0.0546875
0 0.26484375 0.52265625 0.04375 0.0546875
0 0.30703125 0.53984375 0.03984375 0.03984375
0 0.66953125 0.68515625 0.04765625 0.06015625
0 0.0140625 0.7921875 0.01953125 0.0546875
0 0.0359375 0.80234375 0.03203125 0.0546875
0 0.071875 0.8046875 0.03203125 0.05
0 0.0953125 0.8203125 0.03203125 0.06015625
0 0.12578125 0.8203125 0.028125 0.05
0 0.24921875 0.8 0.0359375 0.05
0 0.3921875 0.7671875 0.04375 0.0546875
0 0.35625 0.77734375 0.0359375 0.0453125
0 0.32890625 0.7875 0.0359375 0.0546875
0 0.18359375 0.81015625 0.03203125 0.05
0 0.21875 0.81015625 0.03984375 0.05
0 0.49765625 0.74765625 0.03203125 0.0453125
0 0.528125 0.74765625 0.028125 0.0546875
0 0.5578125 0.73984375 0.03203125 0.05
0 0.58984375 0.7328125 0.03984375 0.0546875
0 0.62578125 0.7328125 0.03203125 0.0453125
0 0.9796875 0.9390625 0.040625 0.05
0 0.971875 0.97734375 0.04765625 0.0453125
0 0.80859375 0.67265625 0.05546875 0.06484375
0 0.06171875 0.26484375 0.059375 0.0703125
0 0.434375 0.7578125 0.04765625 0.06484375
0 0.6515625 0.2921875 0.0515625 0.06484375