1 0.15703125 0.32421875 0.09453125 0.1359375
1 0.1421875 0.6859375 0.11015625 0.15703125
1 0.3578125 0.33515625 0.09453125 0.146875
1 0.33359375 0.7171875 0.12890625 0.18828125
1 0.52109375 0.21953125 0.0796875 0.1046875
1 0.62890625 0.159375 0.08359375 0.13125
1 0.5625 0.371875 0.0796875 0.12578125
1 0.67578125 0.32421875 0.0875 0.1359375
1 0.90546875 0.096875 0.090625 0.13125
1 0.6609375 0.58359375 0.0875 0.1203125
1 0.6265625 0.71953125 0.0796875 0.11015625
1 0.7859375 0.71484375 0.09453125 0.1203125
1 0.7234375 0.853125 0.07578125 0.12578125
1 0.91640625 0.61015625 0.07578125 0.1203125
1 0.965625 0.78046875 0.06796875 0.1046875
1 0.94296875 0.88515625 0.07578125 0.09453125