1 0.81328125 0.2609375 0.07421875 0.0921875
1 0.65546875 0.25859375 0.065625 0.05234375
1 0.77421875 0.35078125 0.05703125 0.06171875
1 0.721875 0.40546875 0.07421875 0.07421875
1 0.690625 0.309375 0.065625 0.0484375
1 0.315625 0.41640625 0.096875 0.0703125
1 0.55703125 0.5921875 0.096875 0.0875
1 0.41875 0.66015625 0.08359375 0.07421875
1 0.58984375 0.6796875 0.08359375 0.06171875
1 0.484375 0.74140625 0.10078125 0.06171875
1 0.353125 0.3375 0.0921875 0.0703125
1 0.18671875 0.50625 0.05703125 0.10078125