1 0.18515625 0.13671875 0.07734375 0.0875
1 0.296875 0.17109375 0.0890625 0.0875
1 0.46171875 0.12421875 0.07734375 0.10234375
1 0.6359375 0.05625 0.09375 0.09296875
1 0.53828125 0.15859375 0.08515625 0.1125
1 0.69921875 0.12421875 0.06484375 0.121875
1 0.76640625 0.1609375 0.0609375 0.1171875
1 0.70546875 0.2734375 0.109375 0.09765625
1 0.50390625 0.23203125 0.0890625 0.0828125
1 0.3640625 0.30234375 0.0609375 0.09765625
1 0.47578125 0.3 0.09765625 0.0828125
1 0.40234375 0.2515625 0.0484375 0.10234375
1 0.59921875 0.3171875 0.06875 0.078125
1 0.62578125 0.19765625 0.05703125 0.10234375
1 0.79296875 0.3265625 0.06484375 0.1171875
1 0.76015625 0.43203125 0.09765625 0.10234375
1 0.6828125 0.3875 0.0734375 0.1125
1 0.58359375 0.378125 0.06875 0.06328125
1 0.55859375 0.44375 0.06875 0.05859375
1 0.51015625 0.4 0.053125 0.09765625
1 0.24609375 0.334375 0.07734375 0.09296875
1 0.4109375 0.41484375 0.1140625 0.1171875
1 0.61796875 0.5125 0.0890625 0.0875
1 0.70546875 0.55625 0.08515625 0.10703125
1 0.84140625 0.6171875 0.0484375 0.09296875
1 0.75390625 0.64375 0.04453125 0.0875
1 0.7984375 0.690625 0.07734375 0.06328125
1 0.878125 0.790625 0.0734375 0.06796875
1 0.8109375 0.81484375 0.06875 0.0484375
1 0.82109375 0.865625 0.05703125 0.06328125
1 0.696875 0.7171875 0.08515625 0.10703125
1 0.61953125 0.6 0.0609375 0.078125
1 0.878125 0.85859375 0.05703125 0.06796875
1 0.28046875 0.4734375 0.09765625 0.10703125
1 0.19140625 0.5 0.0890625 0.14140625
1 0.3859375 0.52421875 0.1140625 0.1125
1 0.45546875 0.5828125 0.0890625 0.09296875
1 0.446875 0.67109375 0.0890625 0.10234375
1 0.56484375 0.6609375 0.0734375 0.0828125
1 0.54296875 0.7046875 0.07734375 0.10234375
1 0.1625 0.73671875 0.0734375 0.1265625
1 0.24375 0.73671875 0.08125 0.09765625
1 0.028125 0.92421875 0.0484375 0.0828125
1 0.31484375 0.7828125 0.08515625 0.10234375
1 0.384375 0.82890625 0.0609375 0.05859375
1 0.3171875 0.89296875 0.08125 0.09765625
1 0.40234375 0.9 0.06484375 0.10234375
1 0.634375 0.7953125 0.0890625 0.078125
1 0.621875 0.87578125 0.06484375 0.05390625
1 0.575 0.890625 0.053125 0.06328125
1 0.77421875 0.93671875 0.07734375 0.09765625
1 0.34921875 0.62890625 0.0890625 0.05859375
1 0.3390625 0.7 0.07734375 0.06328125
1 0.24765625 0.6484375 0.08125 0.078125
1 0.29296875 0.57109375 0.0734375 0.06796875
1 0.51015625 0.94140625 0.04453125 0.05859375
1 0.2171875 0.8484375 0.09375 0.09765625