1 0.15078125 0.04765625 0.0875 0.075
1 0.09921875 0.13984375 0.0953125 0.08984375
1 0.2859375 0.0921875 0.0875 0.1046875
1 0.359375 0.1328125 0.0671875 0.125
1 0.8171875 0.0421875 0.07109375 0.075
1 0.8671875 0.0953125 0.08359375 0.08984375
1 0.60546875 0.2421875 0.08359375 0.1046875
1 0.684375 0.27265625 0.0671875 0.11484375
1 0.88125 0.3296875 0.0953125 0.1
1 0.82578125 0.4125 0.07109375 0.0953125
1 0.90703125 0.44765625 0.07578125 0.11484375
1 0.84921875 0.51015625 0.07109375 0.1
1 0.690625 0.46484375 0.0796875 0.1203125
1 0.6109375 0.4453125 0.07109375 0.1203125
1 0.47421875 0.4046875 0.07578125 0.0703125
1 0.43828125 0.47734375 0.0515625 0.08515625
1 0.50390625 0.48515625 0.07109375 0.08984375
1 0.4921875 0.56015625 0.0953125 0.0703125
1 0.20078125 0.2296875 0.08359375 0.11015625
1 0.2640625 0.2875 0.07578125 0.11484375
1 0.11484375 0.3296875 0.0796875 0.11015625
1 0.1703125 0.41015625 0.103125 0.08984375
1 0.7796875 0.2171875 0.04375 0.075
1 0.76171875 0.675 0.07109375 0.08984375
1 0.68671875 0.7171875 0.07109375 0.06484375
1 0.70859375 0.7703125 0.059375 0.06015625
1 0.646875 0.8125 0.05546875 0.075
1 0.60546875 0.7375 0.07578125 0.08515625
1 0.5296875 0.63984375 0.0515625 0.0703125
1 0.5671875 0.6875 0.04765625 0.0546875
1 0.2265625 0.6953125 0.05546875 0.06015625
1 0.1625 0.67265625 0.07109375 0.075
1 0.0953125 0.6828125 0.0953125 0.1046875
1 0.29375 0.88515625 0.0875 0.11015625
1 0.390625 0.8828125 0.07578125 0.0953125