1 0.1359375 0.26015625 0.05625 0.0640625
1 0.365625 0.16796875 0.07578125 0.07890625
1 0.29765625 0.20546875 0.05234375 0.07421875
1 0.23203125 0.2125 0.0640625 0.06953125
1 0.23984375 0.27734375 0.071875 0.04921875
1 0.24609375 0.35390625 0.06796875 0.0546875
1 0.334375 0.2875 0.07578125 0.06953125
1 0.2421875 0.4328125 0.06015625 0.0640625
1 0.384375 0.3515625 0.05625 0.07890625
1 0.328125 0.48984375 0.04765625 0.07890625
1 0.30234375 0.546875 0.06015625 0.0640625
1 0.471875 0.36875 0.04765625 0.07421875
1 0.52578125 0.35859375 0.04375 0.07421875
1 0.471875 0.440625 0.03984375 0.059375
1 0.4703125 0.5125 0.06796875 0.07421875
1 0.4078125 0.525 0.03203125 0.03984375
1 0.44375 0.57890625 0.05625 0.06953125
1 0.3640625 0.6015625 0.05625 0.0640625
1 0.378125 0.68046875 0.06015625 0.0640625
1 0.56015625 0.51484375 0.03984375 0.06953125
1 0.615625 0.5078125 0.03984375 0.07421875
1 0.86796875 0.64609375 0.071875 0.0640625
1 0.74765625 0.596875 0.0640625 0.0640625
1 0.68984375 0.559375 0.0359375 0.06953125
1 0.63203125 0.58203125 0.0640625 0.07421875
1 0.70390625 0.64140625 0.0640625 0.0640625
1 0.68828125 0.71015625 0.05625 0.07421875
1 0.7640625 0.809375 0.04765625 0.084375
1 0.53203125 0.5765625 0.0640625 0.0640625
1 0.615625 0.65859375 0.05625 0.06953125
1 0.6203125 0.725 0.05625 0.0640625
1 0.55234375 0.68828125 0.0640625 0.04921875
1 0.58203125 0.76015625 0.0359375 0.0546875
1 0.5921875 0.83671875 0.04765625 0.059375
1 0.45 0.67578125 0.05234375 0.07421875
1 0.49765625 0.75 0.06796875 0.0640625
1 0.51171875 0.84921875 0.0640625 0.07421875