1 0.13359375 0.2328125 0.08125 0.09296875
1 0.1640625 0.33828125 0.0765625 0.08828125
1 0.35234375 0.340625 0.06484375 0.08359375
1 0.4375 0.4140625 0.07265625 0.12265625
1 0.328125 0.44140625 0.07265625 0.078125
1 0.6234375 0.15703125 0.05703125 0.078125
1 0.67421875 0.2453125 0.06875 0.06875
1 0.690625 0.0734375 0.0609375 0.078125
1 0.746875 0.10078125 0.05234375 0.0734375
1 0.84609375 0.1984375 0.0484375 0.08359375
1 0.90078125 0.1984375 0.04453125 0.0640625
1 0.88671875 0.296875 0.05703125 0.08359375
1 0.82421875 0.3109375 0.0609375 0.0734375
1 0.70625 0.534375 0.06875 0.08828125
1 0.609375 0.5734375 0.0765625 0.08828125
1 0.746875 0.75703125 0.0765625 0.08359375
1 0.6640625 0.79140625 0.07265625 0.09296875
1 0.49765625 0.840625 0.08125 0.09296875
1 0.43125 0.75703125 0.06875 0.09296875
1 0.33203125 0.66171875 0.07265625 0.08828125
1 0.26484375 0.75 0.06875 0.08828125