1 0.9234375 0.24375 0.05703125 0.065625
1 0.73046875 0.346875 0.065625 0.05234375
1 0.41015625 0.41484375 0.065625 0.065625
1 0.24140625 0.29375 0.096875 0.10546875
1 0.93203125 0.67578125 0.065625 0.0703125
1 0.771875 0.66015625 0.04375 0.0484375
1 0.71484375 0.653125 0.05234375 0.04375
1 0.6953125 0.68203125 0.03984375 0.0484375
1 0.74140625 0.69921875 0.04375 0.03984375
1 0.32890625 0.6625 0.06171875 0.05234375
1 0.75234375 0.61640625 0.05703125 0.03984375
1 0.71015625 0.734375 0.05234375 0.05703125