1 0.34140625 0.04453125 0.04296875 0.05625
1 0.29296875 0.0703125 0.03359375 0.06015625
1 0.23203125 0.10078125 0.05 0.05625
1 0.221875 0.15234375 0.05703125 0.05625
1 0.275 0.17890625 0.05 0.0359375
1 0.128125 0.15234375 0.04296875 0.05625
1 0.18359375 0.18671875 0.03359375 0.05234375
1 0.2203125 0.1984375 0.0265625 0.04453125
1 0.546875 0.04609375 0.053125 0.05234375
1 0.5015625 0.11015625 0.04296875 0.05234375
1 0.45703125 0.11015625 0.0265625 0.06015625
1 0.3984375 0.21484375 0.04296875 0.06796875
1 0.51640625 0.21484375 0.053125 0.05234375
1 0.81484375 0.0765625 0.04296875 0.03984375
1 0.921875 0.128125 0.03671875 0.0640625
1 0.853125 0.128125 0.053125 0.0484375
1 0.775 0.13671875 0.05 0.0484375
1 0.93984375 0.1890625 0.046875 0.05625
1 0.86640625 0.22109375 0.046875 0.0484375
1 0.803125 0.20078125 0.046875 0.05625
1 0.9734375 0.2453125 0.053125 0.07265625
1 0.3234375 0.23671875 0.03984375 0.05625
1 0.26328125 0.23671875 0.053125 0.0484375
1 0.21171875 0.2671875 0.05 0.05234375
1 0.08359375 0.29296875 0.03359375 0.0484375
1 0.103125 0.36328125 0.03984375 0.05234375
1 0.05859375 0.38515625 0.03671875 0.03984375
1 0.1015625 0.4515625 0.03671875 0.04453125
1 0.19296875 0.35546875 0.03359375 0.06796875
1 0.26328125 0.39375 0.03359375 0.0640625
1 0.29140625 0.303125 0.05 0.06796875
1 0.38359375 0.303125 0.03984375 0.06796875
1 0.475 0.3015625 0.03671875 0.0640625
1 0.45859375 0.34765625 0.03671875 0.05234375
1 0.56171875 0.29921875 0.03671875 0.06796875
1 0.5296875 0.3578125 0.03984375 0.03984375
1 0.49140625 0.41171875 0.05 0.05234375
1 0.4234375 0.3953125 0.03984375 0.05234375
1 0.33515625 0.365625 0.05 0.0640625
1 0.39296875 0.4375 0.03984375 0.0484375
1 0.73359375 0.24296875 0.046875 0.06796875
1 0.83984375 0.303125 0.053125 0.06015625
1 0.9296875 0.30703125 0.046875 0.06796875
1 0.98125 0.340625 0.0375 0.05625
1 0.96484375 0.4640625 0.05703125 0.06796875
1 0.93515625 0.50625 0.03671875 0.05625
1 0.85703125 0.46015625 0.053125 0.05234375
1 0.8265625 0.40390625 0.03359375 0.05234375
1 0.90859375 0.39375 0.03671875 0.05625
1 0.66796875 0.36171875 0.05703125 0.05625
1 0.76328125 0.4015625 0.03984375 0.05625
1 0.703125 0.3953125 0.0265625 0.04453125
1 0.596875 0.421875 0.03984375 0.0640625
1 0.66484375 0.45 0.04296875 0.0484375
1 0.84296875 0.51171875 0.03984375 0.04453125
1 0.86796875 0.5765625 0.05 0.04453125
1 0.86015625 0.65234375 0.046875 0.06015625
1 0.95703125 0.63828125 0.046875 0.0640625
1 0.90703125 0.67265625 0.03359375 0.06015625
1 0.9703125 0.7265625 0.046875 0.03984375
1 0.88984375 0.7609375 0.046875 0.06015625
1 0.896875 0.86328125 0.06640625 0.05625
1 0.81171875 0.6828125 0.04296875 0.0640625
1 0.78203125 0.51640625 0.03671875 0.05234375
1 0.7296875 0.528125 0.03359375 0.05234375
1 0.73984375 0.62421875 0.03984375 0.04453125
1 0.68828125 0.5921875 0.03671875 0.06015625
1 0.65703125 0.534375 0.03984375 0.0640625
1 0.64296875 0.58046875 0.03984375 0.06015625
1 0.61015625 0.5203125 0.03984375 0.04453125
1 0.5515625 0.5203125 0.04296875 0.06015625
1 0.5296875 0.4640625 0.03984375 0.04453125
1 0.48984375 0.53046875 0.053125 0.07265625
1 0.33984375 0.4640625 0.03984375 0.05234375
1 0.28984375 0.4859375 0.03984375 0.0640625
1 0.2265625 0.47421875 0.0265625 0.0484375
1 0.26484375 0.55 0.04296875 0.0484375
1 0.41796875 0.5203125 0.05 0.04453125
1 0.746875 0.7546875 0.06015625 0.05625
1 0.646875 0.67890625 0.046875 0.0640625
1 0.578125 0.60078125 0.03671875 0.06796875
1 0.53203125 0.58203125 0.03671875 0.0640625
1 0.5265625 0.65234375 0.046875 0.0765625
1 0.603125 0.703125 0.046875 0.0484375
1 0.61015625 0.753125 0.03984375 0.05234375
1 0.65859375 0.8109375 0.05 0.05625
1 0.5953125 0.8390625 0.05703125 0.0640625
1 0.36796875 0.56015625 0.04296875 0.06015625
1 0.3015625 0.6203125 0.04296875 0.06015625
1 0.23671875 0.65625 0.053125 0.06015625
1 0.3734375 0.640625 0.03984375 0.0359375
1 0.43828125 0.58671875 0.03671875 0.0640625
1 0.428125 0.65234375 0.05703125 0.0765625
1 0.4765625 0.66640625 0.046875 0.0640625
1 0.4046875 0.71875 0.04296875 0.05625
1 0.51171875 0.78125 0.03671875 0.06796875
1 0.31171875 0.70703125 0.05 0.0484375
1 0.23203125 0.76484375 0.04296875 0.06015625
1 0.31484375 0.80703125 0.05703125 0.05625
1 0.38515625 0.78515625 0.04296875 0.05234375
1 0.2703125 0.865625 0.03984375 0.06796875
1 0.41796875 0.859375 0.05 0.05625
1 0.171875 0.80546875 0.04296875 0.06015625
1 0.175 0.8671875 0.05 0.0484375
1 0.11171875 0.815625 0.04296875 0.0640625
1 0.10859375 0.70859375 0.03671875 0.0359375