1 0.478125 0.4625 0.0171875 0.021875
1 0.690625 0.2765625 0.03984375 0.03515625
1 0.30703125 0.278125 0.0265625 0.03046875
1 0.4078125 0.43828125 0.0265625 0.03515625
1 0.2390625 0.23046875 0.021875 0.03046875
1 0.0546875 0.2828125 0.021875 0.021875
1 0.18828125 0.271875 0.0265625 0.03515625
1 0.8578125 0.3703125 0.021875 0.03046875
1 0.8921875 0.44765625 0.03046875 0.03515625
1 0.66484375 0.625 0.03046875 0.03046875
1 0.3046875 0.64921875 0.021875 0.0265625
1 0.55078125 0.6078125 0.03046875 0.021875
1 0.82421875 0.640625 0.0265625 0.0171875
1 0.9453125 0.53515625 0.021875 0.0265625
1 0.7015625 0.36171875 0.03515625 0.03046875
1 0.0765625 0.42578125 0.021875 0.0171875
1 0.03046875 0.36171875 0.03515625 0.03046875
1 0.18828125 0.56328125 0.03515625 0.03046875
1 0.37265625 0.38828125 0.0265625 0.03046875
1 0.2609375 0.7125 0.03046875 0.03046875
1 0.18828125 0.70625 0.0265625 0.0265625
1 0.69921875 0.71953125 0.021875 0.0265625
1 0.80703125 0.71953125 0.0265625 0.0265625
1 0.88125 0.71484375 0.0265625 0.03515625
1 0.7984375 0.30078125 0.03515625 0.03984375
1 0.08984375 0.45625 0.01328125 0.0171875
1 0.14453125 0.4671875 0.0265625 0.021875
1 0.54375 0.4453125 0.0265625 0.03046875
1 0.70625 0.7875 0.0265625 0.03046875
1 0.30234375 0.8484375 0.0265625 0.021875