1 0.75234375 0.20390625 0.03984375 0.03984375
1 0.5484375 0.228125 0.04375 0.04375
1 0.2546875 0.2390625 0.03515625 0.03984375
1 0.46015625 0.36171875 0.03515625 0.03984375
1 0.9515625 0.234375 0.0265625 0.03984375
1 0.7171875 0.6203125 0.03046875 0.03984375
1 0.03515625 0.4078125 0.04375 0.03515625
1 0.88359375 0.6296875 0.03046875 0.03984375
1 0.54140625 0.51953125 0.0484375 0.03984375
1 0.18671875 0.434375 0.03984375 0.03515625
1 0.1140625 0.63828125 0.03515625 0.03984375
1 0.690625 0.771875 0.05703125 0.04375
1 0.46015625 0.83515625 0.03515625 0.03984375
1 0.50625 0.6296875 0.03046875 0.03046875
1 0.80703125 0.28984375 0.04375 0.04375