0 0.84453125 0.27890625 0.17890625 0.209375
0 0.8109375 0.3953125 0.16953125 0.1859375
0 0.64609375 0.19765625 0.1984375 0.13984375
0 0.63203125 0.33125 0.1890625 0.15078125
0 0.203125 0.3140625 0.17890625 0.1625
0 0.17421875 0.43046875 0.1984375 0.13984375
0 0.61328125 0.52890625 0.1890625 0.15078125
0 0.61796875 0.66875 0.16015625 0.128125
0 0.82578125 0.61640625 0.17890625 0.1859375
0 0.7734375 0.75 0.16953125 0.17421875
0 0.35390625 0.63984375 0.2171875 0.1859375
0 0.32109375 0.7671875 0.2078125 0.209375