0 0.81640625 0.25 0.10703125 0.15
0 0.77265625 0.34765625 0.13046875 0.1546875
0 0.5375 0.2 0.09453125 0.1203125
0 0.46640625 0.2203125 0.08671875 0.1296875
0 0.56328125 0.3 0.0828125 0.1296875
0 0.49375 0.325 0.09453125 0.1296875
0 0.25859375 0.36484375 0.13046875 0.1703125
0 0.18359375 0.43515625 0.12265625 0.1796875
0 0.290625 0.55 0.13046875 0.16015625
0 0.55546875 0.5328125 0.0828125 0.13515625
0 0.61875 0.5546875 0.0828125 0.15
0 0.575 0.69765625 0.0984375 0.1453125
0 0.5140625 0.6828125 0.07109375 0.13515625
0 0.71953125 0.62734375 0.08671875 0.13515625
0 0.77109375 0.63984375 0.08671875 0.1296875
0 0.715625 0.7671875 0.1578125 0.1546875
0 0.71328125 0.2125 0.10703125 0.125
0 0.69375 0.3375 0.10703125 0.125