0 0.29375 0.43828125 0.07734375 0.09296875
0 0.24140625 0.4921875 0.0421875 0.07734375
0 0.2703125 0.5125 0.05390625 0.07734375
0 0.378125 0.54375 0.06953125 0.10859375
0 0.3375 0.5953125 0.0734375 0.0875
0 0.353125 0.33984375 0.065625 0.103125
0 0.43046875 0.3734375 0.0734375 0.09765625
0 0.38984375 0.425 0.07734375 0.09765625
0 0.63125 0.37109375 0.08125 0.0828125
0 0.6625 0.47421875 0.08125 0.09296875
0 0.5734375 0.52578125 0.08125 0.09296875
0 0.58515625 0.45390625 0.0734375 0.0828125
0 0.696875 0.425 0.0578125 0.0875
0 0.63359375 0.5359375 0.06953125 0.0828125
0 0.71640625 0.60078125 0.065625 0.10859375
0 0.63515625 0.634375 0.0734375 0.0828125