1 0.6625 0.2671875 0.0265625 0.03515625
1 0.640625 0.28515625 0.03515625 0.04375
1 0.52421875 0.31171875 0.03984375 0.03515625
1 0.5875 0.31796875 0.0171875 0.021875
1 0.603125 0.3484375 0.03984375 0.03984375
1 0.58515625 0.23671875 0.021875 0.0265625
1 0.74375 0.4015625 0.03046875 0.03984375
1 0.79375 0.4453125 0.03515625 0.03984375
1 0.7328125 0.4453125 0.03515625 0.0484375
1 0.16875 0.63828125 0.0484375 0.0484375
1 0.21015625 0.6734375 0.04375 0.03984375
1 0.2546875 0.7015625 0.04375 0.04375
1 0.190625 0.5921875 0.03984375 0.04375
1 0.228125 0.53984375 0.04375 0.05234375
1 0.278125 0.515625 0.03046875 0.03984375
1 0.28046875 0.58125 0.04375 0.03984375
1 0.3375 0.62734375 0.04375 0.04375
1 0.434375 0.653125 0.04375 0.0265625
1 0.43828125 0.7015625 0.03515625 0.05234375
1 0.25859375 0.6359375 0.04375 0.04375
1 0.3484375 0.5703125 0.03984375 0.03515625
1 0.43203125 0.58515625 0.03984375 0.03984375
1 0.3921875 0.6515625 0.03984375 0.03984375
1 0.49375 0.609375 0.0484375 0.0265625
1 0.80234375 0.68828125 0.04375 0.03515625
1 0.778125 0.7328125 0.03984375 0.03515625
1 0.90546875 0.7453125 0.03984375 0.04375
1 0.85078125 0.73671875 0.03515625 0.04375
1 0.81796875 0.7765625 0.03984375 0.04375
1 0.86171875 0.79375 0.0484375 0.04375
1 0.853125 0.68671875 0.03046875 0.03046875
1 0.34453125 0.7015625 0.03046875 0.03515625
1 0.7828125 0.40546875 0.03984375 0.03046875
1 0.3859375 0.70390625 0.03515625 0.03984375