0 0.296875 0.36328125 0.0375 0.06328125
0 0.33671875 0.3578125 0.04140625 0.06328125
0 0.390625 0.40234375 0.0453125 0.0578125
0 0.41953125 0.46015625 0.03359375 0.0578125
0 0.3703125 0.515625 0.04921875 0.06328125
0 0.4 0.55234375 0.03359375 0.0421875
0 0.40390625 0.6265625 0.03359375 0.06328125
0 0.24453125 0.4 0.0453125 0.05234375
0 0.2296875 0.4578125 0.0375 0.05234375
0 0.23515625 0.55546875 0.04140625 0.06875
0 0.36640625 0.65546875 0.04140625 0.06875
0 0.26328125 0.665625 0.0296875 0.0578125
0 0.28984375 0.6765625 0.0296875 0.04765625
0 0.278125 0.50546875 0.0375 0.06328125
0 0.33046875 0.67890625 0.02265625 0.05234375
0 0.675 0.36875 0.03359375 0.06328125
0 0.63359375 0.3765625 0.04140625 0.04765625
0 0.60546875 0.4234375 0.0296875 0.0578125
0 0.584375 0.49453125 0.0265625 0.05234375
0 0.69921875 0.48125 0.0296875 0.04765625
0 0.71796875 0.5921875 0.0296875 0.04765625
0 0.6109375 0.5078125 0.0265625 0.04765625
0 0.575 0.56015625 0.0453125 0.04765625
0 0.57890625 0.58984375 0.0453125 0.0421875
0 0.55625 0.6078125 0.0296875 0.04765625
0 0.61484375 0.64453125 0.0265625 0.04765625
0 0.6375 0.6578125 0.0265625 0.0421875
0 0.59765625 0.6734375 0.0296875 0.0421875
0 0.6953125 0.66328125 0.0296875 0.05234375
0 0.703125 0.41328125 0.0296875 0.04765625