0 0.44140625 0.08515625 0.0703125 0.07109375
0 0.44296875 0.15 0.0734375 0.06640625
0 0.44296875 0.22890625 0.0796875 0.08359375
0 0.1703125 0.2625 0.0734375 0.08359375
0 0.146875 0.30390625 0.0796875 0.09140625
0 0.28828125 0.59765625 0.0765625 0.10390625
0 0.3546875 0.64375 0.05 0.07109375
0 0.38515625 0.66015625 0.04296875 0.07109375
0 0.34296875 0.71640625 0.053125 0.06640625
0 0.33828125 0.75390625 0.05703125 0.06640625
0 0.403125 0.72890625 0.06015625 0.05
0 0.3984375 0.77890625 0.06328125 0.05859375
0 0.2765625 0.8 0.06015625 0.075
0 0.2546875 0.82265625 0.05703125 0.07109375
0 0.775 0.71015625 0.0703125 0.09609375
0 0.73359375 0.74765625 0.0734375 0.10390625