0 0.09765625 0.8578125 0.0375 0.03671875
0 0.63515625 0.7125 0.05234375 0.0515625
0 0.53359375 0.7 0.03984375 0.05703125
0 0.49765625 0.67421875 0.03984375 0.04921875
0 0.4328125 0.7703125 0.04140625 0.04921875
0 0.4140625 0.721875 0.04609375 0.0515625
0 0.459375 0.67265625 0.04140625 0.06171875
0 0.0765625 0.93125 0.04140625 0.0546875
0 0.30078125 0.8515625 0.04375 0.059375
0 0.16953125 0.81953125 0.04375 0.0546875
0 0.35 0.68046875 0.02734375 0.0515625
0 0.41484375 0.58984375 0.04765625 0.0640625
0 0.42421875 0.66328125 0.03359375 0.05703125
0 0.46015625 0.60703125 0.03984375 0.04921875
0 0.53203125 0.58515625 0.05390625 0.0640625
0 0.93046875 0.675 0.04375 0.05703125
0 0.97890625 0.375 0.04140625 0.06875
0 0.73984375 0.334375 0.05 0.05703125
0 0.7265625 0.38671875 0.04765625 0.06171875
0 0.72890625 0.4953125 0.05234375 0.05703125
0 0.6515625 0.375 0.03515625 0.04921875
0 0.6671875 0.41953125 0.04609375 0.04921875
0 0.6484375 0.45546875 0.04140625 0.0515625
0 0.625 0.53125 0.03984375 0.059375
0 0.31171875 0.13125 0.04140625 0.059375
0 0.20234375 0.30234375 0.04765625 0.06171875
0 0.17578125 0.44296875 0.05234375 0.05703125
0 0.1390625 0.56640625 0.05 0.05703125
0 0.13515625 0.62109375 0.05859375 0.0515625
0 0.1375 0.675 0.05390625 0.06171875
0 0.115625 0.72734375 0.05234375 0.05703125
0 0.1375 0.76796875 0.05390625 0.0546875
0 0.1578125 0.70625 0.04609375 0.0640625
0 0.2609375 0.66640625 0.03984375 0.0546875
0 0.36484375 0.63671875 0.03984375 0.0546875
0 0.33125 0.63984375 0.04765625 0.04921875
0 0.3765625 0.51328125 0.04140625 0.059375
0 0.409375 0.49140625 0.04609375 0.04921875
0 0.28515625 0.36875 0.05390625 0.06171875
0 0.45390625 0.46640625 0.04765625 0.0640625
0 0.528125 0.40703125 0.04140625 0.04921875
0 0.56953125 0.3828125 0.04609375 0.0640625
0 0.54375 0.49609375 0.03984375 0.0546875
0 0.2234375 0.521875 0.03515625 0.06640625
0 0.3453125 0.3703125 0.04140625 0.059375
0 0.3328125 0.75078125 0.04609375 0.059375
0 0.26015625 0.7125 0.05 0.06171875