10 0.1971153846153846 0.11658653846153846 0.3942307692307692 0.23317307692307693
10 0.25961538461538464 0.21995192307692307 0.5192307692307693 0.43990384615384615
10 0.25961538461538464 0.2704326923076923 0.5192307692307693 0.5168269230769231
11 0.8533653846153846 0.44471153846153844 0.21634615384615385 0.16826923076923078
11 0.8681444917548016 0.304472910794415 0.12730776098810567 0.13876251087191868
11 0.8739713736234767 0.22552392843347546 0.14137418394029366 0.11908569999619321
11 0.8990384615384616 0.10817307692307693 0.11538461538461539 0.21634615384615385
10 0.13942307692307693 0.6694711538461539 0.27884615384615385 0.28125
10 0.35216346153846156 0.8088942307692307 0.33413461538461536 0.25240384615384615
10 0.46153846153846156 0.7764423076923077 0.11538461538461539 0.23076923076923078
10 0.40625 0.9302884615384616 0.22596153846153846 0.13942307692307693
10 0.18269230769230768 0.890625 0.25 0.21875
10 0.3954326923076923 0.6274038461538461 0.24759615384615385 0.1971153846153846
10 0.22355769230769232 0.5625 0.34615384615384615 0.0673076923076923
10 0.8822115384615384 0.6887019230769231 0.23557692307692307 0.31971153846153844
10 0.9266826923076923 0.7644230769230769 0.1466346153846154 0.47115384615384615