6 0.296875 0.2091346153846154 0.5600961538461539 0.4182692307692308
6 0.07932692307692307 0.22716346153846154 0.15865384615384615 0.38221153846153844
20 0.7079326923076923 0.1346153846153846 0.11778846153846154 0.15865384615384615
20 0.9002725662243324 0.11761391732896384 0.18574033540615284 0.1618637318918477
20 0.7091346153846154 0.2776442307692308 0.1201923076923077 0.16105769230769232
20 0.9302884615384616 0.3004807692307692 0.13942307692307693 0.15384615384615385
20 0.8277532821451005 0.28818817931748614 0.13149995489153754 0.14769849400510537
20 0.9483173076923077 0.17067307692307693 0.10336538461538461 0.16346153846153846
20 0.811595985714612 0.13889796203486754 0.08229103694363551 0.15284794393051754
0 0.5733173076923077 0.9254807692307693 0.15144230769230768 0.14903846153846154
0 0.5733173076923077 0.6911057692307693 0.15144230769230768 0.2860576923076923
0 0.35697115384615385 0.8701923076923077 0.18028846153846154 0.25961538461538464
0 0.42487129547566016 0.7501821097613914 0.16037492208538304 0.25395025661730347
0 0.3605769230769231 0.49038461538461536 0.19230769230769232 0.14423076923076922
0 0.10817307692307693 0.9302884615384616 0.13942307692307693 0.13942307692307693
0 0.18870192307692307 0.9242788461538461 0.13701923076923078 0.15144230769230768
0 0.07211538461538461 0.5600961538461539 0.14423076923076922 0.28365384615384615
0 0.14609422777013628 0.6479800424556003 0.2590017005337053 0.15833579795028668
23 0.8485576923076923 0.7091346153846154 0.30288461538461536 0.5817307692307693