11 0.40865384615384615 0.14543269230769232 0.32211538461538464 0.17548076923076922
11 0.43990384615384615 0.055288461538461536 0.25961538461538464 0.11057692307692307
11 0.15523410058510156 0.12783287587631506 0.29479366565881043 0.13612864884914075
11 0.20577165444594006 0.2351457873401889 0.3706267046344746 0.14706575112134956
11 0.23502170775594114 0.06272531656118215 0.21764681847671255 0.11555518231620095
2 0.6646634615384616 0.20072115384615385 0.18990384615384615 0.31490384615384615
0 0.30784783387601256 0.5379376710824271 0.14761529439845972 0.2933829420569544
0 0.46813715798363487 0.5724069936359691 0.18335131695880974 0.2663681006481161
0 0.21153846153846154 0.9266826923076923 0.1346153846153846 0.1466346153846154
0 0.359375 0.9615384615384616 0.18509615384615385 0.07692307692307693
0 0.11954003494831812 0.8850444143378535 0.13309347592174703 0.18137331980429777
0 0.078125 0.9362980769230769 0.0985576923076923 0.12740384615384615
0 0.23456018159671063 0.7483940041238666 0.20072199591146786 0.10684800574288958
0 0.3461160995568499 0.8305984921366117 0.18066691591587322 0.13894327484892358
25 0.7848557692307693 0.7632211538461539 0.43028846153846156 0.46875