19 0.14903846153846154 0.0733173076923077 0.2980769230769231 0.1466346153846154
19 0.47716346153846156 0.10817307692307693 0.19951923076923078 0.21634615384615385
19 0.5084134615384616 0.2644230769230769 0.2668269230769231 0.2692307692307692
19 0.6899038461538461 0.27163461538461536 0.32211538461538464 0.2548076923076923
19 0.6935096153846154 0.10096153846153846 0.41586538461538464 0.20192307692307693
19 0.7894813919925029 0.14940934278650475 0.20751386511457207 0.1905083562129992
24 0.21394230769230768 0.5024038461538461 0.16826923076923078 0.20673076923076922
24 0.1475965896058914 0.6568997877353719 0.24146221862650283 0.2900499562775472
24 0.2692307692307692 0.734375 0.057692307692307696 0.16105769230769232
24 0.6430288461538461 0.5721153846153846 0.4495192307692308 0.34615384615384615
24 0.9086538461538461 0.6646634615384616 0.18269230769230768 0.18509615384615385
24 0.8701923076923077 0.4579326923076923 0.16826923076923078 0.11778846153846154