16 0.3954326923076923 0.2247596153846154 0.2091346153846154 0.4495192307692308
15 0.9002403846153846 0.39302884615384615 0.1658653846153846 0.11298076923076923
15 0.8564146540703403 0.28835446168699236 0.10281880141385603 0.08493277856661571
15 0.7932692307692307 0.11778846153846154 0.14423076923076922 0.23557692307692307
15 0.5709134615384616 0.2764423076923077 0.14182692307692307 0.14903846153846154
15 0.5805288461538461 0.1141826923076923 0.16105769230769232 0.13221153846153846
15 0.6322115384615384 0.038461538461538464 0.18269230769230768 0.07692307692307693
17 0.3137019230769231 0.7415865384615384 0.37259615384615385 0.5168269230769231
16 0.6983173076923077 0.7055288461538461 0.39663461538461536 0.5120192307692307
16 0.8016826923076923 0.8485576923076923 0.39663461538461536 0.30288461538461536
16 0.8004807692307693 0.6033653846153846 0.39903846153846156 0.3076923076923077