24 0.036057692307692304 0.18509615384615385 0.07211538461538461 0.1346153846153846
24 0.10462081929182035 0.27757188646630593 0.174121115881535 0.19834129021589403
24 0.0853559246386703 0.44829392026697007 0.15256352322741898 0.19777719511018516
24 0.2167345121674208 0.481065154061666 0.194122112417299 0.2119303149252422
24 0.3165568511798294 0.41733905009507366 0.18213332225913675 0.23008185082218063
24 0.38175633155862343 0.2658234062694265 0.09293134816991802 0.10682368811514345
24 0.5116087635800904 0.3313408995048176 0.1732272837266098 0.20305087040232905
24 0.43248062567794104 0.416333747992831 0.13160781331459284 0.15063243636824808
24 0.48998660489252516 0.48413219927289286 0.09989567693159583 0.14086998275401896
24 0.3968670858392272 0.5581850503255062 0.1526566874662809 0.16191572704500737
24 0.039663461538461536 0.6959134615384616 0.07932692307692307 0.08413461538461539
24 0.09735576923076923 0.7091346153846154 0.10336538461538461 0.057692307692307696
19 0.7512019230769231 0.3245192307692308 0.22355769230769232 0.6490384615384616
14 0.38822115384615385 0.78125 0.5024038461538461 0.08653846153846154
14 0.5841346153846154 0.8521634615384616 0.11057692307692307 0.18028846153846154
14 0.43028846153846156 0.875 0.3701923076923077 0.25
24 0.6694711538461539 0.8737980769230769 0.06009615384615385 0.12259615384615384