23 0.25600961538461536 0.16105769230769232 0.1658653846153846 0.32211538461538464
23 0.10336538461538461 0.23197115384615385 0.20673076923076922 0.3918269230769231
10 0.6658653846153846 0.27163461538461536 0.6538461538461539 0.3125
10 0.6490384615384616 0.17908653846153846 0.6201923076923077 0.33413461538461536
10 0.5036057692307693 0.06490384615384616 0.3293269230769231 0.12980769230769232
10 0.9278846153846154 0.1658653846153846 0.14423076923076922 0.3076923076923077
10 0.8545673076923077 0.3581730769230769 0.29086538461538464 0.125
12 0.20673076923076922 0.5096153846153846 0.2644230769230769 0.16346153846153846
12 0.19471153846153846 0.6862980769230769 0.28846153846153844 0.4014423076923077
10 0.5132211538461539 0.6550480769230769 0.3004807692307692 0.4543269230769231
10 0.6129807692307693 0.6370192307692307 0.3076923076923077 0.4182692307692308
10 0.7584134615384616 0.4879807692307692 0.1658653846153846 0.1201923076923077
10 0.890625 0.49399038461538464 0.21875 0.13221153846153846
10 0.9206730769230769 0.8269230769230769 0.15865384615384615 0.34615384615384615
10 0.6141826923076923 0.8665865384615384 0.3004807692307692 0.2668269230769231
10 0.7932692307692307 0.9290865384615384 0.14903846153846154 0.14182692307692307
10 0.421875 0.7980769230769231 0.11298076923076923 0.40384615384615385