16 0.12740384615384615 0.5132211538461539 0.2548076923076923 0.11298076923076923
16 0.038461538461538464 0.375 0.07692307692307693 0.3894230769230769
16 0.16826923076923078 0.3545673076923077 0.33653846153846156 0.31490384615384615
16 0.6495039329937489 0.23905171783513746 0.25035870291319146 0.2666834919073181
16 0.6129807692307693 0.45552884615384615 0.2403846153846154 0.2283653846153846
16 0.7849396624388016 0.3621690468807692 0.1666018362370204 0.2721092084646624
16 0.7740384615384616 0.5180288461538461 0.16346153846153846 0.10336538461538461
16 0.5652395718341748 0.3408623487378263 0.17706810009375765 0.2284082819235033
16 0.5697115384615384 0.5456730769230769 0.21634615384615385 0.04807692307692308
16 0.18990384615384615 0.7848557692307693 0.3798076923076923 0.43028846153846156
15 0.6105769230769231 0.7848557692307693 0.46153846153846156 0.43028846153846156
15 0.734375 0.8425480769230769 0.2956730769230769 0.31490384615384615
15 0.7271634615384616 0.9314903846153846 0.29086538461538464 0.13701923076923078