22 0.0733173076923077 0.1971153846153846 0.1466346153846154 0.3942307692307692
22 0.21514423076923078 0.20552884615384615 0.4254807692307692 0.4110576923076923
22 0.21394230769230768 0.44711538461538464 0.42788461538461536 0.14423076923076922
3 0.8185096153846154 0.6826923076923077 0.25721153846153844 0.11057692307692307
3 0.9026442307692307 0.5841346153846154 0.19471153846153846 0.3076923076923077
3 0.6310096153846154 0.6778846153846154 0.23317307692307693 0.1201923076923077
3 0.5324519230769231 0.647395204320223 0.10096153846153846 0.14722199243283668
3 0.6201923076923077 0.4870289764642136 0.20552884615384615 0.34855150107893434
3 0.5132211538461539 0.470824393355049 0.16466346153846154 0.2834099070722367
3 0.7548076923076923 0.47062080706658505 0.18509615384615385 0.37487493484481615
3 0.9086538461538461 0.3161057692307692 0.18269230769230768 0.21875
3 0.7151442307692307 0.2148419469509138 0.21394230769230768 0.24643698762782454
3 0.8834134615384616 0.1466346153846154 0.23317307692307693 0.25
3 0.7776442307692307 0.06490384615384616 0.1658653846153846 0.12980769230769232
3 0.6490384615384616 0.10104384675812841 0.18990384615384615 0.19942213594967662
3 0.5576923076923077 0.26864259082739833 0.16466346153846154 0.16562144553377514
14 0.25961538461538464 0.8689903846153846 0.33653846153846156 0.2620192307692308
17 0.7139423076923077 0.8689903846153846 0.5721153846153846 0.2620192307692308