19 0.20552884615384615 0.2644230769230769 0.3629807692307692 0.20673076923076922
2 0.9651442307692307 0.29086538461538464 0.06971153846153846 0.15384615384615385
2 0.8401442307692307 0.2536057692307692 0.2283653846153846 0.2283653846153846
2 0.6213942307692307 0.25240384615384615 0.2764423076923077 0.23076923076923078
2 0.9399038461538461 0.14182692307692307 0.1201923076923077 0.16826923076923078
2 0.8125 0.1045673076923077 0.20673076923076922 0.2091346153846154
2 0.6129807692307693 0.08173076923076923 0.27403846153846156 0.16346153846153846
8 0.23317307692307693 0.8858173076923077 0.41346153846153844 0.2283653846153846
8 0.2589012748494415 0.5687941995050505 0.3534238533760818 0.34140704501341534
8 0.078125 0.7596153846153846 0.15625 0.40384615384615385
8 0.7199519230769231 0.6430288461538461 0.5600961538461539 0.5504807692307693