23 0.3233173076923077 0.5240384615384616 0.2860576923076923 0.11057692307692307
23 0.45381629287023506 0.4192311867686511 0.22617569669646598 0.3008522548583979
23 0.30640789272959934 0.28997055099480246 0.25046441337277403 0.2818896475469431
23 0.5 0.14543269230769232 0.2548076923076923 0.29086538461538464
23 0.3125 0.09254807692307693 0.1875 0.18509615384615385
23 0.4807692307692308 0.039663461538461536 0.25961538461538464 0.07932692307692307
12 0.8894230769230769 0.2439903846153846 0.22115384615384615 0.4879807692307692
3 0.46033653846153844 0.8377403846153846 0.5697115384615384 0.3245192307692308
22 0.19110576923076922 0.7692307692307693 0.38221153846153844 0.3798076923076923
14 0.7223557692307693 0.6322115384615384 0.11298076923076923 0.10576923076923077
14 0.7572115384615384 0.7788461538461539 0.04326923076923077 0.11538461538461539
18 0.8894230769230769 0.7896634615384616 0.22115384615384615 0.4206730769230769