24 0.07572115384615384 0.30649038461538464 0.15144230769230768 0.20432692307692307
24 0.19471153846153846 0.25 0.23557692307692307 0.3173076923076923
24 0.3629807692307692 0.29447115384615385 0.15384615384615385 0.2283653846153846
19 0.47716346153846156 0.18509615384615385 0.07451923076923077 0.23076923076923078
19 0.5072115384615384 0.04567307692307692 0.1346153846153846 0.09134615384615384
19 0.6081730769230769 0.05048076923076923 0.15384615384615385 0.10096153846153846
19 0.78125 0.21514423076923078 0.15384615384615385 0.3870192307692308
24 0.17427884615384615 0.6526442307692307 0.3485576923076923 0.4254807692307692
24 0.05889423076923077 0.8521634615384616 0.11778846153846154 0.2956730769230769
24 0.33788547780075473 0.7144059102837645 0.12863351543914994 0.25870740117006774
24 0.9206730769230769 0.8317307692307693 0.15865384615384615 0.33653846153846156
24 0.6983173076923077 0.7091346153846154 0.5168269230769231 0.5817307692307693
24 0.7548076923076923 0.4891826923076923 0.49038461538461536 0.16105769230769232
24 0.47716346153846156 0.5805288461538461 0.07451923076923077 0.34375