10 0.12740384615384615 0.08052884615384616 0.2548076923076923 0.16105769230769232
10 0.28966346153846156 0.03485576923076923 0.23798076923076922 0.06971153846153846
10 0.5600961538461539 0.06850961538461539 0.17307692307692307 0.13701923076923078
10 0.6141826923076923 0.1045673076923077 0.12740384615384615 0.2091346153846154
18 0.859375 0.1346153846153846 0.28125 0.2692307692307692
12 0.6213942307692307 0.3329326923076923 0.15625 0.12740384615384615
12 0.5194875695572652 0.4501125669536338 0.23446194002756415 0.1788435377367517
12 0.5551566257001606 0.5854945454209415 0.24321210734674173 0.24558023482948682
12 0.2283653846153846 0.3473557692307692 0.2932692307692308 0.15625
12 0.16226464007986136 0.4705261884286331 0.3180930041496796 0.16456974740840394
12 0.16478239639236142 0.57869926535171 0.2742093267764425 0.18591941020833283
12 0.14194786780892135 0.6842728974839749 0.27051963233525655 0.18199817704658072
12 0.2743302715084407 0.8352809659968669 0.5303867925818911 0.21552888776965717
12 0.3329326923076923 0.9567307692307693 0.4495192307692308 0.08653846153846154
23 0.859375 0.6418269230769231 0.28125 0.7163461538461539