2 0.24879807692307693 0.4543269230769231 0.4206730769230769 0.20673076923076922
2 0.30288461538461536 0.12980769230769232 0.3125 0.25961538461538464
10 0.8529377190509078 0.4725134143158779 0.17154231397548095 0.15337567986371028
10 0.6418269230769231 0.453125 0.36538461538461536 0.2091346153846154
10 0.953125 0.4110576923076923 0.09375 0.18269230769230768
10 0.8763357687933223 0.3466578650026252 0.17478440729444464 0.13802390871793266
10 0.65625 0.3425480769230769 0.3942307692307692 0.31490384615384615
19 0.17668269230769232 0.9302884615384616 0.35336538461538464 0.13942307692307693
19 0.2956730769230769 0.7584134615384616 0.3269230769230769 0.3293269230769231
19 0.38822115384615385 0.921875 0.14182692307692307 0.15625
19 0.10216346153846154 0.8401442307692307 0.20432692307692307 0.31971153846153844
19 0.06610576923076923 0.6454326923076923 0.13221153846153846 0.14182692307692307
19 0.31009615384615385 0.7487980769230769 0.2980769230769231 0.31009615384615385
19 0.8137019230769231 0.7788461538461539 0.37259615384615385 0.4423076923076923