9 0.2091346153846154 0.31490384615384615 0.41346153846153844 0.6298076923076923
9 0.12740384615384615 0.4875094677569201 0.12379807692307693 0.12884436719629294
9 0.12139423076923077 0.34441069339712993 0.09975961538461539 0.1417858082186706
9 0.08173076923076923 0.4040453210840533 0.10697115384615384 0.07816779898888052
9 0.028846153846153848 0.34975961538461536 0.057692307692307696 0.14182692307692307
9 0.015625 0.23317307692307693 0.03125 0.08653846153846154
9 0.056490384615384616 0.15985576923076922 0.11298076923076923 0.13701923076923078
18 0.6634615384615384 0.09134615384615384 0.21153846153846154 0.18269230769230768
18 0.6887019230769231 0.34415979392104556 0.25961538461538464 0.35758820618908926
18 0.8377403846153846 0.2389228595823033 0.2644230769230769 0.23865376413845987
18 0.8882211538461539 0.48677884615384615 0.22355769230769232 0.2283653846153846
18 0.6706730769230769 0.5144230769230769 0.1971153846153846 0.23076923076923078
18 0.5841346153846154 0.31490384615384615 0.052884615384615384 0.25961538461538464
18 0.7223557692307693 0.5961538461538461 0.3293269230769231 0.0673076923076923
1 0.27884615384615385 0.8149038461538461 0.5576923076923077 0.3701923076923077
23 0.7788461538461539 0.6706730769230769 0.4423076923076923 0.08173076923076923
23 0.6935096153846154 0.7463942307692307 0.27163461538461536 0.23317307692307693