24 0.2795575898682163 0.15818925173197476 0.24343691284690186 0.3053857801953873
24 0.38461538461538464 0.1310096153846154 0.14903846153846154 0.2620192307692308
19 0.7055288461538461 0.18990384615384615 0.3581730769230769 0.3798076923076923
24 0.2742972717430559 0.4436822538357095 0.11670044862019242 0.1174937284425237
24 0.18988391059610077 0.49031167598344183 0.11172490589166675 0.10988974149595603
24 0.22650210924562006 0.5631875783131329 0.11700817439172016 0.13071488228867756
24 0.7632211538461539 0.44711538461538464 0.10336538461538461 0.1346153846153846
24 0.6141826923076923 0.46875 0.23798076923076922 0.1778846153846154
24 0.7434119525939107 0.5487658899526363 0.1254775860704595 0.133805513291325
24 0.7895895857185368 0.6184530491584226 0.0603779144256411 0.12009399720496748
24 0.6477636675806628 0.6818110838957379 0.11843389802975433 0.14042837902531957
24 0.7631213128341886 0.7229712016070601 0.1173159001632479 0.14393603613483139
24 0.6797710043525113 0.8152737006778694 0.14311578618141033 0.1700348522196971
24 0.5661188334384086 0.7956500862299051 0.13805631824246808 0.15882509604236006
24 0.6214312502908123 0.5852156340131921 0.09095651274230782 0.09379875851150442
24 0.5378271562997867 0.5631392165337944 0.09931402414049154 0.09208169720645944
24 0.5314838499516029 0.6527683090749036 0.13397497281933768 0.13809806737089567
24 0.49158653846153844 0.7319711538461539 0.06490384615384616 0.10336538461538461
24 0.4807692307692308 0.43028846153846156 0.04326923076923077 0.10096153846153846
24 0.5 0.5024038461538461 0.08173076923076923 0.10096153846153846
24 0.4855769230769231 0.578125 0.052884615384615384 0.08413461538461539
24 0.48197115384615385 0.9110576923076923 0.04567307692307692 0.1346153846153846
24 0.5300480769230769 0.9855769230769231 0.12259615384615384 0.028846153846153848
24 0.6802884615384616 0.9495192307692307 0.1201923076923077 0.10096153846153846
24 0.7932832999159195 0.8288876997412183 0.06264188522879266 0.11428060606286677