16 0.21995192307692307 0.34615384615384615 0.43990384615384615 0.5240384615384616
8 0.8341346153846154 0.3954326923076923 0.3317307692307692 0.4254807692307692
8 0.6826923076923077 0.2932692307692308 0.22596153846153846 0.5576923076923077
8 0.1814903846153846 0.7475961538461539 0.3629807692307692 0.27884615384615385
1 0.3628362034701411 0.9183857006302083 0.11167351307453242 0.10158387842929692
1 0.24116538429323542 0.9647790136957473 0.04179071928463279 0.0459038321920211
1 0.1446163609430101 0.9052282813943704 0.08218192689415282 0.06175958746096528
1 0.22318920467904613 0.9143891480557742 0.044530448240505865 0.05312935582137421
1 0.26891826206912756 0.9153253529442161 0.047856315136252686 0.047140718188481076
8 0.6802884615384616 0.6766826923076923 0.22115384615384615 0.13701923076923078
8 0.7848557692307693 0.9362980769230769 0.43028846153846156 0.12740384615384615
8 0.6899038461538461 0.8269230769230769 0.2403846153846154 0.28365384615384615