12 0.3449519230769231 0.4098557692307692 0.2764423076923077 0.25721153846153844
12 0.234375 0.20072115384615385 0.4495192307692308 0.4014423076923077
4 0.8389423076923077 0.3942307692307692 0.32211538461538464 0.28846153846153844
4 0.9035102310298603 0.2316361032751602 0.17693787838133146 0.17238732454930555
4 0.779722886801998 0.1305365203571884 0.15106745733898783 0.1611294443047232
4 0.8425480769230769 0.06129807692307692 0.18990384615384615 0.12259615384615384
23 0.6370192307692307 0.7704326923076923 0.08173076923076923 0.2956730769230769
23 0.41176109750778234 0.7859534178355093 0.4031664571869539 0.32522310189546827
23 0.1201923076923077 0.8257211538461539 0.2403846153846154 0.3485576923076923
12 0.8185096153846154 0.8088942307692307 0.28125 0.33413461538461536
12 0.7596153846153846 0.8978365384615384 0.16346153846153846 0.20432692307692307