20 0.12379807692307693 0.3161057692307692 0.24759615384615385 0.30528846153846156
20 0.44711538461538464 0.04567307692307692 0.2403846153846154 0.09134615384615384
20 0.5408653846153846 0.14302884615384615 0.23557692307692307 0.1658653846153846
20 0.4659858171918162 0.17468745720856796 0.22457392880386406 0.2476653900225488
20 0.4100502524529253 0.19861064388567284 0.23692934616897732 0.2530328870002861
20 0.4305170113933578 0.3370293863300162 0.18851623649617202 0.2459859760124135
20 0.2624241105970332 0.2749376410868335 0.1557110935069965 0.3079525046121969
20 0.8942307692307693 0.234375 0.21153846153846154 0.46875
7 0.15745192307692307 0.8413461538461539 0.31490384615384615 0.3173076923076923
7 0.31784771873357565 0.9297914433390685 0.10729854380063103 0.12959039829436955
7 0.39783653846153844 0.9699519230769231 0.09375 0.06009615384615385
7 0.021634615384615384 0.6478365384615384 0.04326923076923077 0.0985576923076923
7 0.05969407385055092 0.6898644353235797 0.06634087586131088 0.07497038843261436
7 0.10952773988089078 0.7187139030970809 0.07475433739977241 0.07536225170164593
7 0.10697115384615384 0.49759615384615385 0.21394230769230768 0.057692307692307696
7 0.8834134615384616 0.71875 0.23317307692307693 0.5