25 0.3119103354420415 0.27515100649637053 0.3137253105022607 0.3439354632847546
25 0.37259615384615385 0.4338942307692308 0.32211538461538464 0.2091346153846154
25 0.5288461538461539 0.09375 0.25961538461538464 0.1875
25 0.5576923076923077 0.23197115384615385 0.20192307692307693 0.21394230769230768
25 0.5829326923076923 0.3713942307692308 0.15144230769230768 0.2091346153846154
25 0.5997596153846154 0.46875 0.11778846153846154 0.13942307692307693
12 0.8870192307692307 0.33774038461538464 0.22596153846153846 0.38221153846153844
18 0.037259615384615384 0.7608173076923077 0.07451923076923077 0.10336538461538461
18 0.17751416576234347 0.7691353078195777 0.16402543520116453 0.08327717969422657
18 0.3164221044572986 0.7751361101432016 0.14813067645922745 0.06499657779622335
18 0.45567353475969585 0.755854568560748 0.15107404009694775 0.10105427010391566
18 0.36778846153846156 0.6394230769230769 0.5817307692307693 0.20192307692307693
7 0.9459134615384616 0.7944711538461539 0.10817307692307693 0.4110576923076923