15 0.4026442307692308 0.056490384615384616 0.13701923076923078 0.11298076923076923
15 0.21875 0.08533653846153846 0.27884615384615385 0.17067307692307693
15 0.19317481414355225 0.18432916781283368 0.34605901199028577 0.1752137205020305
15 0.22235576923076922 0.30528846153846156 0.44471153846153844 0.22596153846153846
15 0.14182692307692307 0.5144230769230769 0.28365384615384615 0.23076923076923078
15 0.22716346153846154 0.5913461538461539 0.29086538461538464 0.07692307692307693
15 0.3004807692307692 0.49399038461538464 0.1971153846153846 0.27163461538461536
15 0.41586538461538464 0.44711538461538464 0.24519230769230768 0.22596153846153846
15 0.4723557692307692 0.21634615384615385 0.13221153846153846 0.35096153846153844
15 0.5048076923076923 0.5072115384615384 0.0673076923076923 0.19230769230769232
15 0.5132211538461539 0.08173076923076923 0.05048076923076923 0.16346153846153846
16 0.6334134615384616 0.375 0.18990384615384615 0.47596153846153844
16 0.7211538461538461 0.15985576923076922 0.36538461538461536 0.31971153846153844
14 0.1622596153846154 0.8617788461538461 0.3245192307692308 0.2764423076923077
14 0.1466346153846154 0.7848557692307693 0.2932692307692308 0.31009615384615385
14 0.15985576923076922 0.7043269230769231 0.31971153846153844 0.14903846153846154
3 0.8978365384615384 0.9651442307692307 0.20432692307692307 0.06971153846153846
3 0.9399038461538461 0.8233173076923077 0.1201923076923077 0.24278846153846154
3 0.8329326923076923 0.9026442307692307 0.17548076923076922 0.19471153846153846
3 0.8990384615384616 0.7175480769230769 0.20192307692307693 0.17548076923076922
3 0.6862980769230769 0.9350961538461539 0.1466346153846154 0.12980769230769232
3 0.7607614010657737 0.7913537314047352 0.16780066782758085 0.20377367792539328
3 0.8653846153846154 0.6646634615384616 0.2692307692307692 0.06971153846153846