17 0.2848557692307692 0.18629807692307693 0.3870192307692308 0.3245192307692308
3 0.8774038461538461 0.2824519230769231 0.24519230769230768 0.13221153846153846
3 0.9350961538461539 0.18629807692307693 0.12980769230769232 0.3245192307692308
3 0.7007211538461539 0.27403846153846156 0.23798076923076922 0.14903846153846154
3 0.59918918768235 0.22697615158409526 0.10476493756141704 0.15439262168156084
3 0.6838942307692307 0.125 0.21394230769230768 0.25
3 0.5745192307692307 0.09735576923076923 0.17307692307692307 0.19471153846153846
3 0.8197115384615384 0.12740384615384615 0.19230769230769232 0.2548076923076923
17 0.10096153846153846 0.7608173076923077 0.20192307692307693 0.2956730769230769
17 0.21495206043774984 0.634262868348846 0.15356125187229572 0.12933098580488364
22 0.8040865384615384 0.5444711538461539 0.3918269230769231 0.3918269230769231