19 0.13942307692307693 0.4098557692307692 0.27884615384615385 0.47836538461538464
19 0.25961538461538464 0.22716346153846154 0.4807692307692308 0.4543269230769231
24 0.6358173076923077 0.17908653846153846 0.23317307692307693 0.3581730769230769
24 0.8353365384615384 0.16706730769230768 0.3293269230769231 0.33413461538461536
24 0.7007211538461539 0.453125 0.3629807692307692 0.37740384615384615
24 0.20793269230769232 0.7764423076923077 0.31009615384615385 0.2548076923076923
24 0.4230769230769231 0.7139423076923077 0.19230769230769232 0.12980769230769232
24 0.5540865384615384 0.8846153846153846 0.06971153846153846 0.15865384615384615
24 0.6927570547598995 0.9096316692137989 0.15280253626936996 0.1473986365075452
24 0.8622282086060533 0.9017384233661636 0.16558275928020988 0.13960096010613327
24 0.9651442307692307 0.8834134615384616 0.06971153846153846 0.14182692307692307
24 0.6932184288337819 0.8264750550380887 0.11694914674859574 0.0809833177445774
24 0.8040524231976693 0.8032400254528234 0.08816087221213045 0.10362226760792617
24 0.9066091578810406 0.73701566743335 0.10479882493106164 0.10080022491522009
24 0.734375 0.6850961538461539 0.1466346153846154 0.07211538461538461
24 0.8088942307692307 0.6730769230769231 0.07932692307692307 0.04807692307692308