0 0.36899038461538464 0.16346153846153846 0.07932692307692307 0.21634615384615385
0 0.11132261455175275 0.2709904338246164 0.1966627661039557 0.31708560617929954
0 0.20797532289766243 0.369659169196505 0.27879470653898825 0.16665026465258576
0 0.19471153846153846 0.05889423076923077 0.19230769230769232 0.11778846153846154
12 0.6923076923076923 0.03245192307692308 0.41346153846153844 0.06490384615384616
12 0.735422581155426 0.1256382871028007 0.5036813496556513 0.21492467083678007
12 0.6799648933138781 0.3270727086495835 0.40609363552370503 0.16452697338782968
12 0.665232700528876 0.5232239260882549 0.2001101483036321 0.14651042874454406
10 0.11057692307692307 0.7439903846153846 0.22115384615384615 0.29086538461538464
25 0.7043269230769231 0.7355769230769231 0.5913461538461539 0.27403846153846156
25 0.671875 0.9254807692307693 0.5264423076923077 0.14903846153846154