22 0.1310096153846154 0.7319711538461539 0.2620192307692308 0.11298076923076923
22 0.0673076923076923 0.53125 0.1346153846153846 0.3894230769230769
22 0.1971153846153846 0.6310096153846154 0.20192307692307693 0.31490384615384615
22 0.265625 0.5396634615384616 0.06490384615384616 0.2620192307692308
22 0.17424750661021243 0.39568286278262355 0.18490203900013868 0.19947834429209402
22 0.2403846153846154 0.33774038461538464 0.11538461538461539 0.20432692307692307
22 0.09375 0.21153846153846154 0.1875 0.3894230769230769
22 0.2023829189516794 0.14820757836548878 0.11836355695783059 0.2620566668403509
22 0.10576923076923077 0.03365384615384615 0.21153846153846154 0.0673076923076923
14 0.8329326923076923 0.34134615384615385 0.33413461538461536 0.5192307692307693
17 0.17307692307692307 0.8942307692307693 0.25 0.21153846153846154
17 0.9627403846153846 0.8233173076923077 0.07451923076923077 0.06971153846153846
17 0.5697115384615384 0.8353365384615384 0.3557692307692308 0.09375
17 0.796875 0.9591346153846154 0.2764423076923077 0.08173076923076923
17 0.8569711538461539 0.8942307692307693 0.2091346153846154 0.21153846153846154