18 0.31009615384615385 0.45072115384615385 0.15384615384615385 0.0985576923076923
18 0.3713942307692308 0.3485576923076923 0.21394230769230768 0.1875
18 0.10096153846153846 0.46274038461538464 0.20192307692307693 0.07451923076923077
18 0.07572115384615384 0.35336538461538464 0.15144230769230768 0.22596153846153846
18 0.19799590596538508 0.388369600818508 0.1370219605380449 0.20750694604449046
18 0.16214528034234268 0.19346926259146985 0.24662773663685547 0.22136442502621742
18 0.25841346153846156 0.057692307692307696 0.18509615384615385 0.11538461538461539
18 0.3600220154823757 0.16938265432080593 0.19169592906928315 0.2414754584741695
18 0.4483173076923077 0.24639423076923078 0.06009615384615385 0.27163461538461536
18 0.421875 0.078125 0.11298076923076923 0.15625
18 0.8545673076923077 0.25 0.29086538461538464 0.5
10 0.23918269230769232 0.75 0.47836538461538464 0.5
10 0.5745192307692307 0.7680288461538461 0.19230769230769232 0.3389423076923077
10 0.7307692307692307 0.9471153846153846 0.39903846153846156 0.10576923076923077
10 0.9007520854101412 0.8704752164692013 0.07507351460922908 0.1698907088805977