11 0.23918269230769232 0.4951923076923077 0.28125 0.18269230769230768
11 0.19951923076923078 0.36177884615384615 0.3605769230769231 0.19471153846153846
11 0.1778846153846154 0.23677884615384615 0.3557692307692308 0.20432692307692307
11 0.04326923076923077 0.5528846153846154 0.08653846153846154 0.2980769230769231
11 0.20965585375707255 0.6467471907540051 0.33446406818341257 0.2729085057957559
21 0.4567307692307692 0.2644230769230769 0.15384615384615385 0.5192307692307693
21 0.8028846153846154 0.29447115384615385 0.3942307692307692 0.49759615384615385
21 0.5625 0.3425480769230769 0.36538461538461536 0.46875
2 0.29874580706658505 0.8644886270978845 0.13523772458314307 0.11088806149364644
2 0.24639423076923078 0.9483173076923077 0.12259615384615384 0.10336538461538461
2 0.21219336036030872 0.8643744611926283 0.09901920284558066 0.08219465903312304
2 0.11814967183619793 0.9121273840260368 0.1305908617053209 0.13839240270403808
2 0.5432692307692307 0.9747596153846154 0.1875 0.05048076923076923
2 0.49399038461538464 0.9038461538461539 0.17548076923076922 0.19230769230769232