19 0.4326923076923077 0.06971153846153846 0.49038461538461536 0.13942307692307693
19 0.5036057692307693 0.44711538461538464 0.3918269230769231 0.24519230769230768
11 0.8497596153846154 0.25 0.3004807692307692 0.5
11 0.8497596153846154 0.484375 0.3004807692307692 0.17067307692307693
19 0.28966346153846156 0.8641826923076923 0.3293269230769231 0.27163461538461536
19 0.47716346153846156 0.7632211538461539 0.40625 0.3870192307692308
19 0.6045673076923077 0.8221153846153846 0.18990384615384615 0.3557692307692308
19 0.47475961538461536 0.9519230769230769 0.21875 0.09615384615384616
2 0.8365384615384616 0.6502403846153846 0.27403846153846156 0.16105769230769232
2 0.7788461538461539 0.8040865384615384 0.15865384615384615 0.3918269230769231
2 0.8497596153846154 0.953125 0.3004807692307692 0.09375