10 0.17427884615384615 0.14783653846153846 0.3485576923076923 0.2956730769230769
10 0.24759615384615385 0.19951923076923078 0.20192307692307693 0.39903846153846156
18 0.5856812837546479 0.4238909996424137 0.2402507696682161 0.32039158836182813
18 0.6550480769230769 0.640625 0.19951923076923078 0.17548076923076922
18 0.7860576923076923 0.6418269230769231 0.16346153846153846 0.17307692307692307
18 0.7420721640443915 0.4924253250519243 0.16969897416346177 0.2278605447551213
18 0.8546612822932164 0.48349878697823445 0.18297708308894245 0.28278754970636544
18 0.799340825928419 0.2720361354137784 0.18708539864316265 0.25307565937917076
18 0.6529579861750536 0.27259975193167707 0.19295513867708344 0.24748627723940822
14 0.9241429905593486 0.1691662340508122 0.11474420358856846 0.13522018450810874
14 0.9543269230769231 0.09014423076923077 0.09134615384615384 0.12740384615384615
23 0.31009615384615385 0.8641826923076923 0.07692307692307693 0.27163461538461536
4 0.7536057692307693 0.8641826923076923 0.43990384615384615 0.27163461538461536