15 0.35697115384615385 0.036057692307692304 0.28125 0.07211538461538461
15 0.24845296578199366 0.12026567646543883 0.2894624781459889 0.14293289041505533
15 0.2620192307692308 0.2704326923076923 0.32211538461538464 0.15625
15 0.13341346153846154 0.29447115384615385 0.21394230769230768 0.10817307692307693
15 0.5168269230769231 0.23197115384615385 0.0625 0.17548076923076922
3 0.8100961538461539 0.17427884615384615 0.3798076923076923 0.3485576923076923
16 0.15504807692307693 0.5192307692307693 0.31009615384615385 0.34134615384615385
16 0.4723557692307692 0.49038461538461536 0.15144230769230768 0.28365384615384615
16 0.3581730769230769 0.6790865384615384 0.3798076923076923 0.5456730769230769
16 0.3269230769230769 0.42427884615384615 0.4423076923076923 0.15144230769230768
16 0.7692307692307693 0.6442307692307693 0.4423076923076923 0.5913461538461539