20 0.2536057692307692 0.2776442307692308 0.2091346153846154 0.4831730769230769
0 0.9603365384615384 0.40625 0.07932692307692307 0.22596153846153846
0 0.8221153846153846 0.41586538461538464 0.1875 0.20673076923076922
0 0.6837748612374436 0.28781275536178935 0.17980448372798735 0.20209061025457806
0 0.9495192307692307 0.1778846153846154 0.10096153846153846 0.19230769230769232
0 0.8491634942236831 0.24180293187639018 0.1847649274213101 0.1664531511917386
0 0.8663915885048693 0.09187346386555273 0.15358487220072967 0.16667178447235015
0 0.5913461538461539 0.42908653846153844 0.19230769230769232 0.18028846153846154
0 0.7403846153846154 0.04927884615384615 0.15384615384615385 0.0985576923076923
0 0.6784940303912705 0.10632237074640472 0.13389946190373353 0.1497020380888211
0 0.5925480769230769 0.040865384615384616 0.1658653846153846 0.08173076923076923
0 0.5401201251594863 0.13263065177351147 0.11780695901071535 0.17376576961861778
0 0.4567307692307692 0.04567307692307692 0.10576923076923077 0.09134615384615384
0 0.37259615384615385 0.1141826923076923 0.028846153846153848 0.18509615384615385
0 0.4412476813444062 0.11492151886561738 0.11947638498065662 0.14869347830117427
17 0.17908653846153846 0.5697115384615384 0.3581730769230769 0.10096153846153846
17 0.17908653846153846 0.8329326923076923 0.3581730769230769 0.33413461538461536
17 0.2808379895237433 0.6852878372361104 0.10339674391442986 0.13197587186455698
20 0.9098557692307693 0.7548076923076923 0.18028846153846154 0.40384615384615385
20 0.8485576923076923 0.9038461538461539 0.30288461538461536 0.19230769230769232
20 0.7746663740173705 0.7090659221526951 0.20143548602193834 0.3271493869122135
20 0.8353365384615384 0.5552884615384616 0.28125 0.07211538461538461