7 0.19831730769230768 0.16947115384615385 0.37259615384615385 0.3389423076923077
24 0.6358173076923077 0.21754807692307693 0.31490384615384615 0.24278846153846154
11 0.18870192307692307 0.3858173076923077 0.37740384615384615 0.09375
11 0.14423076923076922 0.38822115384615385 0.28846153846153844 0.0985576923076923
11 0.16706730769230768 0.42908653846153844 0.33413461538461536 0.18028846153846154
11 0.2741632506372049 0.44237657218618265 0.2730098662172924 0.20090566488390535
11 0.2372643881850037 0.5537668689983448 0.3541806030685427 0.19509695202482702
11 0.27984431117505026 0.643377628367359 0.28688476503129523 0.17158533403188705
11 0.2138892827343754 0.7525056871568601 0.38016844524010635 0.12678492523840118
11 0.21680574418596044 0.8439638019370229 0.41153474479409596 0.17139768721574017
11 0.19471153846153846 0.9375 0.3894230769230769 0.125
11 0.06490384615384616 0.9723557692307693 0.12980769230769232 0.055288461538461536
11 0.6814903846153846 0.4579326923076923 0.40625 0.23798076923076922
11 0.6978809428363016 0.5051334551787243 0.2550273155699961 0.24202130463713636