5 0.41572014306362814 0.17370801662756524 0.2403644389880425 0.21008450555224117
5 0.4230769230769231 0.38822115384615385 0.2980769230769231 0.18028846153846154
5 0.7115384615384616 0.3701923076923077 0.052884615384615384 0.21634615384615385
5 0.6983173076923077 0.1045673076923077 0.07932692307692307 0.2091346153846154
5 0.15625 0.07091346153846154 0.17307692307692307 0.14182692307692307
5 0.1992419314783831 0.3639322499342616 0.1898207365021068 0.19779835749212374
5 0.4423076923076923 0.04927884615384615 0.1971153846153846 0.0985576923076923
5 0.6082236277207276 0.20176628042785064 0.17706109319384128 0.27674058428223963
5 0.1466346153846154 0.43990384615384615 0.15865384615384615 0.07692307692307693
9 0.8689903846153846 0.25961538461538464 0.2620192307692308 0.4375
5 0.6658653846153846 0.5661057692307693 0.14423076923076922 0.11778846153846154
5 0.8137019230769231 0.8918269230769231 0.15144230769230768 0.21634615384615385
8 0.7920673076923077 0.7704326923076923 0.10817307692307693 0.35336538461538464
8 0.9014423076923077 0.6790865384615384 0.1971153846153846 0.19471153846153846