24 0.34264856813345096 0.46720905834265464 0.21667743505108453 0.20411625691829535
24 0.6730806603694499 0.46701809759916013 0.1307571567222391 0.1450211236235274
24 0.770582719419115 0.43778670833867 0.11440354644431275 0.1346779929370843
24 0.6814903846153846 0.5396634615384616 0.11298076923076923 0.0985576923076923
24 0.6838276619688628 0.32519117452223717 0.14283160102562484 0.17792089043648657
24 0.7746094267312791 0.3209762480091136 0.08872571178051708 0.11192376821237869
24 0.7063206654832842 0.18752982534612836 0.12336346569121905 0.14228139466765433
24 0.5442210130680277 0.40070811191550615 0.10742937408641098 0.16908591843181744
24 0.5432692307692307 0.5264423076923077 0.125 0.125
24 0.5797379253003817 0.09117176273939744 0.1271513874914698 0.144853182222514
24 0.6502403846153846 0.03485576923076923 0.09375 0.06971153846153846
2 0.16706730769230768 0.8786057692307693 0.33413461538461536 0.24278846153846154
24 0.734375 0.7944711538461539 0.53125 0.4110576923076923