25 0.3545673076923077 0.12379807692307693 0.3870192307692308 0.24759615384615385
25 0.1045673076923077 0.1045673076923077 0.2091346153846154 0.2091346153846154
7 0.8088942307692307 0.06370192307692307 0.3004807692307692 0.12740384615384615
7 0.7884615384615384 0.4170673076923077 0.4230769230769231 0.22355769230769232
7 0.8966346153846154 0.2512019230769231 0.20673076923076922 0.3245192307692308
25 0.13581730769230768 0.7644230769230769 0.27163461538461536 0.47115384615384615
20 0.6069711538461539 0.6862980769230769 0.11778846153846154 0.2956730769230769
20 0.9254807692307693 0.7692307692307693 0.14903846153846154 0.1346153846153846
20 0.7948423233488697 0.7043140236654373 0.2239679582851538 0.1555091763685033
20 0.9086538461538461 0.6274038461538461 0.18269230769230768 0.1201923076923077
20 0.6538461538461539 0.828125 0.21153846153846154 0.31490384615384615
20 0.9435096153846154 0.9230769230769231 0.11298076923076923 0.15384615384615385
20 0.7908653846153846 0.9182692307692307 0.2548076923076923 0.16346153846153846