14 0.12860576923076922 0.08052884615384616 0.2091346153846154 0.16105769230769232
14 0.34975961538461536 0.09735576923076923 0.2283653846153846 0.19471153846153846
14 0.356452901281857 0.19662777375117743 0.18862580600909104 0.2022425682373183
14 0.1201837123981014 0.32659032989944525 0.09090642241513709 0.13520815040995324
14 0.18266892587513725 0.5327579805328219 0.11020711748498038 0.14812306865125618
14 0.21995192307692307 0.6778846153846154 0.11298076923076923 0.1201923076923077
2 0.825585890686465 0.5757605646764203 0.15119137602679084 0.17045909683710156
2 0.9350961538461539 0.609375 0.12980769230769232 0.1658653846153846
2 0.7456793845003773 0.47254010211956843 0.15585222407242774 0.14544263408973498
2 0.9222571880494587 0.4823398196237522 0.14888542604764823 0.18717405898001574
2 0.6814903846153846 0.3088942307692308 0.1658653846153846 0.2091346153846154
2 0.8486050376847452 0.3367721470395701 0.17412581066303284 0.18834964878711047
2 0.9651442307692307 0.29927884615384615 0.06971153846153846 0.18509615384615385
2 0.6346153846153846 0.16346153846153846 0.07211538461538461 0.1778846153846154
2 0.7885726184489074 0.12207907393372294 0.18126742328549733 0.1766663008199066
2 0.9338942307692307 0.12139423076923077 0.13221153846153846 0.21394230769230768
2 0.3762019230769231 0.9026442307692307 0.31009615384615385 0.19471153846153846