10 0.3038448122207804 0.41726158403805386 0.52295346343734 0.2722424013451124
10 0.3485576923076923 0.5552884615384616 0.5721153846153846 0.14903846153846154
10 0.2521581001568913 0.20971260863877442 0.42833724120208355 0.2850080862858225
10 0.3935953821299683 0.29868470903742017 0.24712459740998938 0.19053596528305283
10 0.41466346153846156 0.5324519230769231 0.4495192307692308 0.19471153846153846
11 0.8329326923076923 0.27884615384615385 0.33413461538461536 0.5576923076923077
10 0.328125 0.6983173076923077 0.1658653846153846 0.13701923076923078
10 0.21634615384615385 0.6995192307692307 0.13942307692307693 0.13942307692307693
10 0.41225961538461536 0.6983173076923077 0.2091346153846154 0.13701923076923078
10 0.8197115384615384 0.9242788461538461 0.3605769230769231 0.15144230769230768
10 0.8197115384615384 0.8149038461538461 0.3605769230769231 0.3701923076923077