13 0.3173076923076923 0.25961538461538464 0.32211538461538464 0.25961538461538464
22 0.9158653846153846 0.28725961538461536 0.16826923076923078 0.20432692307692307
11 0.6670673076923077 0.28966346153846156 0.31490384615384615 0.19951923076923078
11 0.875 0.109375 0.25 0.21875
13 0.29927884615384615 0.6586538461538461 0.4206730769230769 0.5384615384615384
13 0.43990384615384615 0.48197115384615385 0.13942307692307693 0.18509615384615385
13 0.6754807692307693 0.6947115384615384 0.3317307692307692 0.6105769230769231
13 0.9663461538461539 0.6911057692307693 0.0673076923076923 0.6033653846153846
13 0.8353365384615384 0.8810096153846154 0.3293269230769231 0.23798076923076922
13 0.8329326923076923 0.4495192307692308 0.33413461538461536 0.1201923076923077
14 0.8632087498163603 0.697077360154754 0.26821150155461465 0.12520085018621813
14 0.9867788461538461 0.8149038461538461 0.026442307692307692 0.09615384615384616
14 0.96875 0.47115384615384615 0.0625 0.09615384615384616
14 0.8211817149169909 0.4948755374693372 0.07542829744650306 0.07985945434861122
14 0.9163853795353124 0.5143001223129803 0.08885923591048886 0.0981960262739851