12 0.21394230769230768 0.2127403846153846 0.42788461538461536 0.4254807692307692
12 0.6911057692307693 0.36778846153846156 0.5264423076923077 0.28365384615384615
12 0.6646634615384616 0.16466346153846154 0.4735576923076923 0.3293269230769231
23 0.3293269230769231 0.6995192307692307 0.1971153846153846 0.3798076923076923
23 0.30288461538461536 0.9495192307692307 0.25 0.10096153846153846
23 0.25721153846153844 0.8677884615384616 0.21634615384615385 0.2644230769230769
23 0.16105769230769232 0.8954326923076923 0.15865384615384615 0.2091346153846154
23 0.6947115384615384 0.9230769230769231 0.4423076923076923 0.15384615384615385
23 0.9146634615384616 0.8389423076923077 0.17067307692307693 0.32211538461538464
23 0.7127403846153846 0.6947115384615384 0.43990384615384615 0.3701923076923077
23 0.8798076923076923 0.6454326923076923 0.2403846153846154 0.27163461538461536