24 0.4987980769230769 0.234375 0.16105769230769232 0.46875
24 0.3485576923076923 0.05889423076923077 0.44711538461538464 0.11778846153846154
24 0.4098557692307692 0.37740384615384615 0.3389423076923077 0.18269230769230768
24 0.27524038461538464 0.29927884615384615 0.4206730769230769 0.3389423076923077
24 0.109375 0.14543269230769232 0.21875 0.29086538461538464
24 0.12860576923076922 0.36778846153846156 0.25721153846153844 0.20192307692307693
24 0.8269230769230769 0.22716346153846154 0.34615384615384615 0.4543269230769231
24 0.6706730769230769 0.140625 0.18269230769230768 0.28125
24 0.1875 0.9110576923076923 0.28846153846153844 0.1778846153846154
24 0.1141826923076923 0.7175480769230769 0.2283653846153846 0.33413461538461536
24 0.43256763763495154 0.6441603924324184 0.15301336406497348 0.21556028635508334
24 0.34440701977471416 0.6527229922658458 0.1477436951711628 0.1230471818217162
24 0.2980769230769231 0.5324519230769231 0.22115384615384615 0.12740384615384615
24 0.7091346153846154 0.6959134615384616 0.25961538461538464 0.2764423076923077
24 0.9278846153846154 0.7427884615384616 0.14423076923076922 0.20673076923076922
24 0.9579326923076923 0.9591346153846154 0.08413461538461539 0.08173076923076923
24 0.7884615384615384 0.953125 0.22596153846153846 0.09375
24 0.6370192307692307 0.9206730769230769 0.11538461538461539 0.15865384615384615