18 0.32211538461538464 0.2548076923076923 0.4326923076923077 0.5096153846153846
10 0.7692307692307693 0.40865384615384615 0.46153846153846156 0.20192307692307693
10 0.6959134615384616 0.3269230769230769 0.31490384615384615 0.19230769230769232
10 0.6995192307692307 0.19230769230769232 0.32211538461538464 0.25
10 0.4639423076923077 0.8521634615384616 0.14903846153846154 0.2956730769230769
10 0.4651442307692308 0.7043269230769231 0.1466346153846154 0.375
10 0.24639423076923078 0.9735576923076923 0.15144230769230768 0.052884615384615384
10 0.06370192307692307 0.9495192307692307 0.12740384615384615 0.10096153846153846
10 0.12209252241815172 0.753085553539943 0.15056093223443262 0.16159779156260407
10 0.33298620390720496 0.6406778446886091 0.12485841123605113 0.15321066329397104
10 0.010817307692307692 0.6177884615384616 0.021634615384615384 0.12980769230769232
12 0.7524038461538461 0.7548076923076923 0.42788461538461536 0.49038461538461536