24 0.234375 0.19951923076923078 0.46875 0.39903846153846156
20 0.7850088047215825 0.19540933578547648 0.3696694666095516 0.3447385462089122
20 0.9591346153846154 0.14903846153846154 0.08173076923076923 0.22115384615384615
20 0.6033653846153846 0.23677884615384615 0.11057692307692307 0.3245192307692308
20 0.6959134615384616 0.35697115384615385 0.2956730769230769 0.08413461538461539
7 0.3245192307692308 0.5745192307692307 0.44711538461538464 0.3173076923076923
7 0.3401442307692308 0.5276442307692307 0.41586538461538464 0.25721153846153844
7 0.32572115384615385 0.4963942307692308 0.44471153846153844 0.19471153846153846
7 0.21232621945454924 0.5803165908610657 0.3692289338233856 0.26901739236275835
7 0.45072115384615385 0.8257211538461539 0.19471153846153846 0.17067307692307693
10 0.8329326923076923 0.8329326923076923 0.22355769230769232 0.33413461538461536