8 0.20192307692307693 0.25 0.2932692307692308 0.5
15 0.4098557692307692 0.46274038461538464 0.12259615384615384 0.07451923076923077
15 0.4050480769230769 0.4014423076923077 0.11298076923076923 0.14903846153846154
15 0.43835129108842297 0.2191486855552888 0.13390896393758103 0.21548194148899583
15 0.5432692307692307 0.484375 0.1971153846153846 0.03125
15 0.5192307692307693 0.4254807692307692 0.12980769230769232 0.14903846153846154
15 0.828125 0.47596153846153844 0.16105769230769232 0.04807692307692308
15 0.7762365461144269 0.27276668239781043 0.14701969071542464 0.15099772138723302
15 0.72424334279365 0.3233303718999471 0.09360654899765727 0.12695825490972232
15 0.6359192183109583 0.3766605785286864 0.14556247015957197 0.13176695215646378
15 0.7182172154420183 0.22807072305149628 0.1317396450708184 0.09185171498675225
15 0.6604531822485392 0.164116019404274 0.11804517842566781 0.10113139876047023
6 0.0733173076923077 0.8834134615384616 0.1466346153846154 0.23317307692307693
15 0.8497596153846154 0.9134615384615384 0.14182692307692307 0.17307692307692307
15 0.7463942307692307 0.8966346153846154 0.1466346153846154 0.20673076923076922
15 0.6466346153846154 0.8353365384615384 0.15865384615384615 0.3293269230769231
15 0.5576923076923077 0.75 0.15865384615384615 0.5
15 0.4639423076923077 0.8293269230769231 0.23076923076923078 0.34134615384615385
15 0.43028846153846156 0.65625 0.16346153846153846 0.3125