21 0.125 0.48677884615384615 0.25 0.31490384615384615
21 0.056490384615384616 0.5 0.11298076923076923 0.16346153846153846
21 0.18509615384615385 0.46875 0.3269230769230769 0.34134615384615385
21 0.24759615384615385 0.4639423076923077 0.20192307692307693 0.20192307692307693
21 0.1875 0.3737980769230769 0.32211538461538464 0.31971153846153844
14 0.9087279846863604 0.41809201210609753 0.16351916515692175 0.2124754677820529
14 0.6310096153846154 0.5408653846153846 0.3485576923076923 0.21634615384615385
14 0.7345042390319555 0.3205412518810706 0.37674988927922853 0.35913885485744734
14 0.5543836051877595 0.3360132163902572 0.28755584004552237 0.33698678826368444
14 0.5901442307692307 0.11658653846153846 0.37259615384615385 0.23317307692307693
14 0.20793269230769232 0.7596153846153846 0.28125 0.22115384615384615
11 0.9555288461538461 0.7463942307692307 0.0889423076923077 0.19471153846153846
11 0.8545673076923077 0.75 0.18028846153846154 0.20192307692307693
11 0.7079326923076923 0.7475961538461539 0.18028846153846154 0.1971153846153846
11 0.5733173076923077 0.7608173076923077 0.17067307692307693 0.22355769230769232