3 0.2848557692307692 0.19471153846153846 0.5697115384615384 0.3894230769230769
3 0.8810096153846154 0.3701923076923077 0.23317307692307693 0.038461538461538464
3 0.9543269230769231 0.3425480769230769 0.09134615384615384 0.09375
3 0.9050480769230769 0.054086538461538464 0.18990384615384615 0.10817307692307693
3 0.9579326923076923 0.0889423076923077 0.08413461538461539 0.1778846153846154
3 0.90625 0.2439903846153846 0.1875 0.2620192307692308
3 0.7127389823522712 0.269753764540549 0.23079598656898717 0.21306077176823487
24 0.7253098289320484 0.1111698631661224 0.286100589615811 0.17747983108968768
24 0.6298076923076923 0.038461538461538464 0.1201923076923077 0.07692307692307693
24 0.5961538461538461 0.15985576923076922 0.052884615384615384 0.18028846153846154
14 0.1201923076923077 0.8173076923076923 0.2403846153846154 0.17307692307692307
14 0.33821541783797426 0.8505531410759464 0.22119674346196483 0.17559132204536082
14 0.19110576923076922 0.6346153846153846 0.38221153846153844 0.3076923076923077
14 0.43807881175284547 0.6451384608273563 0.19496752004713708 0.30919250735916254
14 0.5048076923076923 0.7403846153846154 0.12980769230769232 0.3701923076923077
3 0.7295673076923077 0.49759615384615385 0.31971153846153844 0.21634615384615385
3 0.6658653846153846 0.7524038461538461 0.19230769230769232 0.4951923076923077