3 0.3389423076923077 0.054086538461538464 0.39903846153846156 0.10817307692307693
3 0.20432692307692307 0.17427884615384615 0.3557692307692308 0.3485576923076923
3 0.7692307692307693 0.1346153846153846 0.46153846153846156 0.2692307692307692
3 0.6033653846153846 0.2127403846153846 0.12980769230769232 0.35336538461538464
15 0.02283653846153846 0.9290865384615384 0.04567307692307692 0.10336538461538461
15 0.28365384615384615 0.9867788461538461 0.11057692307692307 0.026442307692307692
15 0.16851196194903809 0.8690001599300032 0.12449946355464753 0.13482601129853072
15 0.08164282426415576 0.6260866696861564 0.14630092442104717 0.0906205846349642
15 0.04567307692307692 0.5588942307692307 0.09134615384615384 0.07932692307692307
15 0.125 0.5324519230769231 0.1778846153846154 0.026442307692307692
15 0.23677884615384615 0.5324519230769231 0.11778846153846154 0.026442307692307692
15 0.3619396620013352 0.767016827596368 0.11916024491431625 0.11193353027223701
15 0.4044286056238245 0.6451610706679067 0.09241021145048095 0.09840469231992949
15 0.41670061696335464 0.5825351998972075 0.10733583469700883 0.06853842873230703
15 0.4110576923076923 0.9110576923076923 0.14423076923076922 0.1778846153846154
15 0.6838942307692307 0.5853365384615384 0.29086538461538464 0.13221153846153846
15 0.7620192307692307 0.8088942307692307 0.35096153846153844 0.38221153846153844
15 0.9182692307692307 0.609375 0.16346153846153846 0.18028846153846154