4 0.22856299742047959 0.24794126498723712 0.3028342699444479 0.38695293830982835
4 0.11899038461538461 0.49759615384615385 0.23798076923076922 0.20192307692307693
4 0.07932692307692307 0.15985576923076922 0.15865384615384615 0.31971153846153844
4 0.3798076923076923 0.07932692307692307 0.13942307692307693 0.15865384615384615
4 0.20432692307692307 0.04927884615384615 0.40865384615384615 0.0985576923076923
4 0.2283653846153846 0.5697115384615384 0.3701923076923077 0.1201923076923077
4 0.6935096153846154 0.31490384615384615 0.4879807692307692 0.6298076923076923
4 0.2247596153846154 0.7872596153846154 0.4495192307692308 0.31490384615384615
4 0.09975961538461539 0.8822115384615384 0.19951923076923078 0.23557692307692307
18 0.8281511645504983 0.773469905099843 0.29169844499869907 0.2799398251729816
18 0.5420673076923077 0.7620192307692307 0.18509615384615385 0.25
18 0.46875 0.765625 0.038461538461538464 0.19951923076923078