11 0.025240384615384616 0.31490384615384615 0.05048076923076923 0.22115384615384615
11 0.14050032994264397 0.34572481643137726 0.25873205485153383 0.24940921640693722
11 0.3282189632232554 0.3802896003961109 0.253394812658683 0.2589197027955898
11 0.5396634615384616 0.40024038461538464 0.19951923076923078 0.29086538461538464
11 0.8197115384615384 0.2283653846153846 0.3605769230769231 0.4567307692307692
11 0.9495192307692307 0.5372596153846154 0.10096153846153846 0.16105769230769232
11 0.7475961538461539 0.5444711538461539 0.11538461538461539 0.1466346153846154
11 0.38018786211059946 0.8298325405795024 0.2988827629674485 0.3257387799681371
11 0.15384615384615385 0.8629807692307693 0.2403846153846154 0.27403846153846156
10 0.7223557692307693 0.8088942307692307 0.1658653846153846 0.38221153846153844
10 0.8112980769230769 0.7536057692307693 0.34375 0.27163461538461536