7 0.20793269230769232 0.25 0.41586538461538464 0.1971153846153846
7 0.23557692307692307 0.09975961538461539 0.47115384615384615 0.19951923076923078
25 0.24879807692307693 0.8966346153846154 0.29086538461538464 0.20673076923076922
25 0.21486083635790842 0.7733384479075884 0.29968727905961556 0.2785318554541998
25 0.17772312368934473 0.614074464169748 0.2942901348847023 0.23992339315528957
25 0.14771132181813912 0.48279753348833904 0.24838982216625966 0.18166992249144484
25 0.11177884615384616 0.4182692307692308 0.22355769230769232 0.13942307692307693
25 0.05048076923076923 0.9423076923076923 0.10096153846153846 0.11538461538461539
25 0.03365384615384615 0.8545673076923077 0.0673076923076923 0.20432692307692307
25 0.026442307692307692 0.7223557692307693 0.052884615384615384 0.2091346153846154
25 0.018028846153846152 0.49278846153846156 0.036057692307692304 0.18269230769230768
0 0.7391826923076923 0.6478365384615384 0.5024038461538461 0.5985576923076923