7 0.30528846153846156 0.16826923076923078 0.40865384615384615 0.28846153846153844
7 0.4362980769230769 0.18509615384615385 0.1466346153846154 0.3701923076923077
7 0.4230769230769231 0.23918269230769232 0.17307692307692307 0.47836538461538464
7 0.32572115384615385 0.23918269230769232 0.18509615384615385 0.47836538461538464
18 0.7584134615384616 0.11658653846153846 0.4735576923076923 0.23317307692307693
18 0.8786425805217488 0.269875072598999 0.2367135109676203 0.25025981665543695
18 0.6514423076923077 0.2536057692307692 0.28365384615384615 0.23798076923076922
18 0.6514423076923077 0.31971153846153844 0.28365384615384615 0.20673076923076922
7 0.2548076923076923 0.7379807692307693 0.5096153846153846 0.3317307692307692
7 0.7572115384615384 0.71875 0.27403846153846156 0.4807692307692308
7 0.7800480769230769 0.8076923076923077 0.43990384615384615 0.25961538461538464
7 0.7548076923076923 0.7776442307692307 0.49038461538461536 0.25721153846153844
7 0.7548076923076923 0.6466346153846154 0.49038461538461536 0.20673076923076922