6 0.6045673076923077 0.09495192307692307 0.18990384615384615 0.18990384615384615
6 0.5308088036931763 0.35243376824540174 0.1679992251485416 0.19206375322608282
7 0.27487429382895495 0.2204957419114013 0.35284362325053836 0.17871753422474512
7 0.28966346153846156 0.421875 0.31971153846153844 0.055288461538461536
7 0.40699310064811617 0.07668372635992651 0.14021422015406332 0.11498683945704312
7 0.2439903846153846 0.06971153846153846 0.11778846153846154 0.13942307692307693
0 0.8918269230769231 0.4110576923076923 0.21634615384615385 0.07692307692307693
0 0.8161057692307693 0.36177884615384615 0.17548076923076922 0.17548076923076922
0 0.7804013773706029 0.18666627980472075 0.1510613205527091 0.2544588644674718
0 0.8822115384615384 0.04927884615384615 0.15384615384615385 0.0985576923076923
0 0.5276442307692307 0.5564903846153846 0.34375 0.21394230769230768
0 0.8497596153846154 0.6394230769230769 0.3004807692307692 0.3798076923076923
0 0.8185096153846154 0.9266826923076923 0.23798076923076922 0.1466346153846154
0 0.8497596153846154 0.84375 0.3004807692307692 0.3125