14 0.23317307692307693 0.18389423076923078 0.4567307692307692 0.36778846153846156
21 0.7163461538461539 0.21995192307692307 0.33653846153846156 0.2956730769230769
21 0.9050480769230769 0.21754807692307693 0.18990384615384615 0.3004807692307692
21 0.7247596153846154 0.18269230769230768 0.35336538461538464 0.36538461538461536
11 0.297198382213546 0.6374620246944276 0.3048015334163687 0.2211528543234317
11 0.5144230769230769 0.5096153846153846 0.0673076923076923 0.15384615384615385
21 0.6274038461538461 0.8449519230769231 0.15865384615384615 0.31009615384615385
21 0.8269230769230769 0.8677884615384616 0.34615384615384615 0.2644230769230769
21 0.9771634615384616 0.8257211538461539 0.04567307692307692 0.3485576923076923
21 0.6875 0.515625 0.27884615384615385 0.2956730769230769
21 0.8605769230769231 0.5649038461538461 0.27884615384615385 0.35096153846153844