18 0.24519230769230768 0.4999902363669095 0.25600961538461536 0.4289911471642674
18 0.19471153846153846 0.18509615384615385 0.16346153846153846 0.3701923076923077
18 0.3473557692307692 0.14657549913921558 0.3088942307692308 0.24635813386631172
18 0.41466346153846156 0.3985084822145449 0.3137019230769231 0.3162935941958682
18 0.47836538461538464 0.6286057692307693 0.27884615384615385 0.19951923076923078
18 0.37259615384615385 0.036057692307692304 0.22596153846153846 0.07211538461538461
18 0.546875 0.20072115384615385 0.14182692307692307 0.4014423076923077
12 0.9423076923076923 0.3641826923076923 0.11538461538461539 0.7283653846153846
10 0.11177884615384616 0.8641826923076923 0.22355769230769232 0.27163461538461536
10 0.28966346153846156 0.8641826923076923 0.28125 0.27163461538461536
10 0.45072115384615385 0.8641826923076923 0.12740384615384615 0.27163461538461536
18 0.7175480769230769 0.9266826923076923 0.19951923076923078 0.1466346153846154