25 0.234375 0.28125 0.46875 0.5625
25 0.5637019230769231 0.3016826923076923 0.18990384615384615 0.40625
25 0.6598557692307693 0.09735576923076923 0.28125 0.19471153846153846
25 0.8148288444128404 0.24637183517430758 0.2405224776461862 0.2506124568850474
25 0.8930288461538461 0.06610576923076923 0.21394230769230768 0.13221153846153846
25 0.765625 0.0625 0.2091346153846154 0.125
25 0.2776442307692308 0.8293269230769231 0.24759615384615385 0.34134615384615385
25 0.234375 0.7463942307692307 0.46875 0.17548076923076922
25 0.0829326923076923 0.8737980769230769 0.1658653846153846 0.25240384615384615
25 0.09735576923076923 0.7836538461538461 0.19471153846153846 0.23076923076923078
25 0.08774038461538461 0.7163461538461539 0.17548076923076922 0.11538461538461539
0 0.9326923076923077 0.7932692307692307 0.1346153846153846 0.2692307692307692