24 0.037259615384615384 0.25240384615384615 0.07451923076923077 0.3942307692307692
24 0.5745192307692307 0.4326923076923077 0.11057692307692307 0.03365384615384615
24 0.671875 0.4110576923076923 0.12740384615384615 0.07692307692307693
24 0.7166101259451513 0.35437130213363 0.11093442055433819 0.10286745820392795
24 0.7329705641385499 0.2490428428765143 0.11251428434724477 0.11012797127792376
24 0.7235866967619194 0.15230130137318143 0.0891789357407038 0.07679450517677057
24 0.7293290192402861 0.08869732752117279 0.13060612062042137 0.11206451354170519
24 0.7151442307692307 0.030048076923076924 0.11778846153846154 0.06009615384615385
24 0.3954326923076923 0.39302884615384615 0.14182692307692307 0.11298076923076923
24 0.31850961538461536 0.28365384615384615 0.06009615384615385 0.14903846153846154
24 0.36658653846153844 0.15504807692307693 0.15625 0.15625
24 0.421875 0.04447115384615385 0.13701923076923078 0.0889423076923077
24 0.5264423076923077 0.028846153846153848 0.14423076923076922 0.057692307692307696
24 0.6260470679828004 0.1748256400689112 0.10340793149614669 0.09656399514456929
24 0.6449424433783484 0.09007679695685944 0.125546467835407 0.10706092278418403
24 0.5516214921907527 0.3079003694636144 0.11972582280878322 0.11042181895266705
24 0.4870649218950376 0.1607311234854116 0.13515674164114946 0.130240283532923
24 0.4242755253465951 0.2786216243922297 0.11333315589854219 0.12575297127792376
24 0.4987980769230769 0.3954326923076923 0.13221153846153846 0.10817307692307693
24 0.6617472628130776 0.27504846920014914 0.0855050655809617 0.09823322211155709
24 0.5315837334315957 0.09268472184741877 0.11593108322002224 0.10666912588452618
24 0.5422376248141222 0.21115882796028151 0.12485357652277046 0.09383976893803017
21 0.5600961538461539 0.7247596153846154 0.5432692307692307 0.5504807692307693