18 0.2776442307692308 0.2848557692307692 0.44471153846153844 0.5697115384615384
18 0.7091346153846154 0.2848557692307692 0.4182692307692308 0.5697115384615384
1 0.3016826923076923 0.6237980769230769 0.31009615384615385 0.10817307692307693
1 0.11538461538461539 0.7271634615384616 0.23076923076923078 0.17548076923076922
1 0.21957806606210922 0.8223857014662689 0.21545536918595415 0.1444679468081776
1 0.10697115384615384 0.9375 0.21394230769230768 0.125
10 0.5853365384615384 0.6153846153846154 0.09375 0.09134615384615384
10 0.6346153846153846 0.6430288461538461 0.0673076923076923 0.1466346153846154
10 0.7451923076923077 0.6262019230769231 0.07692307692307693 0.11298076923076923
10 0.7944711538461539 0.640625 0.08413461538461539 0.14182692307692307
10 0.8846153846153846 0.6225961538461539 0.09134615384615384 0.10576923076923077
10 0.9783653846153846 0.6298076923076923 0.04326923076923077 0.1201923076923077