20 0.5745192307692307 0.10697115384615384 0.16826923076923078 0.21394230769230768
20 0.5949519230769231 0.29447115384615385 0.12740384615384615 0.2283653846153846
20 0.5012019230769231 0.03125 0.31490384615384615 0.0625
25 0.8305288461538461 0.09495192307692307 0.13701923076923078 0.18990384615384615
25 0.8221153846153846 0.2764423076923077 0.15865384615384615 0.2644230769230769
25 0.7307692307692307 0.09735576923076923 0.14423076923076922 0.19471153846153846
25 0.7235576923076923 0.28725961538461536 0.12980769230769232 0.24278846153846154
7 0.4916920496898046 0.7000784631521649 0.21985321785230438 0.22026527290656098
7 0.1310096153846154 0.5456730769230769 0.2620192307692308 0.27403846153846156
7 0.32211538461538464 0.4675480769230769 0.13942307692307693 0.11778846153846154
7 0.3557692307692308 0.5865384615384616 0.1778846153846154 0.3557692307692308
7 0.48677884615384615 0.47596153846153844 0.09375 0.1346153846153846
7 0.5793269230769231 0.6117788461538461 0.15865384615384615 0.40625
7 0.7043269230769231 0.6754807692307693 0.09134615384615384 0.5336538461538461