0 0.3473557692307692 0.25841346153846156 0.4206730769230769 0.3389423076923077
0 0.27884615384615385 0.06129807692307692 0.5576923076923077 0.12259615384615384
0 0.8930288461538461 0.09014423076923077 0.21394230769230768 0.18028846153846154
0 0.7295673076923077 0.11899038461538461 0.3293269230769231 0.23798076923076922
0 0.8219938381972375 0.21563762382700127 0.35354658172578846 0.23035769602934517
25 0.4651442307692308 0.8725961538461539 0.18509615384615385 0.2548076923076923
25 0.45552884615384615 0.7295673076923077 0.20432692307692307 0.3918269230769231
25 0.359375 0.8245192307692307 0.2860576923076923 0.35096153846153844
7 0.7298573299583253 0.705369615818998 0.3058582079905493 0.18442831145739888
7 0.8055587783893459 0.829915150298254 0.14043403925650574 0.08129776910045468
7 0.8930288461538461 0.5060096153846154 0.21394230769230768 0.15625