24 0.08533653846153846 0.19831730769230768 0.17067307692307693 0.19951923076923078
19 0.6418269230769231 0.16706730769230768 0.5288461538461539 0.2620192307692308
24 0.07932692307692307 0.6153846153846154 0.15865384615384615 0.4326923076923077
24 0.11177884615384616 0.9134615384615384 0.22355769230769232 0.17307692307692307
24 0.1971153846153846 0.8112980769230769 0.2644230769230769 0.37740384615384615
19 0.7596153846153846 0.36177884615384615 0.23557692307692307 0.12740384615384615
19 0.5360576923076923 0.3425480769230769 0.25 0.0889423076923077
19 0.6091319992752132 0.5059808496754127 0.39512866889031284 0.34036934313068107
19 0.5366831699417369 0.7559973616424289 0.21018289168447238 0.31441544079610967
19 0.6021634615384616 0.9170673076923077 0.28125 0.1658653846153846
19 0.7920673076923077 0.9387019230769231 0.33413461538461536 0.12259615384615384
19 0.7393287087656688 0.6567332486569329 0.43746403842578235 0.5513254842101122
19 0.8675863226279904 0.8944974219759115 0.21617888646431582 0.19189243185940386