20 0.18990384615384615 0.3173076923076923 0.3798076923076923 0.5048076923076923
0 0.8689903846153846 0.027644230769230768 0.2620192307692308 0.055288461538461536
0 0.8689903846153846 0.38100961538461536 0.2620192307692308 0.37740384615384615
6 0.359375 0.9242788461538461 0.2860576923076923 0.15144230769230768
6 0.5649038461538461 0.6730769230769231 0.34615384615384615 0.20673076923076922
6 0.27403846153846156 0.6706730769230769 0.20673076923076922 0.20192307692307693
6 0.20428657028377753 0.8713065937473373 0.1083417002920039 0.24243194609137658
6 0.6189010837348873 0.8363202901865561 0.14413367441121522 0.19906955108328403
7 0.5432692307692307 0.8846153846153846 0.125 0.23076923076923078
7 0.5997596153846154 0.6081730769230769 0.06009615384615385 0.07692307692307693
15 0.40024038461538464 0.6346153846153846 0.18509615384615385 0.12980769230769232
15 0.6959134615384616 0.9278846153846154 0.08413461538461539 0.14423076923076922
15 0.30484953146259425 0.7963270690007658 0.0700471824890936 0.062159626061277444
25 0.8689903846153846 0.7848557692307693 0.2620192307692308 0.43028846153846156