16 0.08413461538461539 0.20432692307692307 0.16826923076923078 0.40865384615384615
16 0.6598557692307693 0.20432692307692307 0.6370192307692307 0.40865384615384615
15 0.046875 0.5865384615384616 0.09375 0.3557692307692308
15 0.38912524621374023 0.7862473606348132 0.2599500266157009 0.14104278113417862
15 0.4415261971345222 0.530191449743648 0.17329117361781735 0.10362057068902362
15 0.33052884615384615 0.45552884615384615 0.24278846153846154 0.0889423076923077
15 0.22235576923076922 0.7992788461538461 0.026442307692307692 0.12740384615384615
15 0.8221153846153846 0.9543269230769231 0.21634615384615385 0.09134615384615384
15 0.8132571685302147 0.7651417011193034 0.23725632184809178 0.2020726961379409
15 0.7309346138065165 0.7255708305939415 0.19335451126035935 0.1251733277557541
15 0.5953805312675603 0.6387393770200448 0.22234758894388498 0.13045919412508056
15 0.6463693987139671 0.5350476807083508 0.18030681362952683 0.09923290266597053
15 0.7453719526772168 0.5772442638003237 0.14375937519726223 0.08511355047354331
15 0.6754807692307693 0.4483173076923077 0.20673076923076922 0.07932692307692307
15 0.8137019230769231 0.42908653846153844 0.1466346153846154 0.040865384615384616