17 0.28846153846153844 0.296875 0.4230769230769231 0.38221153846153844
17 0.2860576923076923 0.29927884615384615 0.42788461538461536 0.5985576923076923
7 0.5685096153846154 0.44711538461538464 0.13701923076923078 0.30288461538461536
7 0.6742788461538461 0.3581730769230769 0.25240384615384615 0.4807692307692308
7 0.7487980769230769 0.41466346153846156 0.2956730769230769 0.36778846153846156
7 0.8004807692307693 0.45552884615384615 0.39903846153846156 0.2860576923076923
7 0.7139423076923077 0.3713942307692308 0.4182692307692308 0.4543269230769231
0 0.3798076923076923 0.7379807692307693 0.2403846153846154 0.27884615384615385
6 0.7462613899918806 0.7810026368529862 0.2651274783717952 0.3095556445318654
6 0.7139423076923077 0.9591346153846154 0.2932692307692308 0.08173076923076923
6 0.5673076923076923 0.9134615384615384 0.1346153846153846 0.17307692307692307
6 0.578125 0.6646634615384616 0.15625 0.13221153846153846
6 0.7091346153846154 0.625 0.2644230769230769 0.052884615384615384
6 0.84375 0.6778846153846154 0.1346153846153846 0.15865384615384615
6 0.8557692307692307 0.8834134615384616 0.125 0.23317307692307693