8 0.33052884615384615 0.46153846153846156 0.3581730769230769 0.33653846153846156
8 0.7058275274739312 0.4214684381555561 0.2593116786000537 0.19944033025406
8 0.6352187768898501 0.5617287573047013 0.1423604592876604 0.12944703121303427
8 0.5576923076923077 0.6141826923076923 0.09615384615384616 0.03125
8 0.8257211538461539 0.609375 0.22355769230769232 0.040865384615384616
4 0.6598557692307693 0.2776442307692308 0.3004807692307692 0.2668269230769231
4 0.5396634615384616 0.43028846153846156 0.06009615384615385 0.17307692307692307
4 0.5384615384615384 0.5444711538461539 0.057692307692307696 0.17067307692307693
4 0.828125 0.5396634615384616 0.2764423076923077 0.18028846153846154
4 0.6670673076923077 0.5997596153846154 0.1658653846153846 0.06009615384615385
8 0.18509615384615385 0.8149038461538461 0.3701923076923077 0.3701923076923077
5 0.7920673076923077 0.8149038461538461 0.41586538461538464 0.3701923076923077