25 0.16826923076923078 0.2439903846153846 0.2692307692307692 0.4879807692307692
25 0.07211538461538461 0.2439903846153846 0.14423076923076922 0.4879807692307692
7 0.7716346153846154 0.3173076923076923 0.21153846153846154 0.34134615384615385
7 0.7043269230769231 0.4519230769230769 0.1201923076923077 0.07211538461538461
7 0.8762019230769231 0.23798076923076922 0.24759615384615385 0.39903846153846156
7 0.9230769230769231 0.11658653846153846 0.15384615384615385 0.23317307692307693
7 0.0985576923076923 0.8846153846153846 0.1971153846153846 0.23076923076923078
7 0.12980769230769232 0.8125 0.25961538461538464 0.34615384615384615
7 0.1658653846153846 0.7043269230769231 0.3317307692307692 0.4326923076923077
7 0.16706730769230768 0.6069711538461539 0.33413461538461536 0.23798076923076922
7 0.19110576923076922 0.5504807692307693 0.38221153846153844 0.125
25 0.7391826923076923 0.7439903846153846 0.5216346153846154 0.5120192307692307