11 0.19471153846153846 0.08533653846153846 0.3894230769230769 0.17067307692307693
11 0.2644230769230769 0.24759615384615385 0.5288461538461539 0.28365384615384615
11 0.2644230769230769 0.3894230769230769 0.5288461538461539 0.10096153846153846
14 0.8930288461538461 0.20432692307692307 0.21394230769230768 0.34615384615384615
14 0.9423076923076923 0.36538461538461536 0.11538461538461539 0.14903846153846154
14 0.7644230769230769 0.1201923076923077 0.47115384615384615 0.2403846153846154
21 0.23197115384615385 0.59375 0.4639423076923077 0.3076923076923077
11 0.7548076923076923 0.7740384615384616 0.4375 0.4519230769230769
11 0.9278846153846154 0.7127403846153846 0.14423076923076922 0.5456730769230769
11 0.8185096153846154 0.5084134615384616 0.24278846153846154 0.13701923076923078
11 0.6911057692307693 0.5252403846153846 0.17067307692307693 0.17067307692307693