17 0.46634615384615385 0.39783653846153844 0.14423076923076922 0.12259615384615384
17 0.12139423076923077 0.2704326923076923 0.24278846153846154 0.37740384615384615
14 0.6069711538461539 0.2860576923076923 0.13701923076923078 0.2403846153846154
14 0.6009615384615384 0.19110576923076922 0.125 0.18028846153846154
14 0.6262019230769231 0.06971153846153846 0.17548076923076922 0.13942307692307693
14 0.7524038461538461 0.078125 0.19230769230769232 0.15625
14 0.7271634615384616 0.4110576923076923 0.37740384615384615 0.09615384615384616
14 0.8137019230769231 0.32091346153846156 0.27163461538461536 0.2764423076923077
17 0.08173076923076923 0.7295673076923077 0.16346153846153846 0.5408653846153846
17 0.1399779845176243 0.7150573470053152 0.2148079326891392 0.47357468514024414
3 0.84375 0.7295673076923077 0.3125 0.5408653846153846