19 0.22588307941778124 0.3520734180802855 0.107804256367833 0.12398264357094828
8 0.9615384615384616 0.3894230769230769 0.07692307692307693 0.22115384615384615
8 0.9182692307692307 0.4699519230769231 0.16346153846153846 0.06009615384615385
8 0.9519230769230769 0.2439903846153846 0.09615384615384616 0.18990384615384615
8 0.9005930613083616 0.37845638914851787 0.16829294018339142 0.21944708321665976
8 0.9242788461538461 0.09254807692307693 0.15144230769230768 0.18509615384615385
8 0.8112980769230769 0.03485576923076923 0.17548076923076922 0.06971153846153846
8 0.8243656662050795 0.14792226500982877 0.14853767981896182 0.18805425991005378
8 0.7880169886313516 0.3405996505797035 0.16458227272589016 0.2131853278851325
8 0.7920673076923077 0.46153846153846156 0.17067307692307693 0.07692307692307693
8 0.6358173076923077 0.3629807692307692 0.21394230769230768 0.27403846153846156
8 0.625 0.07932692307692307 0.24519230769230768 0.15865384615384615
8 0.6111786257452427 0.20615179929582014 0.16774746940438454 0.18819708321665976
8 0.5284827928285384 0.15657850988735703 0.07616445616724278 0.2370139527843878
8 0.5348557692307693 0.4579326923076923 0.08413461538461539 0.08413461538461539
19 0.29447115384615385 0.5889423076923077 0.22355769230769232 0.1778846153846154
19 0.18389423076923078 0.5649038461538461 0.2668269230769231 0.12980769230769232
19 0.10817307692307693 0.6454326923076923 0.21634615384615385 0.29086538461538464
19 0.13818738386190363 0.7757381077335628 0.20475532904484312 0.1763794524116703
19 0.18990384615384615 0.8701923076923077 0.22596153846153846 0.25961538461538464
8 0.7680288461538461 0.75 0.4639423076923077 0.5