9 0.20432692307692307 0.21995192307692307 0.40865384615384615 0.43990384615384615
9 0.39302884615384615 0.08052884615384616 0.03125 0.16105769230769232
9 0.36899038461538464 0.28365384615384615 0.07932692307692307 0.16346153846153846
4 0.07451923076923077 0.03485576923076923 0.14903846153846154 0.06971153846153846
4 0.04447115384615385 0.10096153846153846 0.0889423076923077 0.16826923076923078
4 0.6442307692307693 0.2920673076923077 0.41346153846153844 0.2956730769230769
4 0.5408653846153846 0.20432692307692307 0.2644230769230769 0.40865384615384615
4 0.8786057692307693 0.23557692307692307 0.24278846153846154 0.40865384615384615
4 0.25 0.6935096153846154 0.3173076923076923 0.5072115384615384
4 0.6646634615384616 0.7199519230769231 0.5120192307692307 0.5600961538461539
4 0.4495192307692308 0.6875 0.08173076923076923 0.40865384615384615