3 0.13701923076923078 0.13221153846153846 0.27403846153846156 0.2644230769230769
3 0.10096153846153846 0.4579326923076923 0.20192307692307693 0.2620192307692308
12 0.7235576923076923 0.29447115384615385 0.47115384615384615 0.5889423076923077
5 0.21995192307692307 0.7944711538461539 0.43990384615384615 0.4110576923076923
3 0.5552884615384616 0.921875 0.1346153846153846 0.15625
3 0.53125 0.7427884615384616 0.08653846153846154 0.3076923076923077
3 0.6370192307692307 0.8545673076923077 0.25 0.29086538461538464
3 0.7872596153846154 0.9447115384615384 0.29086538461538464 0.11057692307692307
3 0.9314903846153846 0.9867788461538461 0.13701923076923078 0.026442307692307692
3 0.9507211538461539 0.8209134615384616 0.0985576923076923 0.3581730769230769
3 0.8365384615384616 0.7463942307692307 0.28365384615384615 0.31490384615384615
3 0.703125 0.6442307692307693 0.3629807692307692 0.11057692307692307