5 0.4326923076923077 0.036057692307692304 0.21153846153846154 0.07211538461538461
5 0.38779147840357864 0.24810752881776701 0.2690959185753208 0.26159573139265946
5 0.2283653846153846 0.10216346153846154 0.20673076923076922 0.20432692307692307
5 0.0980181264626599 0.1393506213820762 0.15125050195753226 0.20343790129566486
5 0.15690934241474308 0.2965812463983874 0.21475659954348308 0.19724895992915356
5 0.27173345145753147 0.3763736918799974 0.20036250262959415 0.24958793829046044
5 0.4411057692307692 0.4963942307692308 0.19471153846153846 0.16105769230769232
5 0.296875 0.5120192307692307 0.23798076923076922 0.15384615384615385
3 0.8125 0.4387019230769231 0.375 0.3004807692307692
3 0.8221153846153846 0.10216346153846154 0.3557692307692308 0.20432692307692307
18 0.29086538461538464 0.8245192307692307 0.4951923076923077 0.35096153846153844
9 0.7692307692307693 0.7235576923076923 0.46153846153846156 0.2692307692307692