0 0.2512019230769231 0.09375 0.23317307692307693 0.1875
6 0.7487980769230769 0.20432692307692307 0.5024038461538461 0.40865384615384615
18 0.18389423076923078 0.6117788461538461 0.36778846153846156 0.40625
0 0.953125 0.6622596153846154 0.09375 0.24759615384615385
0 0.8039652604696644 0.7126415445158035 0.18408383188988006 0.2519577829512183
0 0.6689870628462445 0.5779080466187083 0.1765925900720456 0.20337657998047176
0 0.4807692307692308 0.8942307692307693 0.22596153846153846 0.15865384615384615
0 0.7957118270059236 0.8922323628711654 0.21214681633840507 0.11935951791112732
0 0.9579326923076923 0.8701923076923077 0.08413461538461539 0.125
0 0.9459134615384616 0.4651442307692308 0.10817307692307693 0.11298076923076923
0 0.8363900145661074 0.5085332547194921 0.18119050486251573 0.16765507426866166
0 0.5707642132109579 0.7337542867237856 0.18847896174703585 0.181380508008639
0 0.6682692307692307 0.4387019230769231 0.12980769230769232 0.06009615384615385
0 0.5276442307692307 0.46875 0.11298076923076923 0.1201923076923077
0 0.42908653846153844 0.46033653846153844 0.11778846153846154 0.10336538461538461