24 0.48783613575593077 0.22018940622246005 0.15210453414709152 0.15275794205695448
24 0.27918499808739167 0.12296224463258348 0.22654544236806545 0.22130343344008535
24 0.0733173076923077 0.1814903846153846 0.1466346153846154 0.19471153846153846
24 0.11360734961682398 0.2807586550960408 0.11302331611153144 0.09443624500425425
7 0.7355769230769231 0.13701923076923078 0.3317307692307692 0.27403846153846156
7 0.6788091535347712 0.3457768362921597 0.21663555039459637 0.12386374562793033
24 0.1658653846153846 0.9579326923076923 0.17307692307692307 0.08413461538461539
24 0.06370192307692307 0.6418269230769231 0.12740384615384615 0.21153846153846154
24 0.17000407925502545 0.7099026729559902 0.1703172398492874 0.179493964784112
24 0.29648351685748126 0.8169699119678845 0.14603192864314543 0.1514511207532994
24 0.30296127752924673 0.6475407174124235 0.1584239893187178 0.18168801448449395
24 0.39738372560331475 0.5414209159644809 0.16766143321811894 0.1746443131857268
24 0.24119160491300315 0.5201307879663999 0.21820008175857672 0.19954294018339142
24 0.15745192307692307 0.4495192307692308 0.21875 0.08173076923076923
0 0.7848557692307693 0.7043269230769231 0.43028846153846156 0.5913461538461539
0 0.6706730769230769 0.6370192307692307 0.20192307692307693 0.4567307692307692