6 0.14783653846153846 0.14302884615384615 0.2956730769230769 0.2860576923076923
16 0.8137019230769231 0.13581730769230768 0.37259615384615385 0.27163461538461536
8 0.2956730769230769 0.625 0.16826923076923078 0.22596153846153846
8 0.1541662191481702 0.5662536840938572 0.2995566191931449 0.25903393777676315
8 0.09254807692307693 0.375 0.18509615384615385 0.11057692307692307
8 0.2824519230769231 0.3605769230769231 0.19471153846153846 0.08173076923076923
7 0.29086538461538464 0.4338942307692308 0.1778846153846154 0.13701923076923078
7 0.13551806926257973 0.4731461057680025 0.0968527650530146 0.13788746288258563
5 0.546875 0.8834134615384616 0.33413461538461536 0.23317307692307693
5 0.7397472109881331 0.7119701468591351 0.46479196738157047 0.25207718976362226
5 0.6009615384615384 0.5132211538461539 0.3701923076923077 0.3870192307692308
5 0.7788461538461539 0.9254807692307693 0.375 0.14903846153846154
5 0.875 0.6189903846153846 0.25 0.29086538461538464
5 0.7572115384615384 0.3918269230769231 0.3798076923076923 0.14423076923076922