2 0.4126892052373131 0.2769078810463943 0.15023158797397956 0.1251450129808007
2 0.28129286327414516 0.24340282646275968 0.13268175172262175 0.14851192125980558
2 0.15785624293828568 0.2511409052029541 0.11954464452543839 0.1492521514708522
2 0.9194711538461539 0.25841346153846156 0.16105769230769232 0.29086538461538464
2 0.8641826923076923 0.10697115384615384 0.27163461538461536 0.21394230769230768
2 0.7427884615384616 0.3233173076923077 0.25 0.2668269230769231
2 0.6862980769230769 0.1658653846153846 0.13701923076923078 0.23557692307692307
21 0.20552884615384615 0.8389423076923077 0.37740384615384615 0.32211538461538464
21 0.32135184803256434 0.717448967458602 0.41196461216355856 0.26737261104963134
21 0.12259615384615384 0.6129807692307693 0.24519230769230768 0.3076923076923077
14 0.9387019230769231 0.6526442307692307 0.12259615384615384 0.3870192307692308
14 0.8136700963099426 0.8020413952208838 0.19402157198696393 0.23698109841920506
14 0.84375 0.5540865384615384 0.23557692307692307 0.18990384615384615