20 0.2956730769230769 0.12620192307692307 0.24519230769230768 0.25240384615384615
6 0.6298076923076923 0.29447115384615385 0.4230769230769231 0.5889423076923077
25 0.28125 0.8449519230769231 0.27403846153846156 0.31009615384615385
25 0.3004807692307692 0.9603365384615384 0.23557692307692307 0.07932692307692307
20 0.8572282767404288 0.6497748578135154 0.1280261861216046 0.10993651128087614
20 0.8205901999684223 0.7486952210939641 0.13291778943618565 0.12447148848450869
20 0.9411057692307693 0.7415865384615384 0.11778846153846154 0.13221153846153846
20 0.9879807692307693 0.9014423076923077 0.02403846153846154 0.125
20 0.9747596153846154 0.9543269230769231 0.05048076923076923 0.09134615384615384
20 0.9290865384615384 0.9122596153846154 0.13221153846153846 0.17548076923076922
20 0.8945360388572465 0.8489873677502675 0.18712320182415 0.1461630589484509