7 0.16947115384615385 0.08653846153846154 0.3389423076923077 0.17307692307692307
14 0.8774038461538461 0.20673076923076922 0.24519230769230768 0.32211538461538464
14 0.78125 0.052884615384615384 0.3317307692307692 0.10576923076923077
14 0.9579326923076923 0.06009615384615385 0.08413461538461539 0.1201923076923077
14 0.48677884615384615 0.18269230769230768 0.2956730769230769 0.35096153846153844
17 0.2800480769230769 0.7115384615384616 0.11778846153846154 0.34615384615384615
17 0.17427884615384615 0.7908653846153846 0.3293269230769231 0.4182692307692308
21 0.46153846153846156 0.90625 0.24519230769230768 0.1875
21 0.6260107841844764 0.7886103281227311 0.2953537637577878 0.2545025343974807
21 0.578125 0.9591346153846154 0.30528846153846156 0.08173076923076923
21 0.42908653846153844 0.7475961538461539 0.18028846153846154 0.20673076923076922