10 0.2283653846153846 0.19831730769230768 0.4567307692307692 0.18028846153846154
18 0.8088942307692307 0.14423076923076922 0.38221153846153844 0.28846153846153844
12 0.3088942307692308 0.5733173076923077 0.6177884615384616 0.47836538461538464
12 0.3088942307692308 0.8942307692307693 0.6177884615384616 0.21153846153846154
10 0.6646634615384616 0.6466346153846154 0.09375 0.2403846153846154
10 0.7493851627219577 0.6981500942840854 0.24958237879488693 0.19038910776562792
10 0.8125 0.8894230769230769 0.17307692307692307 0.22115384615384615
10 0.7055288461538461 0.8581730769230769 0.15625 0.28365384615384615
10 0.6706730769230769 0.8569711538461539 0.10576923076923077 0.2860576923076923
10 0.9615384615384616 0.7680288461538461 0.07692307692307693 0.2860576923076923
10 0.9579326923076923 0.5997596153846154 0.08413461538461539 0.18990384615384615