2 0.057692307692307696 0.2860576923076923 0.11538461538461539 0.17307692307692307
2 0.1672361491471401 0.3376743367473196 0.16881628730307435 0.16595929971667872
2 0.2860576923076923 0.3473557692307692 0.10576923076923077 0.15625
2 0.016826923076923076 0.17548076923076922 0.03365384615384615 0.14423076923076922
2 0.12856572011851242 0.207902507190213 0.15572328728135526 0.18770292276132766
2 0.25600961538461536 0.17427884615384615 0.1658653846153846 0.1658653846153846
2 0.0673076923076923 0.07451923076923077 0.1346153846153846 0.14903846153846154
2 0.20673076923076922 0.06610576923076923 0.17307692307692307 0.13221153846153846
2 0.3076923076923077 0.056490384615384616 0.0625 0.11298076923076923
2 0.4651442307692308 0.28725961538461536 0.25240384615384615 0.34375
2 0.7295673076923077 0.22956730769230768 0.5024038461538461 0.45913461538461536
21 0.23677884615384615 0.6153846153846154 0.20432692307692307 0.2980769230769231
21 0.29447115384615385 0.8629807692307693 0.0889423076923077 0.27403846153846156
21 0.20192307692307693 0.8605769230769231 0.1875 0.27884615384615385
11 0.5348557692307693 0.8485576923076923 0.21394230769230768 0.30288461538461536
11 0.46274038461538464 0.9747596153846154 0.12259615384615384 0.05048076923076923
11 0.6551491574809304 0.63644542675986 0.1736465665764264 0.24889199202437104
11 0.8533653846153846 0.8028846153846154 0.20673076923076922 0.3942307692307692
11 0.7908653846153846 0.5637019230769231 0.1971153846153846 0.2091346153846154
11 0.7620192307692307 0.5024038461538461 0.20673076923076922 0.08653846153846154