25 0.19951923076923078 0.1346153846153846 0.39903846153846156 0.2692307692307692
25 0.6286057692307693 0.19230769230769232 0.45913461538461536 0.15384615384615385
6 0.27283653846153844 0.3581730769230769 0.25240384615384615 0.1778846153846154
6 0.35336538461538464 0.8449519230769231 0.09134615384615384 0.2764423076923077
4 0.2956730769230769 0.5793269230769231 0.20673076923076922 0.3125
20 0.9302884615384616 0.8822115384615384 0.13942307692307693 0.18269230769230768
20 0.8342167251895405 0.7530099833013325 0.14707876785359383 0.14546501756917032
20 0.7349353876962843 0.7280641060440325 0.13709441109407414 0.10181784608395607
20 0.7861379597069612 0.8495945386712086 0.1831669007723547 0.16652250026052628
20 0.6802469664934563 0.7779626317719003 0.1473098360450922 0.14907078679993957
20 0.8245192307692307 0.9423076923076923 0.16826923076923078 0.11538461538461539
20 0.6923076923076923 0.9146634615384616 0.14903846153846154 0.17067307692307693