10 0.2512019230769231 0.2932692307692308 0.5024038461538461 0.17307692307692307
10 0.23557692307692307 0.24278846153846154 0.47115384615384615 0.27403846153846156
10 0.09735576923076923 0.11177884615384616 0.19471153846153846 0.16105769230769232
10 0.44591346153846156 0.24879807692307693 0.1466346153846154 0.2620192307692308
12 0.9098557692307693 0.3329326923076923 0.18028846153846154 0.09375
12 0.9026442307692307 0.18269230769230768 0.19471153846153846 0.1778846153846154
12 0.7848557692307693 0.06610576923076923 0.43028846153846156 0.13221153846153846
4 0.359375 0.6899038461538461 0.31971153846153844 0.6201923076923077
4 0.15504807692307693 0.9182692307692307 0.11778846153846154 0.16346153846153846
15 0.14302884615384615 0.7854037354330747 0.20192307692307693 0.18383997233510357
1 0.7307692307692307 0.7542245057043326 0.28966346153846156 0.4000051549111171