3 0.23317307692307693 0.18269230769230768 0.4326923076923077 0.36538461538461536
3 0.5036057692307693 0.20432692307692307 0.31009615384615385 0.40865384615384615
3 0.9242788461538461 0.2283653846153846 0.15144230769230768 0.3605769230769231
3 0.2877448227560563 0.6194075355843801 0.49148784700570824 0.32004878519939245
3 0.5456730769230769 0.7956730769230769 0.3269230769230769 0.3125
3 0.5612980769230769 0.9423076923076923 0.2956730769230769 0.11538461538461539
3 0.20072115384615385 0.8846153846153846 0.39663461538461536 0.23076923076923078
3 0.054086538461538464 0.8737980769230769 0.10817307692307693 0.25240384615384615
3 0.12379807692307693 0.5096153846153846 0.24759615384615385 0.20192307692307693
3 0.4579326923076923 0.5408653846153846 0.30528846153846156 0.2644230769230769
3 0.65625 0.5841346153846154 0.10576923076923077 0.30288461538461536
3 0.6262019230769231 0.45072115384615385 0.1658653846153846 0.08413461538461539
5 0.8605769230769231 0.45913461538461536 0.27884615384615385 0.10096153846153846
5 0.8858173076923077 0.5925480769230769 0.2283653846153846 0.27163461538461536