8 0.3088942307692308 0.19951923076923078 0.45913461538461536 0.39903846153846156
8 0.10336538461538461 0.2824519230769231 0.20673076923076922 0.37259615384615385
8 0.3485576923076923 0.4014423076923077 0.3798076923076923 0.1346153846153846
8 0.890625 0.18990384615384615 0.21875 0.23557692307692307
8 0.7139423076923077 0.12860576923076922 0.28365384615384615 0.25721153846153844
7 0.84375 0.03485576923076923 0.16826923076923078 0.06971153846153846
7 0.6911057692307693 0.05048076923076923 0.0889423076923077 0.10096153846153846
5 0.2692307692307692 0.7536057692307693 0.5384615384615384 0.49278846153846156
5 0.9603365384615384 0.5480769230769231 0.07932692307692307 0.15865384615384615
5 0.9423076923076923 0.7163461538461539 0.11538461538461539 0.22596153846153846
5 0.75 0.6430288461538461 0.34134615384615385 0.3485576923076923