25 0.7908653846153846 0.18389423076923078 0.34615384615384615 0.36778846153846156
20 0.4230769230769231 0.6174458092707855 0.1346153846153846 0.14966737639019007
20 0.44350961538461536 0.7568570319234174 0.13341346153846154 0.15680891080428858
20 0.546875 0.6394230769230769 0.14182692307692307 0.17307692307692307
20 0.5528846153846154 0.7680288461538461 0.12980769230769232 0.1466346153846154
20 0.4230769230769231 0.47561888619386244 0.14903846153846154 0.1649305018825456
20 0.5132211538461539 0.5337538051364691 0.1346153846153846 0.14606160715942082
20 0.5576923076923077 0.8725961538461539 0.1201923076923077 0.125
20 0.4423076923076923 0.8673639509529004 0.17307692307692307 0.16272481360057406
20 0.3076923076923077 0.7453408053319414 0.13822115384615385 0.18112738853250973
20 0.30528846153846156 0.5889507972370615 0.14182692307692307 0.17652970836713708
20 0.7560096153846154 0.6838942307692307 0.2764423076923077 0.6322115384615384