24 0.11057692307692307 0.1201923076923077 0.22115384615384615 0.2403846153846154
24 0.22596153846153846 0.16826923076923078 0.20192307692307693 0.30288461538461536
25 0.6634615384615384 0.04807692307692308 0.22596153846153846 0.09615384615384616
25 0.8653846153846154 0.018028846153846152 0.20192307692307693 0.036057692307692304
25 0.6315490856118511 0.12273167564011199 0.21514986641469327 0.2189114734853091
25 0.8353365384615384 0.1141826923076923 0.23798076923076922 0.2283653846153846
25 0.9591346153846154 0.10576923076923077 0.08173076923076923 0.21153846153846154
25 0.5709134615384616 0.23557692307692307 0.1658653846153846 0.16826923076923078
25 0.7716346153846154 0.23317307692307693 0.25961538461538464 0.17307692307692307
25 0.9338942307692307 0.24158653846153846 0.13221153846153846 0.15625
24 0.23557692307692307 0.6598557692307693 0.47115384615384615 0.6802884615384616
6 0.5661057692307693 0.6334134615384616 0.15625 0.5841346153846154