4 0.49759615384615385 0.47596153846153844 0.18269230769230768 0.3798076923076923
4 0.546875 0.1971153846153846 0.08413461538461539 0.3942307692307692
4 0.2338488236184871 0.27512245470053387 0.27024699108715006 0.3714272305346156
4 0.13263525224765138 0.5168229033207263 0.2638691543331833 0.19351464007986152
4 0.07451923076923077 0.18870192307692307 0.14903846153846154 0.31009615384615385
4 0.4423076923076923 0.09495192307692307 0.2932692307692308 0.18990384615384615
4 0.18629807692307693 0.0673076923076923 0.37259615384615385 0.1346153846153846
4 0.2704326923076923 0.6009615384615384 0.34375 0.15384615384615385
10 0.778886761881326 0.06422139014097174 0.29083966096180175 0.0884447860641028
10 0.7973409123571517 0.28509548559342895 0.22741751700255664 0.09657749196212634
10 0.7580143128889962 0.33893125336276664 0.2505816687982744 0.06708891644182721
10 0.7637055636755593 0.4518560724532581 0.17768402978248374 0.07980551408643176
10 0.7471805302792327 0.5039583908130337 0.19708966096180175 0.08626273059326933
10 0.7750788165125585 0.5947170681862709 0.1612068306026582 0.09143309387371801
4 0.265625 0.8389423076923077 0.4639423076923077 0.32211538461538464
4 0.390625 0.71875 0.33413461538461536 0.08173076923076923
4 0.6550480769230769 0.84375 0.13221153846153846 0.3125