11 0.2982523708095411 0.24624948685965037 0.13237471576383003 0.48122370235996204
10 0.9495192307692307 0.2283653846153846 0.10096153846153846 0.4567307692307692
10 0.84375 0.25961538461538464 0.22596153846153846 0.5192307692307693
10 0.6778846153846154 0.2512019230769231 0.21153846153846154 0.5024038461538461
10 0.07572115384615384 0.6730769230769231 0.15144230769230768 0.3076923076923077
10 0.20673076923076922 0.6466346153846154 0.36538461538461536 0.2548076923076923
7 0.5853365384615384 0.9675480769230769 0.05048076923076923 0.06490384615384616
7 0.5799921169341133 0.8271306073033092 0.05003590757521204 0.05031614175710335
7 0.6509137587594592 0.7128689151861316 0.20838772576743053 0.16805856461060312
7 0.8701923076923077 0.7668269230769231 0.25961538461538464 0.24519230769230768
7 0.8581730769230769 0.6286057692307693 0.28365384615384615 0.21394230769230768