16 0.39783653846153844 0.42788461538461536 0.3629807692307692 0.3605769230769231
16 0.41466346153846156 0.14543269230769232 0.3485576923076923 0.29086538461538464
16 0.7295673076923077 0.17307692307692307 0.19951923076923078 0.27403846153846156
16 0.6778846153846154 0.4230769230769231 0.09615384615384616 0.2692307692307692
16 0.8509615384615384 0.4050480769230769 0.2980769230769231 0.3245192307692308
16 0.8605769230769231 0.3425480769230769 0.27884615384615385 0.27163461538461536
15 0.3137019230769231 0.8930288461538461 0.4543269230769231 0.21394230769230768
15 0.3786057692307692 0.7043269230769231 0.3485576923076923 0.19230769230769232
15 0.5072115384615384 0.8040865384615384 0.24519230769230768 0.3918269230769231
15 0.5228365384615384 0.8834134615384616 0.21394230769230768 0.23317307692307693
15 0.5240384615384616 0.9483173076923077 0.21153846153846154 0.10336538461538461
16 0.7103365384615384 0.7451923076923077 0.16105769230769232 0.27403846153846156
16 0.7475961538461539 0.8161057692307693 0.23557692307692307 0.3389423076923077