16 0.2247596153846154 0.25 0.4495192307692308 0.5
16 0.5264423076923077 0.22596153846153846 0.15384615384615385 0.32211538461538464
16 0.5384615384615384 0.4375 0.1778846153846154 0.125
16 0.609375 0.052884615384615384 0.2091346153846154 0.10576923076923077
16 0.6266851717338562 0.2306550280793964 0.25259025694815757 0.24993466481377416
16 0.6418269230769231 0.42788461538461536 0.27403846153846156 0.14423076923076922
16 0.7956730769230769 0.04927884615384615 0.28846153846153844 0.0985576923076923
16 0.7967938595731954 0.2321630692613894 0.3308436153917607 0.3022499369399681
16 0.8329326923076923 0.43028846153846156 0.3004807692307692 0.13942307692307693
16 0.2247596153846154 0.703125 0.4495192307692308 0.40625
16 0.7255311854545103 0.727561447207707 0.45256770795764534 0.4222381658955627
16 0.7956730769230769 0.921875 0.3942307692307692 0.15625
16 0.8389423076923077 0.6887019230769231 0.32211538461538464 0.37740384615384615