14 0.1141826923076923 0.41466346153846156 0.2283653846153846 0.4206730769230769
14 0.038461538461538464 0.13942307692307693 0.07692307692307693 0.12980769230769232
14 0.21634615384615385 0.515625 0.3942307692307692 0.30528846153846156
14 0.3856699316279046 0.36512128312241515 0.3054606677189851 0.3242049323772766
14 0.5228365384615384 0.3713942307692308 0.09375 0.30528846153846156
14 0.47716346153846156 0.5480769230769231 0.18509615384615385 0.19230769230769232
14 0.49399038461538464 0.21033653846153846 0.15144230769230768 0.23798076923076922
14 0.27350438085029344 0.18103933419023982 0.3065118500058138 0.21872954928278923
11 0.6790865384615384 0.625 0.21875 0.08653846153846154
11 0.6526442307692307 0.5480769230769231 0.1658653846153846 0.15865384615384615
11 0.7224647008152355 0.34595175893442964 0.18426683797208993 0.09623952494843407
7 0.1935096153846154 0.7367788461538461 0.3870192307692308 0.13701923076923078
7 0.11298076923076923 0.8641826923076923 0.22596153846153846 0.14182692307692307
7 0.09495192307692307 0.9639423076923077 0.18990384615384615 0.07211538461538461