7 0.265625 0.14182692307692307 0.5072115384615384 0.19230769230769232
7 0.11177884615384616 0.24639423076923078 0.22355769230769232 0.1658653846153846
7 0.15745192307692307 0.3557692307692308 0.31490384615384615 0.21153846153846154
7 0.22716346153846154 0.4855769230769231 0.4543269230769231 0.28846153846153844
7 0.09735576923076923 0.48677884615384615 0.19471153846153846 0.25721153846153844
7 0.2920673076923077 0.5877403846153846 0.41586538461538464 0.08413461538461539
25 0.7596153846153846 0.5264423076923077 0.4807692307692308 0.20673076923076922
25 0.7596153846153846 0.3137019230769231 0.4807692307692308 0.37740384615384615
25 0.7596153846153846 0.078125 0.4807692307692308 0.15625
17 0.25961538461538464 0.7355769230769231 0.5192307692307693 0.21153846153846154
17 0.25961538461538464 0.7728365384615384 0.5192307692307693 0.2860576923076923
25 0.7596153846153846 0.8149038461538461 0.4807692307692308 0.3701923076923077