18 0.426795267677082 0.34110236128863225 0.3201239809567265 0.28752838229613786
18 0.12139423076923077 0.2980769230769231 0.24278846153846154 0.23557692307692307
18 0.16947115384615385 0.421875 0.3389423076923077 0.23798076923076922
18 0.3761561114152198 0.17415754497333408 0.3981476768782618 0.16679616038779044
18 0.5012019230769231 0.5012019230769231 0.21394230769230768 0.16105769230769232
18 0.28770543973364665 0.5295585081472047 0.28659152688946554 0.12411599907826944
12 0.6598557692307693 0.6105769230769231 0.10336538461538461 0.038461538461538464
12 0.6658653846153846 0.5516826923076923 0.11538461538461539 0.15625
12 0.7503501559160289 0.4214347848338808 0.2390263278313975 0.17898763287594968
12 0.7223557692307693 0.2824519230769231 0.2283653846153846 0.24759615384615385
12 0.9471153846153846 0.5288461538461539 0.10576923076923077 0.16346153846153846
12 0.8629807692307693 0.06971153846153846 0.27403846153846156 0.13942307692307693
10 0.8521634615384616 0.7752403846153846 0.24278846153846154 0.29086538461538464