2 0.2867330241565598 0.19827765505295855 0.20130115481995722 0.2011796054178385
2 0.27163461538461536 0.054086538461538464 0.1875 0.10817307692307693
2 0.41466346153846156 0.078125 0.2091346153846154 0.15625
2 0.3199747576514667 0.3847136359286721 0.13386754627611672 0.1932605632790986
2 0.23728246014903898 0.3035238682170553 0.08546628423649703 0.11220869952011835
2 0.41346153846153844 0.4230769230769231 0.21153846153846154 0.17307692307692307
2 0.4855769230769231 0.24759615384615385 0.24519230769230768 0.27884615384615385
21 0.8713942307692307 0.2548076923076923 0.25721153846153844 0.5096153846153846
2 0.2082302754481154 0.6952396431410981 0.32102033197935664 0.26401629454524883
7 0.040865384615384616 0.8293269230769231 0.08173076923076923 0.2644230769230769
9 0.125 0.75 0.25 0.47115384615384615
14 0.7403846153846154 0.8016826923076923 0.2644230769230769 0.39663461538461536