21 0.2692307692307692 0.34134615384615385 0.5384615384615384 0.27403846153846156
24 0.6995192307692307 0.3269230769230769 0.32211538461538464 0.30288461538461536
24 0.8894230769230769 0.33653846153846156 0.22115384615384615 0.28365384615384615
19 0.27524038461538464 0.9194711538461539 0.13221153846153846 0.16105769230769232
19 0.4098557692307692 0.5048076923076923 0.18509615384615385 0.052884615384615384
19 0.3578862145838669 0.5898816142815944 0.1604539671607467 0.15121487777029124
19 0.31888367460317607 0.6721084267312218 0.1321631139364515 0.12051969764678502
19 0.24812610093136966 0.5762237538406575 0.14909750035494249 0.14204499639109464
19 0.23565719047619213 0.7177397603130335 0.13478188677343375 0.1613850822621695
19 0.1935718988698659 0.845219416440885 0.14506003535224493 0.15372804056444303
19 0.08905301570264523 0.7266327917204232 0.14978886252378174 0.2461920708385496
19 0.8161057692307693 0.65625 0.36778846153846156 0.3557692307692308
19 0.7259615384615384 0.7463942307692307 0.375 0.5072115384615384