18 0.12139423076923077 0.4026442307692308 0.15625 0.07451923076923077
18 0.1938123589131665 0.32465752507076995 0.2152957806824586 0.19955935174464629
18 0.04447115384615385 0.34134615384615385 0.0889423076923077 0.1971153846153846
18 0.05889423076923077 0.15625 0.11778846153846154 0.23557692307692307
18 0.10336538461538461 0.046875 0.1875 0.09375
18 0.19128016033752565 0.14595322312348757 0.1961243058460414 0.2508045940039274
18 0.2800480769230769 0.4050480769230769 0.20432692307692307 0.06971153846153846
18 0.31750510275692956 0.23271253879856957 0.15190672106508174 0.2785936951837776
18 0.30288461538461536 0.07451923076923077 0.20192307692307693 0.14903846153846154
9 0.7992788461538461 0.32572115384615385 0.4014423076923077 0.2283653846153846
18 0.10697115384615384 0.9579326923076923 0.21394230769230768 0.08413461538461539
18 0.08774038461538461 0.7728365384615384 0.17548076923076922 0.31009615384615385
18 0.09735576923076923 0.5396634615384616 0.19471153846153846 0.19951923076923078
18 0.34615384615384615 0.9579326923076923 0.3173076923076923 0.08413461538461539
18 0.24647636635711143 0.7952634941078949 0.2038166491681396 0.3388182074735344
18 0.25 0.48197115384615385 0.25 0.08413461538461539
18 0.31009615384615385 0.5673076923076923 0.2644230769230769 0.2548076923076923
18 0.400885638800658 0.7430371829083111 0.2854651046620758 0.3689587800896288
18 0.5 0.8954326923076923 0.1971153846153846 0.2091346153846154
18 0.5516826923076923 0.6742788461538461 0.09375 0.23798076923076922
18 0.47836538461538464 0.5 0.22115384615384615 0.1201923076923077
10 0.6742788461538461 0.4963942307692308 0.15144230769230768 0.11298076923076923
10 0.6838942307692307 0.6189903846153846 0.17067307692307693 0.19471153846153846
10 0.6742788461538461 0.7079326923076923 0.15144230769230768 0.15625
10 0.6790865384615384 0.8377403846153846 0.16105769230769232 0.20432692307692307