21 0.22596153846153846 0.36538461538461536 0.36538461538461536 0.3269230769230769
21 0.22956730769230768 0.1346153846153846 0.34375 0.2692307692307692
21 0.28966346153846156 0.35697115384615385 0.23798076923076922 0.34375
2 0.6213942307692307 0.46634615384615385 0.21875 0.125
2 0.7271634615384616 0.45072115384615385 0.17548076923076922 0.15625
2 0.8341346153846154 0.4579326923076923 0.15865384615384615 0.14182692307692307
2 0.737022440345285 0.2631394580861593 0.18830887949364503 0.17897631880629752
2 0.6815381512964744 0.14108611512047706 0.2034187412655234 0.18797747569424578
2 0.8600360170304688 0.14117179391506504 0.18077862541258255 0.13075247189200268
2 0.9302884615384616 0.06370192307692307 0.13942307692307693 0.12740384615384615
14 0.20432692307692307 0.7644230769230769 0.40865384615384615 0.47115384615384615
14 0.8978365384615384 0.7139423076923077 0.20432692307692307 0.3701923076923077
14 0.8112980769230769 0.6370192307692307 0.37740384615384615 0.21634615384615385
14 0.6514423076923077 0.5612980769230769 0.28846153846153844 0.06490384615384616
14 0.5721153846153846 0.6610576923076923 0.3269230769230769 0.2644230769230769
14 0.6210733331227948 0.7075081742604972 0.22466070979902647 0.24274965873018536
14 0.8193656664611015 0.8473597522653625 0.23501203450688243 0.22280671254706547