17 0.10817307692307693 0.28966346153846156 0.18269230769230768 0.07932692307692307
17 0.1814903846153846 0.24639423076923078 0.17548076923076922 0.1658653846153846
17 0.25290237272110017 0.21407276272109999 0.16830022065651726 0.1572079839953136
17 0.28966346153846156 0.13581730769230768 0.11778846153846154 0.10336538461538461
16 0.5444711538461539 0.26322115384615385 0.3918269230769231 0.13221153846153846
16 0.6358173076923077 0.16346153846153846 0.34375 0.3269230769230769
16 0.7788461538461539 0.2548076923076923 0.23076923076923078 0.14903846153846154
16 0.75 0.037259615384615384 0.2548076923076923 0.07451923076923077
16 0.8706018843538992 0.16281581667660958 0.19823840717713692 0.255926505732876
16 0.1971153846153846 0.40384615384615385 0.19230769230769232 0.14903846153846154
14 0.7728365384615384 0.5721153846153846 0.4543269230769231 0.4423076923076923