12 0.18389423076923078 0.4170673076923077 0.36778846153846156 0.34375
12 0.1310096153846154 0.29447115384615385 0.2620192307692308 0.5889423076923077
10 0.5985576923076923 0.29447115384615385 0.2980769230769231 0.5889423076923077
10 0.6983173076923077 0.27524038461538464 0.31009615384615385 0.5504807692307693
10 0.8461538461538461 0.12259615384615384 0.16826923076923078 0.24519230769230768
10 0.9338942307692307 0.12620192307692307 0.13221153846153846 0.25240384615384615
10 0.9603365384615384 0.4651442307692308 0.07932692307692307 0.24759615384615385
10 0.6947115384615384 0.5084134615384616 0.2980769230769231 0.16105769230769232
10 0.8725961538461539 0.5697115384615384 0.14903846153846154 0.038461538461538464
10 0.5036057692307693 0.44471153846153844 0.11298076923076923 0.28846153846153844
18 0.18389423076923078 0.7944711538461539 0.36778846153846156 0.4110576923076923
16 0.182032600739564 0.878165301573103 0.25558386912141356 0.14974228040435078
16 0.3245192307692308 0.6550480769230769 0.08653846153846154 0.13221153846153846
16 0.14903846153846154 0.6802884615384616 0.08653846153846154 0.18269230769230768
16 0.15865384615384615 0.9639423076923077 0.0673076923076923 0.07211538461538461
16 0.03365384615384615 0.6430288461538461 0.0673076923076923 0.10817307692307693
23 0.6009615384615384 0.7992788461538461 0.46634615384615385 0.4014423076923077