11 0.1622596153846154 0.3088942307692308 0.3245192307692308 0.6177884615384616
11 0.3545673076923077 0.3088942307692308 0.2668269230769231 0.6177884615384616
11 0.4326923076923077 0.3870192307692308 0.11057692307692307 0.46153846153846156
10 0.8149038461538461 0.47836538461538464 0.3557692307692308 0.27884615384615385
10 0.9483173076923077 0.3786057692307692 0.10336538461538461 0.24759615384615385
10 0.6189903846153846 0.24879807692307693 0.2620192307692308 0.30528846153846156
10 0.890625 0.24639423076923078 0.21875 0.2764423076923077
10 0.6274038461538461 0.5432692307692307 0.27884615384615385 0.14903846153846154
10 0.5444711538461539 0.484375 0.11298076923076923 0.2668269230769231
10 0.2439903846153846 0.9146634615384616 0.4879807692307692 0.17067307692307693
10 0.2439903846153846 0.7524038461538461 0.4879807692307692 0.2692307692307692
10 0.6262019230769231 0.75 0.2764423076923077 0.2644230769230769
10 0.8377403846153846 0.7391826923076923 0.1658653846153846 0.24278846153846154
10 0.6739390484992558 0.8772058366165854 0.2665386016639611 0.19137473450837453
10 0.5192307692307693 0.6983173076923077 0.0625 0.16105769230769232