10 0.34615384615384615 0.0673076923076923 0.2644230769230769 0.1346153846153846
10 0.3473557692307692 0.14783653846153846 0.2620192307692308 0.11778846153846154
10 0.4362980769230769 0.10817307692307693 0.08413461538461539 0.11057692307692307
10 0.41586538461538464 0.2620192307692308 0.125 0.13942307692307693
10 0.38100961538461536 0.38341346153846156 0.19471153846153846 0.1466346153846154
10 0.40865384615384615 0.49038461538461536 0.13942307692307693 0.12980769230769232
10 0.4170673076923077 0.546875 0.12259615384615384 0.06490384615384616
12 0.6682692307692307 0.28966346153846156 0.3798076923076923 0.5793269230769231
12 0.8353365384615384 0.21754807692307693 0.3293269230769231 0.43509615384615385
18 0.17307692307692307 0.8064903846153846 0.34615384615384615 0.3870192307692308
12 0.7391826923076923 0.8894230769230769 0.5216346153846154 0.22115384615384615
12 0.7115384615384616 0.7644230769230769 0.46634615384615385 0.16826923076923078
12 0.8870192307692307 0.9507211538461539 0.22596153846153846 0.0985576923076923