7 0.40865384615384615 0.3112980769230769 0.15865384615384615 0.49278846153846156
7 0.36538461538461536 0.3629807692307692 0.24519230769230768 0.3894230769230769
7 0.31490384615384615 0.40024038461538464 0.34615384615384615 0.31490384615384615
7 0.3473557692307692 0.3245192307692308 0.28125 0.46634615384615385
0 0.9603365384615384 0.3233173076923077 0.07932692307692307 0.33413461538461536
0 0.8120675007815792 0.3149943109603175 0.21082678739088237 0.3589609669689454
0 0.5865384615384616 0.28846153846153844 0.1971153846153846 0.36538461538461536
7 0.04927884615384615 0.6802884615384616 0.0985576923076923 0.24519230769230768
7 0.12860576923076922 0.7788461538461539 0.25721153846153844 0.4423076923076923
7 0.21033653846153846 0.7788461538461539 0.4206730769230769 0.4423076923076923
7 0.16826923076923078 0.7788461538461539 0.33653846153846156 0.4423076923076923
7 0.7951878092046096 0.8119923210907409 0.18540765403679033 0.30901764541061394
7 0.9299768317490597 0.8879196961844887 0.08182608461157798 0.14159136508508177
7 0.6802884615384616 0.5997596153846154 0.17307692307692307 0.08413461538461539
7 0.8052884615384616 0.5757211538461539 0.1346153846153846 0.036057692307692304
7 0.5901442307692307 0.9375 0.20432692307692307 0.125