24 0.10576923076923077 0.49399038461538464 0.21153846153846154 0.0889423076923077
24 0.27163461538461536 0.4963942307692308 0.21153846153846154 0.08413461538461539
24 0.22198346857444948 0.43095134640708027 0.2209207382750393 0.2091052786403681
24 0.04567307692307692 0.42788461538461536 0.09134615384615384 0.19230769230769232
24 0.13435209161909845 0.41401025742490105 0.13592915416889456 0.1478678977605837
24 0.3123636460390403 0.3892080389582874 0.14228514331718037 0.168440479627115
24 0.39553228504209276 0.3472548971712358 0.09841424130534958 0.12758795683852184
24 0.3195364829334399 0.2622938062603778 0.121633016281144 0.11747009694040937
24 0.42055039611258027 0.1393093430367521 0.15062545994619386 0.15189333566786997
24 0.4579326923076923 0.040865384615384616 0.10817307692307693 0.08173076923076923
24 0.11057692307692307 0.03485576923076923 0.14903846153846154 0.06971153846153846
24 0.18389423076923078 0.03365384615384615 0.0889423076923077 0.0673076923076923
24 0.23940496585258936 0.07527417098018739 0.10944956431772454 0.09912649927917531
24 0.2856273393006642 0.24211878250744512 0.2147454822879586 0.11178448179930865
14 0.8185096153846154 0.2692307692307692 0.3629807692307692 0.5384615384615384
24 0.3004807692307692 0.8473557692307693 0.3317307692307692 0.30528846153846156
24 0.04807692307692308 0.7980769230769231 0.09615384615384616 0.125
24 0.0889423076923077 0.6394230769230769 0.1778846153846154 0.20192307692307693
24 0.41346153846153844 0.6225961538461539 0.1971153846153846 0.16826923076923078
24 0.8125 0.6887019230769231 0.375 0.3004807692307692
24 0.9134615384615384 0.9002403846153846 0.17307692307692307 0.19951923076923078
24 0.6622596153846154 0.8641826923076923 0.1658653846153846 0.27163461538461536