20 0.2644230769230769 0.2824519230769231 0.5288461538461539 0.49278846153846156
0 0.9050480769230769 0.06490384615384616 0.18990384615384615 0.12980769230769232
0 0.8930288461538461 0.203125 0.21394230769230768 0.16105769230769232
0 0.9098557692307693 0.3870192307692308 0.18028846153846154 0.22115384615384615
7 0.2644230769230769 0.6033653846153846 0.5288461538461539 0.14903846153846154
7 0.25 0.7115384615384616 0.2403846153846154 0.36538461538461536
7 0.39783653846153844 0.7079326923076923 0.24759615384615385 0.3581730769230769
7 0.39663461538461536 0.6129807692307693 0.2644230769230769 0.16826923076923078
20 0.609375 0.8112980769230769 0.16105769230769232 0.17548076923076922
20 0.6343384184686355 0.929563868464707 0.1637914002581926 0.12622663310181836
20 0.5612980769230769 0.9254807692307693 0.06490384615384616 0.125
20 0.5456730769230769 0.8798076923076923 0.03365384615384615 0.15384615384615385