4 0.2800480769230769 0.2704326923076923 0.4495192307692308 0.49759615384615385
4 0.3713942307692308 0.18870192307692307 0.39663461538461536 0.37740384615384615
18 0.8425480769230769 0.1141826923076923 0.31490384615384615 0.2283653846153846
18 0.6694711538461539 0.07692307692307693 0.19951923076923078 0.15384615384615385
18 0.6117788461538461 0.21153846153846154 0.08413461538461539 0.33653846153846156
18 0.7934124554423749 0.2646098834367079 0.3162901087621658 0.3475732825785008
18 0.9651442307692307 0.3317307692307692 0.06971153846153846 0.35096153846153844
18 0.6766826923076923 0.4230769230769231 0.21394230769230768 0.19230769230769232
18 0.7848557692307693 0.46033653846153844 0.43028846153846156 0.11778846153846154
18 0.24158653846153846 0.7596153846153846 0.4831730769230769 0.4807692307692308
23 0.7536057692307693 0.6538461538461539 0.31490384615384615 0.2692307692307692
23 0.6334134615384616 0.8425480769230769 0.12740384615384615 0.31490384615384615