14 0.5036057692307693 0.17067307692307693 0.0889423076923077 0.18269230769230768
14 0.49158653846153844 0.2956730769230769 0.11298076923076923 0.16826923076923078
14 0.40778694157438056 0.23398056785414176 0.20997507213912847 0.17003465385361402
14 0.2127403846153846 0.11778846153846154 0.4254807692307692 0.23557692307692307
3 0.7740384615384616 0.18990384615384615 0.4519230769230769 0.3798076923076923
3 0.40625 0.8762019230769231 0.28365384615384615 0.24759615384615385
3 0.109375 0.9615384615384616 0.21875 0.07692307692307693
3 0.026442307692307692 0.9350961538461539 0.052884615384615384 0.12980769230769232
3 0.109375 0.7932692307692307 0.21875 0.3798076923076923
3 0.040865384615384616 0.765625 0.08173076923076923 0.31009615384615385
3 0.23913689369917043 0.7888032447742345 0.22301833164063056 0.4052191284455077
3 0.42908653846153844 0.6454326923076923 0.23798076923076922 0.24759615384615385
3 0.21719744493457682 0.5197443205302278 0.24175501788055698 0.2741603578172223
3 0.40625 0.49399038461538464 0.28365384615384615 0.2283653846153846
3 0.296875 0.41225961538461536 0.18509615384615385 0.06490384615384616
3 0.15745192307692307 0.4423076923076923 0.21394230769230768 0.125
3 0.07091346153846154 0.5588942307692307 0.14182692307692307 0.18509615384615385
3 0.7605053772709465 0.5550167191356956 0.2877923999425971 0.28269631073269336
3 0.859375 0.7199519230769231 0.28125 0.38221153846153844
3 0.6201923076923077 0.5745192307692307 0.14423076923076922 0.22596153846153846
3 0.6009615384615384 0.8137019230769231 0.10576923076923077 0.37259615384615385
3 0.6706730769230769 0.8209134615384616 0.22115384615384615 0.3581730769230769
3 0.8569711538461539 0.9483173076923077 0.2764423076923077 0.10336538461538461