3 0.1658653846153846 0.14903846153846154 0.3317307692307692 0.2980769230769231
15 0.5324519230769231 0.19110576923076922 0.12740384615384615 0.09375
15 0.5300480769230769 0.11778846153846154 0.12259615384615384 0.09134615384615384
15 0.6454326923076923 0.2403846153846154 0.22355769230769232 0.11538461538461539
15 0.7189257700064663 0.15872625074544716 0.2224310192383348 0.12886526078068636
15 0.7933439208103565 0.223599562487609 0.16062866242143442 0.11951314630462975
15 0.6622596153846154 0.040865384615384616 0.18509615384615385 0.08173076923076923
15 0.8064903846153846 0.04326923076923077 0.24278846153846154 0.08653846153846154
3 0.234375 0.8112980769230769 0.46875 0.37740384615384615
3 0.1875 0.5360576923076923 0.375 0.42788461538461536
16 0.5516826923076923 0.8713942307692307 0.1658653846153846 0.25721153846153844