4 0.28365384615384615 0.2692307692307692 0.35096153846153844 0.5384615384615384
18 0.7127403846153846 0.2692307692307692 0.5072115384615384 0.5384615384615384
16 0.8365384615384616 0.5036057692307693 0.11538461538461539 0.06971153846153846
16 0.5233915126634878 0.2218995376286759 0.11223387961358437 0.16173141644830452
16 0.6909567467672522 0.12113135858794002 0.22131503193884108 0.1577023654503538
16 0.6274038461538461 0.5252403846153846 0.22115384615384615 0.026442307692307692
16 0.7653086029819003 0.4138153074682319 0.1214309349513616 0.18120699240704197
16 0.8719940894401952 0.2920677397112391 0.15938437519726223 0.08146948758534506
18 0.22956730769230768 0.7692307692307693 0.45913461538461536 0.46153846153846156
10 0.5144230769230769 0.7055288461538461 0.11057692307692307 0.27163461538461536
10 0.5516826923076923 0.8858173076923077 0.18509615384615385 0.2283653846153846
10 0.5949519230769231 0.7692307692307693 0.25240384615384615 0.46153846153846156
10 0.7584134615384616 0.6177884615384616 0.1658653846153846 0.15865384615384615