16 0.4026442307692308 0.11899038461538461 0.5120192307692307 0.23798076923076922
8 0.8677884615384616 0.11298076923076923 0.2644230769230769 0.22596153846153846
7 0.9615384615384616 0.1814903846153846 0.07692307692307693 0.11298076923076923
15 0.15556063639212098 0.8744087315501043 0.12146717017040433 0.1990856925916463
15 0.18389423076923078 0.953125 0.16105769230769232 0.09375
15 0.13235682216563693 0.6780331336286459 0.20032830862895873 0.1252273833801862
15 0.14231589675454656 0.5949768364710233 0.13226009860695995 0.1555388115114862
15 0.15355082565196732 0.4103732596189349 0.13645434219919025 0.22156755801175593
15 0.39783653846153844 0.9603365384615384 0.1658653846153846 0.07932692307692307
15 0.3207636154144564 0.9208644924752262 0.16844067902382748 0.08611922246358333
15 0.29167247881428354 0.8281319294800817 0.18794120699653363 0.10530340957492147
15 0.308082772516508 0.7215763298974939 0.19915096317387082 0.1108043064571093
15 0.2707743986203883 0.6307084539426993 0.1323336331063822 0.1710867887809867
15 0.5877403846153846 0.7644230769230769 0.14182692307692307 0.21153846153846154
15 0.44571505526903504 0.7818085452906283 0.13915272308289117 0.16674123285629142
15 0.5010290862597462 0.47807483746486246 0.14918513380514042 0.15781905281540204
15 0.4571709843968884 0.5266766205525756 0.09443638811663554 0.1315935142118866
15 0.3764457156344446 0.5776983913024973 0.147615339865023 0.1385882835846328
15 0.4361989729714051 0.4308774474401583 0.13356033217122323 0.09823161747167602
15 0.36859714266602367 0.36437226545418544 0.11982404009694761 0.10572080624414373
8 0.8786057692307693 0.5504807692307693 0.24278846153846154 0.3605769230769231
8 0.9230769230769231 0.7151442307692307 0.15384615384615385 0.25240384615384615
8 0.8942307692307693 0.8677884615384616 0.21153846153846154 0.24519230769230768