11 0.07692307692307693 0.33533653846153844 0.0625 0.44471153846153844
2 0.49298350472705754 0.20867729955195513 0.4426427589706947 0.35342469544139593
15 0.9000410245169029 0.40828381242957473 0.11413159235858217 0.20668965437251677
14 0.8100961538461539 0.03245192307692308 0.19230769230769232 0.06490384615384616
14 0.14182692307692307 0.04326923076923077 0.0673076923076923 0.08653846153846154
14 0.1310096153846154 0.12379807692307693 0.04567307692307692 0.06971153846153846
14 0.13341346153846154 0.18509615384615385 0.05048076923076923 0.10096153846153846
24 0.4423076923076923 0.59375 0.13942307692307693 0.07211538461538461
24 0.53125 0.5817307692307693 0.08653846153846154 0.04807692307692308
24 0.4464529279979049 0.6808652410884586 0.12119207083854946 0.13591604924594344
24 0.30802193751254464 0.7682691282499979 0.12504998001623044 0.13956377540027903
24 0.3029121252417102 0.9101519938916762 0.13687584749618495 0.15411272309405505
24 0.3112980769230769 0.9603365384615384 0.12259615384615384 0.07932692307692307
24 0.36874872120919766 0.845961415438459 0.09256455027300703 0.10435836513978977