19 0.40384615384615385 0.4050480769230769 0.16826923076923078 0.30528846153846156
19 0.33052884615384615 0.41225961538461536 0.25721153846153844 0.29086538461538464
19 0.15504807692307693 0.4495192307692308 0.31009615384615385 0.21634615384615385
19 0.08052884615384616 0.4675480769230769 0.16105769230769232 0.18028846153846154
11 0.8197115384615384 0.36658653846153844 0.21634615384615385 0.38221153846153844
11 0.5288461538461539 0.2439903846153846 0.08173076923076923 0.18028846153846154
11 0.5649038461538461 0.5060096153846154 0.15384615384615385 0.10336538461538461
11 0.6813008114688915 0.38256463966176885 0.23218239571797766 0.23722978947014212
11 0.6797100899281587 0.2016129757834137 0.2731409445722242 0.20293518321090992
22 0.2439903846153846 0.6334134615384616 0.4879807692307692 0.15144230769230768
11 0.3786057692307692 0.6947115384615384 0.21875 0.27403846153846156
16 0.40865384615384615 0.9038461538461539 0.15865384615384615 0.14423076923076922
11 0.7163461538461539 0.7788461538461539 0.4567307692307692 0.4423076923076923