16 0.4735576923076923 0.30649038461538464 0.028846153846153848 0.23317307692307693
16 0.4110576923076923 0.19471153846153846 0.15384615384615385 0.20192307692307693
16 0.4675480769230769 0.1045673076923077 0.040865384615384616 0.2091346153846154
16 0.26322115384615385 0.2920673076923077 0.2956730769230769 0.27163461538461536
16 0.26802884615384615 0.10216346153846154 0.27163461538461536 0.20432692307692307
16 0.08413461538461539 0.109375 0.16826923076923078 0.21875
22 0.828125 0.21394230769230768 0.34375 0.42788461538461536
15 0.2439903846153846 0.7932692307692307 0.4879807692307692 0.41346153846153844
15 0.2439903846153846 0.5600961538461539 0.4879807692307692 0.2644230769230769
15 0.359375 0.7896634615384616 0.25721153846153844 0.3581730769230769
3 0.6682692307692307 0.6514423076923077 0.3605769230769231 0.4375