19 0.040865384615384616 0.16105769230769232 0.08173076923076923 0.28846153846153844
24 0.7367788461538461 0.1310096153846154 0.5264423076923077 0.2620192307692308
24 0.45913461538461536 0.19831730769230768 0.13942307692307693 0.24278846153846154
24 0.24759615384615385 0.5216346153846154 0.16826923076923078 0.04326923076923077
24 0.2371585768722206 0.6211239139183464 0.1839214452210669 0.16923084049035025
24 0.22156935253971533 0.7813155659511428 0.16063886511457207 0.18253430807333698
24 0.18059332011459575 0.8539644219667439 0.16324190324569415 0.1406909222490473
24 0.16947115384615385 0.9423076923076923 0.1658653846153846 0.11538461538461539
24 0.12620192307692307 0.9651442307692307 0.14182692307692307 0.06971153846153846
24 0.7331730769230769 0.8617788461538461 0.5 0.2764423076923077
24 0.4807692307692308 0.8737980769230769 0.18269230769230768 0.25240384615384615
24 0.6033653846153846 0.6586538461538461 0.42788461538461536 0.3173076923076923