14 0.3293269230769231 0.2548076923076923 0.6586538461538461 0.5096153846153846
21 0.9699519230769231 0.20793269230769232 0.06009615384615385 0.34375
21 0.9122596153846154 0.24158653846153846 0.17548076923076922 0.35336538461538464
21 0.8216708375255906 0.23678901795802718 0.23658443984217817 0.3391483779463176
21 0.765625 0.25841346153846156 0.21394230769230768 0.3293269230769231
2 0.14302884615384615 0.9074519230769231 0.24759615384615385 0.18509615384615385
2 0.2660883769410605 0.6976662686738918 0.18041965879861785 0.2146422142143321
2 0.38285564856380405 0.7795847560676056 0.20894020907294739 0.3380219618598014
2 0.44591346153846156 0.5564903846153846 0.1466346153846154 0.09375
2 0.23076923076923078 0.5637019230769231 0.3269230769230769 0.10817307692307693
2 0.04447115384615385 0.7091346153846154 0.0889423076923077 0.14903846153846154
21 0.7800480769230769 0.7415865384615384 0.24278846153846154 0.4639423076923077