0 0.09975961538461539 0.21394230769230768 0.19951923076923078 0.28846153846153844
6 0.8677884615384616 0.12620192307692307 0.2644230769230769 0.25240384615384615
7 0.18870192307692307 0.4098557692307692 0.37740384615384615 0.10336538461538461
7 0.15264423076923078 0.5288461538461539 0.30528846153846156 0.23557692307692307
7 0.25240384615384615 0.6430288461538461 0.4326923076923077 0.18509615384615385
7 0.17908653846153846 0.8088942307692307 0.3581730769230769 0.19951923076923078
7 0.23299547391419273 0.8233363025381609 0.372583852335593 0.2184562463983874
7 0.24278846153846154 0.9206730769230769 0.4519230769230769 0.15865384615384615
7 0.21153846153846154 0.9579326923076923 0.4230769230769231 0.08413461538461539
7 0.1622596153846154 0.9567307692307693 0.3245192307692308 0.08653846153846154
7 0.3141231764432153 0.5619847954895765 0.29835747796601314 0.13777094959670874
0 0.6346153846153846 0.6790865384615384 0.3317307692307692 0.6418269230769231
0 0.84375 0.6766826923076923 0.3125 0.6370192307692307