24 0.34134615384615385 0.3317307692307692 0.19230769230769232 0.19230769230769232
24 0.17668269230769232 0.140625 0.35336538461538464 0.28125
24 0.8028846153846154 0.21394230769230768 0.3942307692307692 0.42788461538461536
24 0.234375 0.7139423076923077 0.46875 0.5721153846153846
24 0.8530429749077365 0.6945768525292306 0.27593260622825067 0.27943345828989063
24 0.7211538461538461 0.9098557692307693 0.16346153846153846 0.18028846153846154
24 0.5516826923076923 0.8317307692307693 0.1658653846153846 0.23076923076923078
24 0.5709134615384616 0.6237980769230769 0.20432692307692307 0.21875
24 0.6766826923076923 0.5024038461538461 0.27163461538461536 0.14903846153846154
24 0.6860363632587213 0.779896916073313 0.16670110887775416 0.15736550338004754
24 0.7023921703519617 0.6305087306377539 0.15347995503160033 0.15698080709324033