14 0.19831730769230768 0.08774038461538461 0.2620192307692308 0.17548076923076922
14 0.20192307692307693 0.40865384615384615 0.2548076923076923 0.3605769230769231
14 0.17908653846153846 0.21634615384615385 0.3004807692307692 0.22596153846153846
14 0.9182692307692307 0.48197115384615385 0.16346153846153846 0.28125
14 0.7909127545643085 0.46962866150688387 0.22495484779671548 0.2980427615125355
14 0.6264455172683618 0.4729904916560436 0.22318882961408354 0.27640814612792014
14 0.5469219732167582 0.5888925582498066 0.10302169464185962 0.08469402209720737
14 0.06610576923076923 0.7860576923076923 0.13221153846153846 0.1346153846153846
14 0.19110576923076922 0.7644230769230769 0.24278846153846154 0.09134615384615384
0 0.75 0.8064903846153846 0.16826923076923078 0.17548076923076922
0 0.59375 0.8197115384615384 0.20192307692307693 0.20192307692307693
0 0.84375 0.953125 0.20673076923076922 0.09375