18 0.203125 0.21394230769230768 0.40625 0.42788461538461536
23 0.8665865384615384 0.16947115384615385 0.2668269230769231 0.3389423076923077
23 0.8485576923076923 0.3798076923076923 0.30288461538461536 0.09615384615384616
23 0.7487980769230769 0.2996451062458591 0.23677884615384615 0.24384542258398356
23 0.15865384615384615 0.6057692307692307 0.3076923076923077 0.3557692307692308
24 0.028846153846153848 0.9002403846153846 0.057692307692307696 0.18509615384615385
14 0.3112980769230769 0.95006476589374 0.171875 0.06369431494870198
14 0.15264423076923078 0.9532012341304116 0.17067307692307693 0.06725811210075523
12 0.8774038461538461 0.7139423076923077 0.24519230769230768 0.5721153846153846
12 0.7307692307692307 0.7139423076923077 0.40384615384615385 0.5721153846153846
12 0.6322115384615384 0.6538461538461539 0.20673076923076922 0.4519230769230769