22 0.27884615384615385 0.25 0.5576923076923077 0.5
14 0.6274038461538461 0.1502403846153846 0.13942307692307693 0.3004807692307692
14 0.625 0.4338942307692308 0.1346153846153846 0.13221153846153846
14 0.8413461538461539 0.21514423076923078 0.3173076923076923 0.27163461538461536
14 0.8413461538461539 0.3701923076923077 0.3173076923076923 0.25961538461538464
14 0.8629807692307693 0.06490384615384616 0.27403846153846156 0.12980769230769232
17 0.3166483498929492 0.583846825170833 0.12958690656372873 0.14837007467227564
17 0.44170630991132537 0.6867625987858971 0.10666644289177349 0.1442327791088676
17 0.5180288461538461 0.5504807692307693 0.07932692307692307 0.10096153846153846
17 0.19471153846153846 0.5925480769230769 0.3269230769230769 0.18509615384615385
17 0.7331730769230769 0.6490384615384616 0.35096153846153844 0.2980769230769231
17 0.9610739396756416 0.5577601538779373 0.0636190028055556 0.04953162672414525