16 0.2980769230769231 0.1875 0.25961538461538464 0.375
16 0.5952362149516781 0.24158653846153846 0.3250374833335276 0.2956730769230769
16 0.5168269230769231 0.07091346153846154 0.1778846153846154 0.14182692307692307
16 0.6790865384615384 0.06009615384615385 0.30528846153846156 0.1201923076923077
16 0.8581730769230769 0.11899038461538461 0.20673076923076922 0.23798076923076922
17 0.3473557692307692 0.7896634615384616 0.16105769230769232 0.4206730769230769
3 0.7667204316080133 0.8930288461538461 0.23672370683773636 0.1971153846153846
3 0.8449519230769231 0.9447115384615384 0.18509615384615385 0.11057692307692307
24 0.5685096153846154 0.9615384615384616 0.25721153846153844 0.07692307692307693
24 0.5676207558732264 0.8209134615384616 0.19211270131343466 0.17307692307692307
24 0.47596153846153844 0.8858173076923077 0.09615384615384616 0.17548076923076922