18 0.27403846153846156 0.23918269230769232 0.5480769230769231 0.47836538461538464
16 0.1297080995732919 0.09252684834028894 0.10708300032274073 0.15039258767072747
16 0.2798739198709519 0.17859071679870347 0.20629615799891135 0.14957393584064577
16 0.25646873410084614 0.40854313814350857 0.21281494893310915 0.1093247330692569
16 0.4483173076923077 0.027644230769230768 0.1466346153846154 0.055288461538461536
18 0.8509615384615384 0.0733173076923077 0.2548076923076923 0.1466346153846154
18 0.9110576923076923 0.26322115384615385 0.1778846153846154 0.27163461538461536
18 0.9603365384615384 0.078125 0.07932692307692307 0.15625
18 0.9771634615384616 0.34975961538461536 0.04567307692307692 0.24759615384615385
18 0.9411057692307693 0.4254807692307692 0.11778846153846154 0.10576923076923077
18 0.7848557692307693 0.39302884615384615 0.27163461538461536 0.17067307692307693
18 0.761667179372454 0.20903452166567182 0.20584361539176058 0.3014479393048817
16 0.8209134615384616 0.41947115384615385 0.11298076923076923 0.11778846153846154
4 0.24759615384615385 0.7451923076923077 0.4807692307692308 0.5096153846153846
24 0.4495192307692308 0.49038461538461536 0.11538461538461539 0.02403846153846154
24 0.5492788461538461 0.53125 0.10336538461538461 0.10576923076923077
23 0.8245192307692307 0.9399038461538461 0.35096153846153844 0.1201923076923077
23 0.8245192307692307 0.7067307692307693 0.35096153846153844 0.3173076923076923