15 0.34975961538461536 0.27884615384615385 0.6995192307692307 0.4182692307692308
16 0.8497596153846154 0.2439903846153846 0.3004807692307692 0.4879807692307692
15 0.47954815999825545 0.7851035476970141 0.265674631156337 0.21244331605717165
15 0.625 0.6959134615384616 0.14903846153846154 0.17067307692307693
15 0.578125 0.9194711538461539 0.11778846153846154 0.16105769230769232
15 0.4170673076923077 0.9134615384615384 0.14182692307692307 0.17307692307692307
15 0.19768001648454644 0.8667747315151073 0.08284114002203899 0.17081385114832442
15 0.12139423076923077 0.8930288461538461 0.13701923076923078 0.21394230769230768
15 0.13548908824140093 0.8223935795425165 0.06750611503424071 0.0756521316179373
15 0.03245192307692308 0.7920673076923077 0.06490384615384616 0.19951923076923078
5 0.8497596153846154 0.5661057692307693 0.3004807692307692 0.15625
5 0.8497596153846154 0.7451923076923077 0.3004807692307692 0.18269230769230768