21 0.20938355506396145 0.2762020274725287 0.14821987835961223 0.2010882835846328
21 0.2091346153846154 0.2848557692307692 0.4182692307692308 0.5697115384615384
8 0.9146634615384616 0.15384615384615385 0.17067307692307693 0.23557692307692307
8 0.7872596153846154 0.47475961538461536 0.3389423076923077 0.18990384615384615
4 0.7258808017188839 0.13206442248062128 0.16726434398895187 0.1580035388874695
4 0.8185096153846154 0.33774038461538464 0.3629807692307692 0.21875
4 0.6213942307692307 0.5360576923076923 0.1466346153846154 0.0673076923076923
4 0.5976617371118796 0.30360273335321086 0.07574374081181351 0.08747703340716156
8 0.1814903846153846 0.7884615384615384 0.3629807692307692 0.4230769230769231
2 0.8473557692307693 0.7848557692307693 0.30528846153846156 0.43028846153846156
22 0.5396634615384616 0.7271634615384616 0.24278846153846154 0.31490384615384615