21 0.23677884615384615 0.2608173076923077 0.30528846153846156 0.19471153846153846
21 0.15264423076923078 0.19471153846153846 0.30528846153846156 0.3269230769230769
21 0.4387019230769231 0.16947115384615385 0.0985576923076923 0.23317307692307693
21 0.4651442307692308 0.054086538461538464 0.15144230769230768 0.10817307692307693
2 0.10216346153846154 0.6706730769230769 0.20432692307692307 0.3798076923076923
2 0.15865384615384615 0.8533653846153846 0.3173076923076923 0.2932692307692308
2 0.28365384615384615 0.7860576923076923 0.21153846153846154 0.34615384615384615
2 0.23677884615384615 0.9567307692307693 0.30528846153846156 0.08653846153846154
19 0.8677884615384616 0.9519230769230769 0.2644230769230769 0.09615384615384616
19 0.8185096153846154 0.8930288461538461 0.31009615384615385 0.21394230769230768
19 0.5480769230769231 0.8713942307692307 0.3173076923076923 0.22355769230769232
19 0.4206730769230769 0.7596153846153846 0.0625 0.27884615384615385
19 0.6561642053837626 0.6838384284511785 0.24471034498963626 0.22829632658794205
19 0.9278846153846154 0.6790865384615384 0.14423076923076922 0.18990384615384615
19 0.8275143453729725 0.6435987707548864 0.19407737270352415 0.13007120315492918
19 0.7954189377431343 0.7493943347939455 0.23589747069597108 0.16557240471992402