6 0.2692307692307692 0.19230769230769232 0.39903846153846156 0.38461538461538464
11 0.7175480769230769 0.1814903846153846 0.49759615384615385 0.3629807692307692
24 0.7127403846153846 0.3701923076923077 0.4879807692307692 0.25961538461538464
10 0.19620078805099322 0.7020557170484333 0.34938056551458796 0.27172496324725404
10 0.37259615384615385 0.5925480769230769 0.19230769230769232 0.18509615384615385
10 0.2860576923076923 0.546875 0.24519230769230768 0.09375
10 0.4074519230769231 0.7836538461538461 0.12259615384615384 0.2932692307692308
10 0.29927884615384615 0.8834134615384616 0.3389423076923077 0.23317307692307693
10 0.07451923076923077 0.859375 0.14903846153846154 0.28125
25 0.8100961538461539 0.9471153846153846 0.2980769230769231 0.10576923076923077
25 0.8557692307692307 0.7908653846153846 0.28846153846153844 0.4182692307692308