21 0.23677884615384615 0.44591346153846156 0.30528846153846156 0.06490384615384616
21 0.23918269230769232 0.2608173076923077 0.3004807692307692 0.21875
21 0.22596153846153846 0.1346153846153846 0.3269230769230769 0.2692307692307692
21 0.18629807692307693 0.11538461538461539 0.3485576923076923 0.23076923076923078
21 0.3016826923076923 0.36778846153846156 0.17548076923076922 0.11538461538461539
11 0.5132211538461539 0.20552884615384615 0.24759615384615385 0.18990384615384615
11 0.5228365384615384 0.2980769230769231 0.2668269230769231 0.11538461538461539
11 0.4879807692307692 0.39903846153846156 0.1971153846153846 0.1201923076923077
11 0.7014957269361388 0.1971153846153846 0.28635981227083435 0.14182692307692307
11 0.7505900064421136 0.30288461538461536 0.254462709070405 0.11538461538461539
11 0.7319711538461539 0.421875 0.2620192307692308 0.11298076923076923
2 0.10817307692307693 0.9050480769230769 0.21634615384615385 0.18990384615384615
2 0.31490384615384615 0.8221153846153846 0.14903846153846154 0.25
2 0.8233173076923077 0.8389423076923077 0.35336538461538464 0.32211538461538464
2 0.5795801829567147 0.8112980769230769 0.285821465744271 0.27163461538461536
2 0.4230769230769231 0.9122596153846154 0.0673076923076923 0.14182692307692307
2 0.6947115384615384 0.9423076923076923 0.6105769230769231 0.11538461538461539