18 0.109375 0.2091346153846154 0.21875 0.4182692307692308
18 0.8966346153846154 0.019230769230769232 0.20192307692307693 0.038461538461538464
18 0.8918269230769231 0.18389423076923078 0.21634615384615385 0.3581730769230769
18 0.9026442307692307 0.3581730769230769 0.19471153846153846 0.1201923076923077
18 0.6959134615384616 0.3605769230769231 0.3293269230769231 0.11538461538461539
18 0.7007211538461539 0.171875 0.28125 0.34375
18 0.5108173076923077 0.039663461538461536 0.2620192307692308 0.07932692307692307
18 0.4600386938905379 0.1930547555405825 0.16220455498678524 0.29801758645284776
18 0.40384615384615385 0.3701923076923077 0.1875 0.09615384615384616
18 0.3737980769230769 0.04927884615384615 0.15625 0.0985576923076923
10 0.609375 0.8125 0.78125 0.2692307692307692
10 0.5949519230769231 0.6682692307692307 0.7524038461538461 0.28365384615384615