14 0.25841346153846156 0.12379807692307693 0.4206730769230769 0.24759615384615385
14 0.24278846153846154 0.421875 0.4519230769230769 0.2956730769230769
14 0.14260656855470943 0.22771417747173614 0.2685242058928321 0.3495637896646707
25 0.7475961538461539 0.5 0.5048076923076923 0.13942307692307693
25 0.7087327810240469 0.26069462688181105 0.35784956511076543 0.3407695110202299
25 0.8414958981306344 0.3497667124259984 0.20786114097270314 0.3341926677353237
25 0.9663461538461539 0.3894230769230769 0.0673076923076923 0.2980769230769231
20 0.234375 0.7091346153846154 0.46875 0.27884615384615385
25 0.234375 0.9471153846153846 0.46875 0.10576923076923077
14 0.5985576923076923 0.9459134615384616 0.10576923076923077 0.10817307692307693
14 0.5493009497960399 0.6693168685099014 0.12218754827231794 0.13855101564280792
14 0.6629013986008309 0.7353881943983614 0.1587491615346549 0.15089868880041618
14 0.6439430330859524 0.6477568174430104 0.12965615802082062 0.12115970348214725
14 0.6009615384615384 0.5985576923076923 0.1201923076923077 0.057692307692307696
14 0.8064903846153846 0.9350961538461539 0.13701923076923078 0.12980769230769232