11 0.3088942307692308 0.23918269230769232 0.6177884615384616 0.47836538461538464
14 0.9254807692307693 0.11899038461538461 0.14903846153846154 0.23798076923076922
14 0.7706746585344721 0.0851747176750002 0.14950082976300608 0.14646977978092962
14 0.8385845754785971 0.2417614234557161 0.17092650259510342 0.23228189443482924
14 0.9399038461538461 0.24158653846153846 0.1201923076923077 0.3293269230769231
11 0.07091346153846154 0.6538461538461539 0.14182692307692307 0.14423076923076922
11 0.03485576923076923 0.7596153846153846 0.06971153846153846 0.1201923076923077
11 0.04807692307692308 0.9338942307692307 0.09615384615384616 0.10336538461538461
11 0.08413461538461539 0.9795673076923077 0.16826923076923078 0.040865384615384616
11 0.34375 0.6514423076923077 0.27884615384615385 0.30288461538461536
11 0.31971153846153844 0.9459134615384616 0.2932692307692308 0.10817307692307693
14 0.9206730769230769 0.828125 0.15865384615384615 0.22355769230769232
14 0.8075863170199955 0.7583085958312503 0.2537053528497189 0.22099102042825874
14 0.7463942307692307 0.9266826923076923 0.13701923076923078 0.1466346153846154