2 0.23076923076923078 0.06850961538461539 0.46153846153846156 0.13701923076923078
2 0.5480769230769231 0.027644230769230768 0.2403846153846154 0.055288461538461536
2 0.09014423076923077 0.21754807692307693 0.18028846153846154 0.19471153846153846
2 0.5216346153846154 0.32091346153846156 0.2932692307692308 0.21394230769230768
2 0.41880330280830147 0.2178253762139246 0.4781449307152801 0.24307676018896357
2 0.5168269230769231 0.4723557692307692 0.30288461538461536 0.24278846153846154
2 0.234375 0.4338942307692308 0.35336538461538464 0.3293269230769231
14 0.6935096153846154 0.13701923076923078 0.05048076923076923 0.22115384615384615
14 0.7872596153846154 0.07572115384615384 0.23798076923076922 0.15144230769230768
2 0.41346153846153844 0.84375 0.5096153846153846 0.3125
2 0.1045673076923077 0.8461538461538461 0.2091346153846154 0.3076923076923077
11 0.6947115384615384 0.8293269230769231 0.052884615384615384 0.18269230769230768
11 0.7857712701110251 0.7928402790854313 0.13766401081863905 0.12335135290815284
11 0.9326923076923077 0.8245192307692307 0.1346153846153846 0.19230769230769232
11 0.7790702925575705 0.8974075867777389 0.1902082522645319 0.1933425947259873
11 0.9002403846153846 0.8990384615384616 0.19951923076923078 0.14903846153846154