19 0.2127403846153846 0.33052884615384615 0.4254807692307692 0.19471153846153846
19 0.36780671141499377 0.18286471822454436 0.23363735888951218 0.23450866044938995
19 0.4495192307692308 0.07451923076923077 0.25961538461538464 0.14903846153846154
19 0.573083801824683 0.1960920632994562 0.20136816932852936 0.3136397911769059
24 0.7367788461538461 0.0889423076923077 0.11778846153846154 0.1778846153846154
24 0.7163461538461539 0.2512019230769231 0.07692307692307693 0.18509615384615385
24 0.810129923830404 0.2953568079369452 0.18246426136231128 0.1945515103868177
24 0.9132584490548007 0.23947397676635476 0.16837685876477693 0.2136983686106982
24 0.9723557692307693 0.09495192307692307 0.055288461538461536 0.0985576923076923
24 0.9819711538461539 0.24519230769230768 0.036057692307692304 0.13942307692307693
24 0.9543269230769231 0.36899038461538464 0.09134615384615384 0.11778846153846154
19 0.3389423076923077 0.5384615384615384 0.6778846153846154 0.22115384615384615
19 0.5432692307692307 0.703125 0.2692307692307692 0.17067307692307693
19 0.8954326923076923 0.7139423076923077 0.2091346153846154 0.5721153846153846