24 0.09254807692307693 0.20673076923076922 0.18509615384615385 0.2980769230769231
24 0.13666047078407648 0.536949818712948 0.12085757305121557 0.11529177209423999
24 0.08252588973966778 0.47471019533482495 0.11212941683255782 0.09667459939759973
24 0.15847173639245477 0.3877685338678806 0.16610497377518685 0.16287265195230452
24 0.32112388174647466 0.28516012905967103 0.11723082417509996 0.11383770907040504
24 0.3477164004795705 0.5498018392633595 0.14307961850553058 0.1504584579295563
24 0.38867451673733233 0.40408350034245516 0.16161197614769074 0.18056531151026844
24 0.45114472403099437 0.5389680582211216 0.10537943056864034 0.12261262719608422
24 0.5264423076923077 0.49399038461538464 0.04326923076923077 0.10336538461538461
24 0.5048076923076923 0.4014423076923077 0.08653846153846154 0.1201923076923077
25 0.7632211538461539 0.4338942307692308 0.43028846153846156 0.45913461538461536
25 0.7740384615384616 0.22716346153846154 0.4519230769230769 0.3293269230769231
24 0.15264423076923078 0.8161057692307693 0.28125 0.11298076923076923
14 0.5180288461538461 0.7956730769230769 0.06009615384615385 0.07211538461538461
14 0.29401966221862214 0.9037896170542781 0.1810376454787552 0.12430179685046028
6 0.7740384615384616 0.8798076923076923 0.4519230769230769 0.2403846153846154