12 0.18028846153846154 0.10336538461538461 0.3605769230769231 0.20673076923076922
12 0.28846153846153844 0.3942307692307692 0.3269230769230769 0.14903846153846154
12 0.28012778116577475 0.28617197771565894 0.30554350640492867 0.21446755284051186
12 0.037259615384615384 0.22716346153846154 0.07451923076923077 0.19951923076923078
17 0.6646634615384616 0.2512019230769231 0.29086538461538464 0.43509615384615385
0 0.41947115384615385 0.6382211538461539 0.19951923076923078 0.3389423076923077
0 0.3449519230769231 0.5348557692307693 0.3485576923076923 0.13221153846153846
20 0.8461538461538461 0.5180288461538461 0.27403846153846156 0.0985576923076923
20 0.85543668739506 0.7047131179021288 0.28567197706877334 0.25761091709940953
20 0.8161057692307693 0.9158653846153846 0.23317307692307693 0.16826923076923078
20 0.9350961538461539 0.7860576923076923 0.12980769230769232 0.2548076923076923
20 0.8966346153846154 0.9675480769230769 0.20192307692307693 0.06490384615384616