16 0.1658653846153846 0.43149038461538464 0.3317307692307692 0.09375
16 0.125 0.28725961538461536 0.25 0.31490384615384615
16 0.45072115384615385 0.41947115384615385 0.3389423076923077 0.11778846153846154
16 0.3338658484730929 0.3267774609520451 0.27835479977553573 0.2446881819393227
15 0.75 0.3701923076923077 0.14903846153846154 0.21634615384615385
15 0.8245192307692307 0.3581730769230769 0.1778846153846154 0.2403846153846154
15 0.8413461538461539 0.05048076923076923 0.3076923076923077 0.10096153846153846
15 0.78125 0.028846153846153848 0.2644230769230769 0.057692307692307696
15 0.9447115384615384 0.19230769230769232 0.11057692307692307 0.23076923076923078
3 0.4483173076923077 0.5745192307692307 0.36778846153846156 0.19230769230769232
3 0.3855497309772826 0.7741502747915295 0.3669781934822363 0.26061578509474176
3 0.41225961538461536 0.9230769230769231 0.37259615384615385 0.15384615384615385
16 0.8197115384615384 0.8125 0.3605769230769231 0.375
16 0.90625 0.8100961538461539 0.1875 0.3798076923076923