24 0.09254807692307693 0.14423076923076922 0.18509615384615385 0.2692307692307692
24 0.09134615384615384 0.390625 0.18269230769230768 0.21875
24 0.2608173076923077 0.3557692307692308 0.33413461538461536 0.2980769230769231
24 0.3161057692307692 0.1310096153846154 0.22355769230769232 0.2620192307692308
19 0.7067307692307693 0.4963942307692308 0.1778846153846154 0.10336538461538461
19 0.8990384615384616 0.47115384615384615 0.18269230769230768 0.15384615384615385
19 0.7972546098364673 0.3161057692307692 0.29630258684069627 0.2668269230769231
19 0.9567307692307693 0.2644230769230769 0.08653846153846154 0.22596153846153846
19 0.703125 0.13822115384615385 0.11778846153846154 0.2764423076923077
19 0.8713942307692307 0.09134615384615384 0.25721153846153844 0.18269230769230768
24 0.05048076923076923 0.9350961538461539 0.10096153846153846 0.12980769230769232
24 0.1045673076923077 0.7704326923076923 0.2091346153846154 0.2091346153846154
24 0.04567307692307692 0.6442307692307693 0.09134615384615384 0.19230769230769232
24 0.20599306260572392 0.6478365384615384 0.18945778295121832 0.18269230769230768
24 0.06911665514309913 0.6286057692307693 0.1325136584246805 0.14182692307692307
24 0.6658653846153846 0.8173076923076923 0.47596153846153844 0.36538461538461536
24 0.8497596153846154 0.7019230769230769 0.3004807692307692 0.3076923076923077