12 0.09735576923076923 0.3269230769230769 0.19471153846153846 0.4423076923076923
12 0.25841346153846156 0.3004807692307692 0.18990384615384615 0.4951923076923077
12 0.46875 0.30528846153846156 0.1778846153846154 0.4855769230769231
12 0.040865384615384616 0.078125 0.08173076923076923 0.15625
12 0.1622596153846154 0.10096153846153846 0.1658653846153846 0.20192307692307693
12 0.38100961538461536 0.07932692307692307 0.23317307692307693 0.15865384615384615
12 0.5264423076923077 0.10336538461538461 0.0625 0.20673076923076922
9 0.7788461538461539 0.06610576923076923 0.4423076923076923 0.13221153846153846
9 0.7788461538461539 0.27403846153846156 0.4423076923076923 0.5480769230769231
4 0.21514423076923078 0.65625 0.35336538461538464 0.21634615384615385
10 0.7788461538461539 0.7740384615384616 0.4423076923076923 0.4519230769230769