7 0.04447115384615385 0.3161057692307692 0.0889423076923077 0.5841346153846154
7 0.10817307692307693 0.30408653846153844 0.17307692307692307 0.6081730769230769
7 0.16947115384615385 0.31009615384615385 0.12740384615384615 0.5961538461538461
7 0.25961538461538464 0.11778846153846154 0.2403846153846154 0.23557692307692307
20 0.6069711538461539 0.5588942307692307 0.0889423076923077 0.0985576923076923
20 0.6742788461538461 0.5805288461538461 0.0889423076923077 0.055288461538461536
20 0.651603933999698 0.48874307223982183 0.09992814250403889 0.10270278065625259
20 0.7457795324060859 0.5583077400685986 0.09613340291527805 0.09880267506171127
20 0.7308048768379598 0.4798638260829915 0.13490989197346928 0.10795187832656147
20 0.7259615384615384 0.20192307692307693 0.2548076923076923 0.40384615384615385
20 0.18990384615384615 0.7427884615384616 0.3798076923076923 0.2692307692307692
20 0.08413461538461539 0.8221153846153846 0.16826923076923078 0.2692307692307692
0 0.5817307692307693 0.7451923076923077 0.40384615384615385 0.27403846153846156
0 0.53125 0.9026442307692307 0.30288461538461536 0.19471153846153846