14 0.4735576923076923 0.33533653846153844 0.09134615384615384 0.10817307692307693
14 0.4831730769230769 0.03245192307692308 0.07211538461538461 0.06490384615384616
14 0.4495192307692308 0.20072115384615385 0.13942307692307693 0.31009615384615385
14 0.34134615384615385 0.2980769230769231 0.1875 0.18269230769230768
14 0.17067307692307693 0.359375 0.14903846153846154 0.06009615384615385
14 0.19471153846153846 0.30408653846153844 0.125 0.17067307692307693
14 0.20636471053769545 0.15527037322883747 0.16075973454359122 0.2103489951585886
14 0.28150873169058993 0.18542775589913857 0.15893302108300433 0.17549322592781935
14 0.38341346153846156 0.06009615384615385 0.17067307692307693 0.1201923076923077
14 0.2668269230769231 0.051682692307692304 0.14903846153846154 0.10336538461538461
22 0.7596153846153846 0.19471153846153846 0.4807692307692308 0.3894230769230769
17 0.44711538461538464 0.6742788461538461 0.14423076923076922 0.5072115384615384
3 0.7596153846153846 0.6706730769230769 0.4807692307692308 0.5625