16 0.33774038461538464 0.3317307692307692 0.3293269230769231 0.2548076923076923
16 0.33533653846153844 0.12620192307692307 0.31009615384615385 0.25240384615384615
15 0.9543269230769231 0.22956730769230768 0.09134615384615384 0.45913461538461536
15 0.6911057692307693 0.6213942307692307 0.21394230769230768 0.2283653846153846
15 0.5870269102266116 0.6111581598562661 0.16161098840862181 0.2268322351136178
15 0.6879006749919074 0.5023463311822867 0.16551817031862454 0.06365047576975738
15 0.485042774670046 0.5503589451252526 0.16841424375003144 0.1465831680774497
15 0.3435516282228512 0.5641010717263885 0.24845469216512733 0.16932403810598584
15 0.078125 0.5685096153846154 0.15625 0.16105769230769232
15 0.12701088118895928 0.5992772281100078 0.18144080440844726 0.17577904582070103
15 0.20213298826605686 0.648826604645405 0.20396827111313123 0.13320926284566548
15 0.3894230769230769 0.8016826923076923 0.2644230769230769 0.39663461538461536
3 0.8990384615384616 0.6454326923076923 0.20192307692307693 0.37259615384615385