14 0.1310096153846154 0.13341346153846154 0.2620192307692308 0.2668269230769231
22 0.6370192307692307 0.25721153846153844 0.5961538461538461 0.5144230769230769
3 0.08533653846153846 0.9891826923076923 0.1466346153846154 0.021634615384615384
3 0.025240384615384616 0.7860576923076923 0.05048076923076923 0.10096153846153846
3 0.026442307692307692 0.6790865384615384 0.052884615384615384 0.07932692307692307
3 0.05889423076923077 0.6262019230769231 0.11778846153846154 0.0985576923076923
3 0.056490384615384616 0.5889423076923077 0.11298076923076923 0.0625
14 0.7596153846153846 0.9074519230769231 0.4519230769230769 0.18509615384615385
14 0.5120192307692307 0.9158653846153846 0.20673076923076922 0.16826923076923078
14 0.6057083396019693 0.7300368136979289 0.1342732690765442 0.22509630451202567
14 0.8257211538461539 0.7007211538461539 0.3485576923076923 0.2860576923076923