13 0.30649038461538464 0.3389423076923077 0.3918269230769231 0.39903846153846156
3 0.7627701743317226 0.2827519595212541 0.3366933253790369 0.24884904305283093
3 0.671875 0.44350961538461536 0.2860576923076923 0.18990384615384615
3 0.7728365384615384 0.48197115384615385 0.37740384615384615 0.11298076923076923
14 0.04326923076923077 0.6442307692307693 0.08653846153846154 0.21153846153846154
14 0.19471153846153846 0.6742788461538461 0.3317307692307692 0.27163461538461536
14 0.41947115384615385 0.6862980769230769 0.21875 0.2956730769230769
14 0.35336538461538464 0.5576923076923077 0.20192307692307693 0.038461538461538464
14 0.5961538461538461 0.6887019230769231 0.1346153846153846 0.3004807692307692
14 0.7993119854273221 0.7121180837099127 0.3704624463942396 0.30420892143825723
14 0.8894230769230769 0.6117788461538461 0.22115384615384615 0.1466346153846154
14 0.65625 0.5721153846153846 0.20192307692307693 0.0673076923076923