22 0.2439903846153846 0.24519230769230768 0.4879807692307692 0.44711538461538464
22 0.13701923076923078 0.1875 0.27403846153846156 0.375
2 0.5408653846153846 0.3485576923076923 0.08173076923076923 0.20673076923076922
2 0.6466346153846154 0.38341346153846156 0.1778846153846154 0.17067307692307693
2 0.7548550622566164 0.2810221764772711 0.21153786644021283 0.18931442010960667
2 0.5829326923076923 0.20072115384615385 0.1658653846153846 0.19471153846153846
2 0.7019230769230769 0.10216346153846154 0.22115384615384615 0.20432692307692307
2 0.3161057692307692 0.5973557692307693 0.3389423076923077 0.25721153846153844
2 0.22892809115851329 0.8087775553993821 0.28522284662963177 0.27175269301757743
2 0.22115384615384615 0.9591346153846154 0.25961538461538464 0.08173076923076923
2 0.3605769230769231 0.9194711538461539 0.25961538461538464 0.16105769230769232
22 0.8870192307692307 0.6887019230769231 0.22596153846153846 0.3629807692307692