2 0.16105769230769232 0.12860576923076922 0.32211538461538464 0.25721153846153844
2 0.22355769230769232 0.359375 0.44711538461538464 0.45913461538461536
2 0.12139423076923077 0.4963942307692308 0.24278846153846154 0.18509615384615385
22 0.7512019230769231 0.5192307692307693 0.4254807692307692 0.13942307692307693
22 0.6682692307692307 0.18269230769230768 0.25961538461538464 0.36538461538461536
19 0.9627403846153846 0.7127403846153846 0.07451923076923077 0.24759615384615385
19 0.9026442307692307 0.7259615384615384 0.19471153846153846 0.27403846153846156
19 0.8161057692307693 0.7439903846153846 0.19951923076923078 0.31009615384615385
19 0.6790865384615384 0.7211538461538461 0.20432692307692307 0.2644230769230769
14 0.6363657547655445 0.8547848210400393 0.06974051847072654 0.0576752743759376
14 0.5700092148425744 0.8092128240823031 0.05811293868344022 0.0736617309631551