3 0.25841346153846156 0.18269230769230768 0.5168269230769231 0.36538461538461536
22 0.07572115384615384 0.23076923076923078 0.15144230769230768 0.2980769230769231
14 0.6115114237482037 0.33539428817246136 0.10375309137160034 0.07380078540838397
14 0.5556883316161548 0.26050733830653144 0.09224604896144939 0.1151752017880554
5 0.8545673076923077 0.18990384615384615 0.29086538461538464 0.3798076923076923
3 0.08653846153846154 0.7824519230769231 0.17307692307692307 0.17548076923076922
3 0.27778695735431147 0.8162231882537717 0.3077331020178805 0.1348638946866901
3 0.14783653846153846 0.6887019230769231 0.2956730769230769 0.25721153846153844
3 0.051682692307692304 0.5360576923076923 0.10336538461538461 0.28846153846153844
3 0.16346153846153846 0.4074519230769231 0.3269230769230769 0.055288461538461536
3 0.27163461538461536 0.5120192307692307 0.36538461538461536 0.2644230769230769
3 0.46240563550621955 0.6375996842697411 0.3255986637605864 0.3672759793681583
3 0.5384838735871972 0.7975031111909148 0.3105246549279424 0.20337351007130577
3 0.6117788461538461 0.5336538461538461 0.19471153846153846 0.3076923076923077
3 0.4675480769230769 0.43149038461538464 0.33413461538461536 0.10336538461538461
3 0.6790865384615384 0.7572115384615384 0.06009615384615385 0.28365384615384615
3 0.8269230769230769 0.5805288461538461 0.23557692307692307 0.4014423076923077