14 0.47716346153846156 0.23557692307692307 0.10336538461538461 0.375
14 0.48197115384615385 0.5625 0.09375 0.15384615384615385
14 0.27881971466317906 0.35510506454269064 0.3303156961770187 0.28409431381151234
14 0.27884615384615385 0.5060096153846154 0.3317307692307692 0.2668269230769231
14 0.20394655969187334 0.1738134651020798 0.38925796952912006 0.22183968110571697
14 0.05889423076923077 0.37740384615384615 0.11778846153846154 0.4375
22 0.7572115384615384 0.08052884615384616 0.4567307692307692 0.16105769230769232
24 0.8008380469562073 0.2544050348837192 0.31415403845900375 0.38991012670017405
3 0.4230769230769231 0.8197115384615384 0.21153846153846154 0.3605769230769231
3 0.23918269230769232 0.8197115384615384 0.2620192307692308 0.3605769230769231
3 0.16105769230769232 0.8233173076923077 0.32211538461538464 0.35336538461538464
3 0.9326923076923077 0.8882211538461539 0.1346153846153846 0.22355769230769232
3 0.8798076923076923 0.6923076923076923 0.2403846153846154 0.10576923076923077
3 0.671875 0.8329326923076923 0.2860576923076923 0.2860576923076923