0 0.07091346153846154 0.29447115384615385 0.14182692307692307 0.5889423076923077
0 0.19471153846153846 0.2548076923076923 0.3894230769230769 0.5096153846153846
6 0.8002527023980318 0.28562606191048967 0.25696123838784174 0.28174074664260257
6 0.75 0.5276442307692307 0.28365384615384615 0.20432692307692307
6 0.5685096153846154 0.4951923076923077 0.2283653846153846 0.2692307692307692
6 0.484375 0.3329326923076923 0.18990384615384615 0.2764423076923077
6 0.5348557692307693 0.06850961538461539 0.28125 0.13701923076923078
6 0.6118350650599091 0.15172203187837796 0.23692181922505912 0.21965894318146248
6 0.7824519230769231 0.08173076923076923 0.25721153846153844 0.16346153846153846
6 0.9025744694366326 0.1405786050171337 0.13134155881381998 0.21833843131583516
6 0.8954821400004876 0.3902987026821112 0.12494378109393704 0.2564081065083421
6 0.8677884615384616 0.5649038461538461 0.15384615384615385 0.12980769230769232
6 0.4483173076923077 0.5985576923076923 0.11778846153846154 0.0625
7 0.19591346153846154 0.8149038461538461 0.3870192307692308 0.3701923076923077
6 0.6514423076923077 0.7055288461538461 0.14903846153846154 0.15144230769230768
6 0.7247596153846154 0.6478365384615384 0.13701923076923078 0.036057692307692304
6 0.7696734900684744 0.7556076321845888 0.12111160543405589 0.1375296828269665
6 0.7831245007497566 0.9336305417730417 0.11618304369734443 0.11212135681056824
6 0.7728365384615384 0.9831730769230769 0.14182692307692307 0.03365384615384615
6 0.8001880518750758 0.8596974489436844 0.10017499217171892 0.12696263027250537