24 0.22716346153846154 0.4387019230769231 0.17548076923076922 0.12259615384615384
24 0.24177585277274524 0.28099347330536284 0.15733053099033775 0.16816721161726442
24 0.0985576923076923 0.042067307692307696 0.1971153846153846 0.08413461538461539
24 0.05048076923076923 0.14543269230769232 0.10096153846153846 0.17548076923076922
24 0.21875 0.11778846153846154 0.21153846153846154 0.23557692307692307
24 0.054086538461538464 0.4050480769230769 0.10817307692307693 0.18990384615384615
24 0.0829326923076923 0.26802884615384615 0.1658653846153846 0.15144230769230768
17 0.6538461538461539 0.1658653846153846 0.4807692307692308 0.3317307692307692
17 0.6154762387080219 0.40667168861515984 0.3008047694742839 0.10763315581711744
17 0.9795673076923077 0.23798076923076922 0.040865384615384616 0.20673076923076922
17 0.41586538461538464 0.015625 0.11538461538461539 0.03125
17 0.9101371388843138 0.12432196283915527 0.1045765564284346 0.08769103200307526
7 0.20432692307692307 0.5829326923076923 0.28365384615384615 0.1658653846153846
7 0.2127403846153846 0.75 0.29086538461538464 0.5
7 0.265625 0.75 0.18509615384615385 0.5
7 0.2980769230769231 0.75 0.1201923076923077 0.5
24 0.6790865384615384 0.75 0.6418269230769231 0.5