24 0.41225961538461536 0.12379807692307693 0.09375 0.24759615384615385
24 0.3942307692307692 0.30649038461538464 0.12980769230769232 0.2091346153846154
24 0.28256252794850517 0.22750516785115757 0.28285456086445815 0.28681721819158423
24 0.28966346153846156 0.0625 0.23798076923076922 0.125
24 0.2010736693969385 0.3564300494336167 0.18915087290669488 0.17057436970357095
24 0.11177884615384616 0.28725961538461536 0.22355769230769232 0.19951923076923078
24 0.09495192307692307 0.15504807692307693 0.18990384615384615 0.24278846153846154
24 0.052884615384615384 0.09134615384615384 0.10576923076923077 0.18269230769230768
24 0.030048076923076924 0.3762019230769231 0.06009615384615385 0.20432692307692307
19 0.7295673076923077 0.25 0.5408653846153846 0.5
24 0.09014423076923077 0.8665865384615384 0.18028846153846154 0.2620192307692308
24 0.2608173076923077 0.9555288461538461 0.31490384615384615 0.0889423076923077
24 0.281374225476354 0.8861835916268388 0.2653073559778487 0.2090111321771913
24 0.332318655187251 0.7051346123740707 0.19158523040683745 0.13019954569447295
24 0.43149038461538464 0.7115384615384616 0.055288461538461536 0.1201923076923077
24 0.8509615384615384 0.7596153846153846 0.2980769230769231 0.4807692307692308
24 0.6851195848611837 0.768125966444689 0.30013043377115306 0.4433615545553563
24 0.7151442307692307 0.5336538461538461 0.25240384615384615 0.0673076923076923