12 0.10817307692307693 0.10697115384615384 0.21634615384615385 0.17067307692307693
12 0.3137019230769231 0.17427884615384615 0.3485576923076923 0.20432692307692307
12 0.2908288216898083 0.3179551908812484 0.3714955348476957 0.14882508467045064
12 0.2536057692307692 0.35697115384615385 0.36778846153846156 0.14182692307692307
23 0.9086538461538461 0.17067307692307693 0.18269230769230768 0.34134615384615385
23 0.6057692307692307 0.05889423076923077 0.1875 0.11778846153846154
23 0.5504807692307693 0.0733173076923077 0.125 0.1466346153846154
18 0.25961538461538464 0.7139423076923077 0.4567307692307692 0.5721153846153846
23 0.5853365384615384 0.6045673076923077 0.19471153846153846 0.35336538461538464
23 0.8191503896903158 0.6482514379271151 0.32716990620584324 0.35742337621643705
23 0.6598557692307693 0.8497596153846154 0.34375 0.3004807692307692
23 0.7175480769230769 0.4951923076923077 0.45913461538461536 0.1346153846153846