16 0.21995192307692307 0.125 0.27163461538461536 0.25
8 0.7295673076923077 0.125 0.5408653846153846 0.25
4 0.7295673076923077 0.21995192307692307 0.5408653846153846 0.06009615384615385
4 0.6658653846153846 0.125 0.41346153846153844 0.25
8 0.21875 0.625 0.4375 0.75
15 0.7900715116155841 0.531825795945855 0.17838204358075196 0.09838367906515676
15 0.9110576923076923 0.5480769230769231 0.1778846153846154 0.1346153846153846
15 0.6098879483038545 0.5247672929751298 0.1076303359128843 0.17608912403071292
15 0.5315111925596976 0.5387358519442258 0.13774743506417791 0.1113670850584591
15 0.858368600777921 0.7509953509802988 0.07825969093307023 0.14587322509385842
15 0.8199219586695515 0.6810530572498161 0.0723130144844941 0.14944403140509074
15 0.7361230176104788 0.661332807145529 0.089433652596267 0.16636885065671733
15 0.6359647889642817 0.6835889611427535 0.0944091820667306 0.1760122056077315
15 0.5559184746534029 0.655476227251727 0.1521495323419083 0.11024907298842475
15 0.65625 0.9399038461538461 0.1875 0.1201923076923077
15 0.6819017882158703 0.8064648183452033 0.1474467382609483 0.11623071803741056
15 0.4807692307692308 0.8341346153846154 0.04326923076923077 0.07692307692307693
15 0.5084134615384616 0.7560096153846154 0.0985576923076923 0.12740384615384615