19 0.34134615384615385 0.2403846153846154 0.5528846153846154 0.4375
19 0.8088942307692307 0.17307692307692307 0.38221153846153844 0.34615384615384615
19 0.38221153846153844 0.7295673076923077 0.46634615384615385 0.5408653846153846
19 0.9507211538461539 0.8774038461538461 0.0985576923076923 0.21634615384615385
19 0.8088942307692307 0.5612980769230769 0.38221153846153844 0.1658653846153846
19 0.9567307692307693 0.6778846153846154 0.08653846153846154 0.07692307692307693
19 0.9603365384615384 0.7548076923076923 0.07932692307692307 0.12980769230769232
19 0.79714232089878 0.8136783140685238 0.1524072842715286 0.17734099649272395
19 0.7241256943144904 0.8709166597454042 0.15105152434864275 0.15080761251567545
19 0.6742035304411635 0.7640738643428535 0.10637059298526698 0.11138009767257397
19 0.7268923534763718 0.7264126616604126 0.0858469970867785 0.09420680083198062
19 0.6514423076923077 0.6814903846153846 0.0673076923076923 0.08413461538461539
19 0.8177909819524523 0.6425677870970359 0.16257428166044827 0.06638183690154478