12 0.16826923076923078 0.23798076923076922 0.33653846153846156 0.47596153846153844
23 0.8737980769230769 0.2980769230769231 0.25240384615384615 0.33653846153846156
23 0.6505073180129067 0.2609760443824039 0.33695757485043454 0.37161174411696235
23 0.59375 0.08413461538461539 0.2932692307692308 0.16826923076923078
23 0.7548076923076923 0.07451923076923077 0.3173076923076923 0.14903846153846154
23 0.9435096153846154 0.09495192307692307 0.11298076923076923 0.18990384615384615
18 0.21995192307692307 0.7548076923076923 0.43990384615384615 0.49038461538461536
18 0.8305288461538461 0.9050480769230769 0.3293269230769231 0.18990384615384615
18 0.49278846153846156 0.8701923076923077 0.10576923076923077 0.24519230769230768
18 0.5968662827875563 0.8512543018168356 0.2591775580877218 0.25135242309205424
18 0.9074519230769231 0.6875 0.18509615384615385 0.2932692307692308
18 0.6394230769230769 0.6225961538461539 0.28365384615384615 0.22596153846153846
18 0.7759868878818348 0.7274303949359837 0.21537054075836737 0.20642752933474723
18 0.53125 0.6598557692307693 0.18269230769230768 0.3004807692307692
18 0.7427884615384616 0.5432692307692307 0.27403846153846156 0.0673076923076923
18 0.8353365384615384 0.5805288461538461 0.18990384615384615 0.14182692307692307