17 0.04567307692307692 0.27403846153846156 0.09134615384615384 0.39903846153846156
17 0.057692307692307696 0.49759615384615385 0.11538461538461539 0.08173076923076923
17 0.2956730769230769 0.2536057692307692 0.2644230769230769 0.5072115384615384
17 0.25961538461538464 0.4723557692307692 0.3173076923076923 0.13221153846153846
17 0.16068068244600583 0.34704259123434567 0.1304100187305609 0.11160681677882874
23 0.21754807692307693 0.7139423076923077 0.31009615384615385 0.35096153846153844
23 0.06490384615384616 0.7139423076923077 0.11538461538461539 0.35096153846153844
23 0.10096153846153846 0.9002403846153846 0.19230769230769232 0.19951923076923078
23 0.23197115384615385 0.8737980769230769 0.2668269230769231 0.25240384615384615
24 0.5913461538461539 0.9086538461538461 0.3269230769230769 0.18269230769230768
24 0.7824519230769231 0.8112980769230769 0.3245192307692308 0.37740384615384615