19 0.3269230769230769 0.12860576923076922 0.23076923076923078 0.25721153846153844
19 0.15745192307692307 0.09375 0.2091346153846154 0.1875
19 0.07932692307692307 0.1658653846153846 0.15865384615384615 0.25961538461538464
19 0.08052884615384616 0.37259615384615385 0.16105769230769232 0.3173076923076923
19 0.10817307692307693 0.5060096153846154 0.21634615384615385 0.23798076923076922
19 0.27884615384615385 0.5504807692307693 0.2548076923076923 0.21634615384615385
19 0.3277804797294336 0.40557670787831906 0.32234010333523244 0.30600279371424605
21 0.7704326923076923 0.3605769230769231 0.45913461538461536 0.5961538461538461
21 0.5625 0.42427884615384615 0.10576923076923077 0.46875
2 0.23197115384615385 0.8293269230769231 0.4639423076923077 0.34134615384615385
19 0.7439903846153846 0.8293269230769231 0.46875 0.34134615384615385
19 0.5805288461538461 0.9819711538461539 0.12259615384615384 0.036057692307692304