21 0.12620192307692307 0.20432692307692307 0.25240384615384615 0.40865384615384615
21 0.20432692307692307 0.04927884615384615 0.40865384615384615 0.0985576923076923
21 0.06370192307692307 0.08052884615384616 0.12740384615384615 0.16105769230769232
21 0.3112980769230769 0.2536057692307692 0.19471153846153846 0.31009615384615385
11 0.5528846153846154 0.20432692307692307 0.28846153846153844 0.40865384615384615
11 0.33413461538461536 0.5036057692307693 0.14903846153846154 0.18990384615384615
11 0.2463358860325233 0.6840664369497543 0.16879447591743507 0.3066055625941439
11 0.34615384615384615 0.78125 0.125 0.28365384615384615
2 0.8449519230769231 0.8858173076923077 0.23317307692307693 0.2283653846153846
2 0.7326260526680011 0.7395615459048445 0.1970532527153675 0.20732412127116268
2 0.6277518726389173 0.5795550358839807 0.22109171425382904 0.2087242022199603
2 0.5501233460963425 0.48966823433884976 0.15219750675430668 0.1386282022851177
2 0.484375 0.44350961538461536 0.15144230769230768 0.06971153846153846