3 0.3269230769230769 0.390625 0.5240384615384616 0.3581730769230769
3 0.4326923076923077 0.21995192307692307 0.3125 0.43990384615384615
3 0.25600961538461536 0.15985576923076922 0.44471153846153844 0.31971153846153844
3 0.8882211538461539 0.4699519230769231 0.22355769230769232 0.19951923076923078
3 0.8858173076923077 0.46153846153846156 0.2283653846153846 0.21634615384615385
3 0.6610576923076923 0.45072115384615385 0.14423076923076922 0.23798076923076922
3 0.9074519230769231 0.14543269230769232 0.18509615384615385 0.18028846153846154
3 0.6995192307692307 0.265625 0.22115384615384615 0.17548076923076922
3 0.7127403846153846 0.11899038461538461 0.24759615384615385 0.15625
14 0.08774038461538461 0.8762019230769231 0.17548076923076922 0.24759615384615385
14 0.3618322625226592 0.7925367105852048 0.30136354875629195 0.29286099859850173
14 0.7067307692307693 0.8894230769230769 0.23557692307692307 0.22115384615384615
14 0.8401442307692307 0.8641826923076923 0.31971153846153844 0.27163461538461536