24 0.27863491197433005 0.14005399801232166 0.12975926778260535 0.1196351646647929
24 0.15873639610131393 0.19920789517846332 0.15370456508220498 0.15707926612147582
24 0.0625 0.21995192307692307 0.125 0.16105769230769232
24 0.1729463887469109 0.3323598479143578 0.1528573150467107 0.14385811227532186
24 0.08571472263395413 0.34872279220262803 0.13043633084873818 0.16755804228071697
24 0.018028846153846152 0.3473557692307692 0.036057692307692304 0.1466346153846154
24 0.25721153846153844 0.3954326923076923 0.14903846153846154 0.10817307692307693
24 0.052884615384615384 0.10576923076923077 0.10576923076923077 0.11057692307692307
18 0.7091346153846154 0.25841346153846156 0.5817307692307693 0.38221153846153844
24 0.359375 0.703125 0.11778846153846154 0.28125
17 0.786079361033023 0.546225132876166 0.19196547596331362 0.17509197076695956
17 0.6903124709373304 0.6397422222790115 0.16390569093051693 0.14815708608058648
17 0.617783374464036 0.762891834341368 0.20999432211715977 0.17624731172445168
17 0.5386893619842673 0.8577344516710669 0.20423191643240515 0.14236239737910703
17 0.5096153846153846 0.953125 0.14423076923076922 0.09375
17 0.7091346153846154 0.7247596153846154 0.5817307692307693 0.5504807692307693