4 0.21514423076923078 0.2860576923076923 0.4206730769230769 0.20673076923076922
5 0.5048076923076923 0.16826923076923078 0.25 0.09615384615384616
15 0.6490384615384616 0.09735576923076923 0.038461538461538464 0.19471153846153846
15 0.7427884615384616 0.3641826923076923 0.19230769230769232 0.05048076923076923
15 0.7122013464070803 0.3016826923076923 0.12250973414927831 0.1622596153846154
15 0.9399038461538461 0.13341346153846154 0.1201923076923077 0.1466346153846154
15 0.9035555354564824 0.18629807692307693 0.08777174391443 0.125
15 0.8209946776088058 0.2403846153846154 0.13955935339125153 0.12860576923076922
15 0.8875715628232579 0.09134615384615384 0.1275879568385217 0.0889423076923077
15 0.8221153846153846 0.038461538461538464 0.11538461538461539 0.07692307692307693
5 0.41947115384615385 0.515625 0.4206730769230769 0.24278846153846154
5 0.29390277889360217 0.7211538461538461 0.35896660261440777 0.39903846153846156
5 0.5396634615384616 0.6117788461538461 0.18028846153846154 0.2860576923076923
5 0.4423076923076923 0.8822115384615384 0.375 0.23557692307692307
8 0.8149038461538461 0.828125 0.3701923076923077 0.34375