11 0.30528846153846156 0.08774038461538461 0.2932692307692308 0.17548076923076922
11 0.3545673076923077 0.33533653846153844 0.2283653846153846 0.3293269230769231
11 0.6802884615384616 0.12860576923076922 0.40384615384615385 0.25721153846153844
11 0.8064903846153846 0.3641826923076923 0.3485576923076923 0.27163461538461536
11 0.8834134615384616 0.27884615384615385 0.23317307692307693 0.4423076923076923
0 0.08052884615384616 0.8509615384615384 0.16105769230769232 0.2980769230769231
0 0.3004807692307692 0.7259615384615384 0.3557692307692308 0.4519230769230769
0 0.2704326923076923 0.9387019230769231 0.36778846153846156 0.12259615384615384
11 0.859375 0.8353365384615384 0.28125 0.3293269230769231
11 0.8870192307692307 0.6225961538461539 0.22596153846153846 0.24519230769230768
11 0.7307692307692307 0.6021634615384616 0.34134615384615385 0.20432692307692307