0 0.2548076923076923 0.055288461538461536 0.5096153846153846 0.11057692307692307
7 0.7560096153846154 0.042067307692307696 0.4639423076923077 0.08413461538461539
7 0.7668269230769231 0.11177884615384616 0.46634615384615385 0.22355769230769232
7 0.7548076923076923 0.1141826923076923 0.49038461538461536 0.2283653846153846
7 0.7548076923076923 0.18028846153846154 0.49038461538461536 0.09615384615384616
6 0.2230947372421945 0.4718731584650638 0.3146904692858353 0.37461437865235064
6 0.36658653846153844 0.8641826923076923 0.2860576923076923 0.27163461538461536
6 0.11177884615384616 0.8762019230769231 0.22355769230769232 0.24278846153846154
6 0.056490384615384616 0.65625 0.11298076923076923 0.24519230769230768
6 0.4230769230769231 0.31009615384615385 0.17307692307692307 0.16346153846153846
6 0.4543269230769231 0.6550480769230769 0.11057692307692307 0.19951923076923078
7 0.40633634461880663 0.5612310724532581 0.14665495919981425 0.33349420358856846
7 0.4423076923076923 0.9254807692307693 0.07211538461538461 0.14903846153846154
15 0.23798076923076922 0.9086538461538461 0.20192307692307693 0.18269230769230768
15 0.24639423076923078 0.2704326923076923 0.18990384615384615 0.08413461538461539
15 0.15070157958751113 0.7256198079855766 0.07561558698737883 0.06177465805448726
0 0.75 0.5252403846153846 0.4807692307692308 0.59375
0 0.7548076923076923 0.7560096153846154 0.49038461538461536 0.4879807692307692