7 0.234375 0.30408653846153844 0.46875 0.6081730769230769
6 0.7884615384615384 0.30408653846153844 0.4230769230769231 0.6081730769230769
20 0.44471153846153844 0.6526442307692307 0.04807692307692308 0.08413461538461539
20 0.3954326923076923 0.796875 0.1466346153846154 0.15625
20 0.24862886369225598 0.7980785834805487 0.1747572960898945 0.20435413752875908
24 0.0733173076923077 0.7247596153846154 0.1466346153846154 0.18509615384615385
11 0.3545673076923077 0.9591346153846154 0.13701923076923078 0.08173076923076923
11 0.41225961538461536 0.9182692307692307 0.11298076923076923 0.12980769230769232
11 0.22716346153846154 0.6730769230769231 0.38221153846153844 0.12980769230769232
11 0.06971153846153846 0.890625 0.13942307692307693 0.21875
6 0.7608173076923077 0.6862980769230769 0.36778846153846156 0.15625
6 0.7680288461538461 0.8689903846153846 0.19951923076923078 0.2620192307692308
7 0.6031950514516838 0.8377267125900839 0.14581885891980498 0.15014672963820147
7 0.5210275756261316 0.7244463251915879 0.08496628523291605 0.13617991597936482
7 0.8942307692307693 0.9615384615384616 0.08173076923076923 0.07692307692307693
7 0.6129807692307693 0.9543269230769231 0.14423076923076922 0.09134615384615384