11 0.3473557692307692 0.11899038461538461 0.5408653846153846 0.23798076923076922
2 0.6490384615384616 0.24278846153846154 0.0625 0.19230769230769232
2 0.7687165893543928 0.229664291959118 0.18807951506260231 0.14819504429800537
2 0.8797036614220389 0.12174783636559966 0.1865572119329863 0.1696193503952988
2 0.953125 0.1622596153846154 0.09375 0.18990384615384615
14 0.41346153846153844 0.4543269230769231 0.40865384615384615 0.23076923076923078
14 0.39663461538461536 0.7067307692307693 0.4423076923076923 0.5384615384615384
2 0.8336408862254496 0.7355856434415968 0.16445529265830588 0.18565025831958665
2 0.7007211538461539 0.7884615384615384 0.1658653846153846 0.1778846153846154
2 0.9182692307692307 0.6129807692307693 0.16346153846153846 0.15865384615384615
2 0.7364993675355748 0.6506686335091181 0.162737091078861 0.2022668721091877
2 0.6502403846153846 0.6165865384615384 0.06490384615384616 0.18028846153846154
2 0.9519230769230769 0.4423076923076923 0.09615384615384616 0.20673076923076922
2 0.8209910671550139 0.4875835816711553 0.19038132184809178 0.20468542891338998
2 0.6778846153846154 0.47115384615384615 0.1201923076923077 0.20192307692307693
2 0.7223557692307693 0.36538461538461536 0.18509615384615385 0.052884615384615384