18 0.18990384615384615 0.31971153846153844 0.3798076923076923 0.47596153846153844
16 0.057692307692307696 0.25240384615384615 0.11538461538461539 0.14423076923076922
16 0.11538461538461539 0.4807692307692308 0.11057692307692307 0.15384615384615385
16 0.2668269230769231 0.5348557692307693 0.21153846153846154 0.04567307692307692
16 0.2265262286654961 0.1635579473691698 0.20925690839554192 0.1174301036857205
16 0.3329326923076923 0.32211538461538464 0.09375 0.17307692307692307
23 0.6057692307692307 0.36778846153846156 0.4519230769230769 0.3269230769230769
23 0.6069711538461539 0.09375 0.38221153846153844 0.1875
4 0.18990384615384615 0.8004807692307693 0.3798076923076923 0.39903846153846156
24 0.0733173076923077 0.5853365384615384 0.11778846153846154 0.055288461538461536
10 0.6497999710831824 0.7708085939319091 0.37853163963309827 0.18447260237953353
10 0.6153846153846154 0.9567307692307693 0.23076923076923078 0.08653846153846154