19 0.8786057692307693 0.14182692307692307 0.24278846153846154 0.28365384615384615
19 0.8221153846153846 0.3762019230769231 0.3557692307692308 0.20432692307692307
19 0.8004807692307693 0.09615384615384616 0.25 0.19230769230769232
19 0.761985365029655 0.23623515434569378 0.2939570533834243 0.38586136004839655
19 0.84375 0.3329326923076923 0.28365384615384615 0.29086538461538464
19 0.5829326923076923 0.23918269230769232 0.1658653846153846 0.47836538461538464
24 0.23317307692307693 0.6009615384615384 0.3317307692307692 0.24519230769230768
24 0.21001234251825388 0.771695008312071 0.12637059283650276 0.12506888247220943
24 0.11454295071734505 0.8216964819059758 0.12147898668167761 0.1175773278209115
24 0.15203947993685604 0.9023890446955918 0.12653842053076841 0.13949195939528636
24 0.5348557692307693 0.5985576923076923 0.06971153846153846 0.2403846153846154
24 0.6117788461538461 0.5228365384615384 0.22355769230769232 0.0889423076923077
24 0.6969581743010517 0.6343528305722222 0.2644946892596488 0.22800126695727935