25 0.18990384615384615 0.21394230769230768 0.3798076923076923 0.42788461538461536
15 0.2813765802290096 0.06261768856563585 0.0691911698155744 0.07687503434020662
15 0.16626337028463006 0.0874472933350838 0.07350911599869442 0.06493972215236163
15 0.17620731523959202 0.22659763486865728 0.08927694969262394 0.1276704982511722
15 0.30408653846153844 0.013221153846153846 0.07451923076923077 0.026442307692307692
20 0.6935096153846154 0.19230769230769232 0.4495192307692308 0.38461538461538464
14 0.47115384615384615 0.2247596153846154 0.18269230769230768 0.3918269230769231
0 0.23557692307692307 0.59375 0.28846153846153844 0.28846153846153844
0 0.3125 0.6454326923076923 0.1346153846153846 0.37740384615384615
0 0.11177884615384616 0.8737980769230769 0.10336538461538461 0.25240384615384615
0 0.2644230769230769 0.9182692307692307 0.23076923076923078 0.16346153846153846
0 0.5372596153846154 0.5276442307692307 0.31490384615384615 0.15625
0 0.453125 0.7475961538461539 0.1466346153846154 0.28846153846153844
0 0.6652206414754052 0.6676045891648719 0.2627109570043707 0.2868366689543239
0 0.8197115384615384 0.5492788461538461 0.25 0.19951923076923078