17 0.42908653846153844 0.29927884615384615 0.21875 0.25721153846153844
22 0.6730769230769231 0.12379807692307693 0.2692307692307692 0.24759615384615385
22 0.8209134615384616 0.13341346153846154 0.3581730769230769 0.2668269230769231
22 0.7692307692307693 0.3004807692307692 0.46153846153846156 0.14903846153846154
17 0.3556661389177464 0.9124092471111219 0.11390798450133269 0.13108038565587338
17 0.42398499065343415 0.7794564696665769 0.13128054460156427 0.14690118463251658
17 0.30508237973429214 0.6751137742986042 0.10952001298080069 0.14304367386034894
17 0.1950167297301828 0.8337824481589531 0.1290026146838663 0.15047898258090833
17 0.4543269230769231 0.8401442307692307 0.16826923076923078 0.31971153846153844
22 0.7692307692307693 0.7199519230769231 0.46153846153846156 0.5600961538461539
22 0.9423076923076923 0.7139423076923077 0.11538461538461539 0.5721153846153846