20 0.07211538461538461 0.03125 0.14423076923076922 0.0625
20 0.2127403846153846 0.01201923076923077 0.13221153846153846 0.02403846153846154
20 0.3103157655140062 0.12330041285458587 0.17994457319885365 0.153812028423773
20 0.06610576923076923 0.3737980769230769 0.13221153846153846 0.17067307692307693
20 0.18435862682501922 0.2823984114774104 0.30033330349975884 0.10533200778033415
20 0.32211538461538464 0.36778846153846156 0.1346153846153846 0.18269230769230768
20 0.19471153846153846 0.4362980769230769 0.32211538461538464 0.04567307692307692
24 0.17309951703792914 0.36648644474259484 0.2045471298430241 0.17691007568787853
11 0.3762019230769231 0.3485576923076923 0.08413461538461539 0.22115384615384615
11 0.19110576923076922 0.2403846153846154 0.38221153846153844 0.12980769230769232
6 0.7475961538461539 0.12259615384615384 0.5048076923076923 0.24519230769230768
20 0.16826923076923078 0.640625 0.33653846153846156 0.3629807692307692
6 0.6935096153846154 0.6021634615384616 0.5504807692307693 0.2860576923076923