25 0.25961538461538464 0.28846153846153844 0.5192307692307693 0.2403846153846154
15 0.22716346153846154 0.3629807692307692 0.0889423076923077 0.09134615384615384
0 0.5805288461538461 0.18389423076923078 0.12259615384615384 0.18028846153846154
0 0.6766826923076923 0.052884615384615384 0.24759615384615385 0.10576923076923077
0 0.7925594330710692 0.22142901622633324 0.21695285969283107 0.16984028714189656
0 0.6280867351815351 0.3424623503747866 0.19461615663707463 0.07955323306605969
0 0.9014423076923077 0.056490384615384616 0.1971153846153846 0.11298076923076923
0 0.8786057692307693 0.3425480769230769 0.24278846153846154 0.11778846153846154
0 0.9723557692307693 0.1971153846153846 0.055288461538461536 0.15865384615384615
0 0.25961538461538464 0.8173076923076923 0.5192307692307693 0.36538461538461536
0 0.25961538461538464 0.6298076923076923 0.5192307692307693 0.22596153846153846
7 0.7596153846153846 0.7043269230769231 0.4807692307692308 0.5913461538461539