20 0.5985576923076923 0.203125 0.22115384615384615 0.11778846153846154
20 0.4192022140004693 0.18996740884443442 0.20066045780286118 0.08399048763600475
20 0.2372829119724407 0.2904491452318195 0.15067855076415554 0.1828269986253779
20 0.37586665154248355 0.31686166021778917 0.20621181903058527 0.19220552384977443
20 0.5737992629479839 0.3266211725817844 0.20762357644576704 0.1994380419566594
20 0.6754807692307693 0.29927884615384615 0.0673076923076923 0.16105769230769232
20 0.6899038461538461 0.21514423076923078 0.038461538461538464 0.10817307692307693
7 0.23197115384615385 0.8233173076923077 0.23317307692307693 0.35336538461538464
7 0.33052884615384615 0.7944711538461539 0.3581730769230769 0.4110576923076923
7 0.6045673076923077 0.7007211538461539 0.2091346153846154 0.22355769230769232
7 0.4807692307692308 0.7608173076923077 0.3317307692307692 0.34375
7 0.2512019230769231 0.7944711538461539 0.2668269230769231 0.4110576923076923
20 0.8293269230769231 0.6959134615384616 0.2403846153846154 0.21394230769230768