7 0.14783653846153846 0.038461538461538464 0.2956730769230769 0.07692307692307693
7 0.22956730769230768 0.03365384615384615 0.40625 0.0673076923076923
7 0.23076923076923078 0.0673076923076923 0.46153846153846156 0.1346153846153846
7 0.2247596153846154 0.14182692307692307 0.4495192307692308 0.13942307692307693
7 0.026442307692307692 0.17908653846153846 0.052884615384615384 0.11298076923076923
7 0.2504438017942333 0.2333689480931018 0.4560626807356195 0.12470881344916653
7 0.24550546866382889 0.3118718888090853 0.4316395229103506 0.11022785721640105
20 0.9603365384615384 0.21754807692307693 0.07932692307692307 0.3485576923076923
20 0.8100961538461539 0.10336538461538461 0.35096153846153844 0.20673076923076922
20 0.8798076923076923 0.36899038461538464 0.2403846153846154 0.06009615384615385
20 0.5673076923076923 0.2764423076923077 0.1346153846153846 0.24519230769230768
0 0.2932692307692308 0.9314903846153846 0.41346153846153844 0.13701923076923078
0 0.30649038461538464 0.6814903846153846 0.3870192307692308 0.3581730769230769
0 0.65625 0.6622596153846154 0.3125 0.3581730769230769