16 0.07572115384615384 0.13942307692307693 0.15144230769230768 0.27884615384615385
16 0.16105769230769232 0.09014423076923077 0.32211538461538464 0.18028846153846154
16 0.2932692307692308 0.20432692307692307 0.3798076923076923 0.40865384615384615
16 0.15264423076923078 0.2848557692307692 0.30528846153846156 0.2668269230769231
4 0.7355769230769231 0.12860576923076922 0.3125 0.25721153846153844
4 0.31490384615384615 0.6634615384615384 0.4182692307692308 0.49038461538461536
4 0.53125 0.6045673076923077 0.09615384615384616 0.37259615384615385
4 0.09375 0.6286057692307693 0.1875 0.3918269230769231
16 0.5949519230769231 0.5276442307692307 0.03125 0.20432692307692307
16 0.6634615384615384 0.5228365384615384 0.16826923076923078 0.2091346153846154
16 0.6959134615384616 0.4723557692307692 0.15144230769230768 0.10817307692307693
16 0.7222194152698095 0.7371294578580122 0.2525723255728647 0.26143677899156
16 0.7403846153846154 0.9338942307692307 0.2548076923076923 0.13221153846153846
16 0.6334134615384616 0.890625 0.10817307692307693 0.21875