7 0.18870192307692307 0.22596153846153846 0.19951923076923078 0.4519230769230769
24 0.4170673076923077 0.04447115384615385 0.25721153846153844 0.0889423076923077
24 0.3425480769230769 0.15985576923076922 0.10817307692307693 0.1658653846153846
24 0.5242106291603975 0.2901155769205421 0.13096330334237868 0.11149394417998802
24 0.4618315844999987 0.2218218412815683 0.1208673675053418 0.09211631743179374
24 0.5302970679335459 0.14021086663070012 0.17932517900398837 0.15674134490395916
24 0.6862980769230769 0.051682692307692304 0.12740384615384615 0.10336538461538461
24 0.7417734167338305 0.32151516420678117 0.15554224874950123 0.1455254239500695
24 0.7687131663893152 0.17677480019552064 0.1761999609948714 0.17588819555334276
24 0.8460252604951554 0.3197346241211501 0.11607438584800561 0.11963467032894598
24 0.9471153846153846 0.2848557692307692 0.10576923076923077 0.0985576923076923
24 0.9194711538461539 0.18870192307692307 0.16105769230769232 0.11298076923076923
7 0.8978365384615384 0.8425480769230769 0.20432692307692307 0.31490384615384615
7 0.7716346153846154 0.7475961538461539 0.2932692307692308 0.5048076923076923
7 0.7091346153846154 0.7992788461538461 0.3317307692307692 0.4014423076923077
7 0.6598557692307693 0.8377403846153846 0.43509615384615385 0.3245192307692308
7 0.7259615384615384 0.7608173076923077 0.4423076923076923 0.47836538461538464