0 0.35336538461538464 0.03485576923076923 0.3942307692307692 0.06971153846153846
0 0.39312583557190234 0.1897587459463612 0.36242729746228647 0.30262791054102595
24 0.7944711538461539 0.2247596153846154 0.4110576923076923 0.4495192307692308
20 0.38461538461538464 0.9206730769230769 0.24519230769230768 0.15865384615384615
20 0.47475961538461536 0.6165865384615384 0.2283653846153846 0.2620192307692308
20 0.19110576923076922 0.8846153846153846 0.3004807692307692 0.23076923076923078
20 0.09375 0.6646634615384616 0.1875 0.31971153846153844
20 0.078125 0.5060096153846154 0.15625 0.11298076923076923
20 0.2718934255892098 0.6264124110865984 0.20125669993498937 0.23869212381404217
0 0.7676202744313039 0.6104911172637902 0.2541413153196049 0.24115526436224036
0 0.8137019230769231 0.4879807692307692 0.25240384615384615 0.07692307692307693