5 0.27884615384615385 0.2247596153846154 0.5576923076923077 0.4495192307692308
16 0.8016826923076923 0.28966346153846156 0.39663461538461536 0.31971153846153844
5 0.5132211538461539 0.8161057692307693 0.0889423076923077 0.25721153846153844
5 0.4951923076923077 0.5661057692307693 0.125 0.23317307692307693
5 0.38341346153846156 0.5084134615384616 0.3485576923076923 0.11778846153846154
5 0.3094074891666463 0.6581362531739008 0.3777560133795084 0.35973415788104074
5 0.3293269230769231 0.8473557692307693 0.3557692307692308 0.30528846153846156
5 0.8653846153846154 0.7055288461538461 0.125 0.5120192307692307
5 0.676678481981122 0.6459875917599922 0.08646937539783159 0.10182806770324039
5 0.629035113781052 0.6062083716021538 0.09113721129363579 0.09006079741133195
5 0.6045673076923077 0.7271634615384616 0.09375 0.15625