17 0.2692307692307692 0.21875 0.33653846153846156 0.4375
17 0.013221153846153846 0.38341346153846156 0.026442307692307692 0.07932692307692307
17 0.04163672807504337 0.532805223524449 0.0826602885918016 0.08790213848597862
17 0.4254807692307692 0.3870192307692308 0.14903846153846154 0.27403846153846156
0 0.8293269230769231 0.41346153846153844 0.34134615384615385 0.35096153846153844
0 0.8846153846153846 0.18028846153846154 0.23076923076923078 0.3605769230769231
0 0.296875 0.7572115384615384 0.3918269230769231 0.33653846153846156
0 0.359375 0.8112980769230769 0.28125 0.37740384615384615
0 0.8245192307692307 0.703125 0.35096153846153844 0.2283653846153846
0 0.8040865384615384 0.9134615384615384 0.3918269230769231 0.17307692307692307
0 0.5889423076923077 0.9170673076923077 0.1778846153846154 0.1658653846153846