5 0.27163461538461536 0.2283653846153846 0.27403846153846156 0.4230769230769231
5 0.16276557517775855 0.4546032130822901 0.12043565099781439 0.13161441527733958
5 0.040865384615384616 0.43990384615384615 0.08173076923076923 0.13942307692307693
5 0.08599299826981273 0.20525911292412446 0.1063152540043195 0.10072587186455696
9 0.6526442307692307 0.2848557692307692 0.4879807692307692 0.5697115384615384
9 0.44591346153846156 0.3112980769230769 0.07451923076923077 0.5168269230769231
5 0.31850961538461536 0.7620192307692307 0.18028846153846154 0.38461538461538464
23 0.8485576923076923 0.6454326923076923 0.23557692307692307 0.15144230769230768
23 0.8858184276251875 0.8149186396044565 0.1957360116326754 0.30193427228816405
23 0.6926449988364544 0.7965794368125032 0.24949460017329683 0.35233923154492786
23 0.9447115384615384 0.9314903846153846 0.11057692307692307 0.13701923076923078