24 0.4879807692307692 0.1658653846153846 0.25961538461538464 0.30288461538461536
24 0.3954326923076923 0.390625 0.07451923076923077 0.17548076923076922
24 0.5492788461538461 0.4891826923076923 0.13221153846153846 0.040865384615384616
24 0.4935086969016994 0.45653996843504285 0.12270169084624663 0.09649155687361108
24 0.5774338986897547 0.37064593844882504 0.1827195221441437 0.16511407747783124
24 0.7556130214324546 0.2773185793180559 0.12845423494389768 0.11463230330801284
24 0.8220014159983987 0.41123659705806676 0.17778073878814807 0.18540689443482924
24 0.9483173076923077 0.42427884615384615 0.10336538461538461 0.11778846153846154
17 0.17908653846153846 0.7572115384615384 0.3581730769230769 0.4855769230769231
0 0.6790865384615384 0.9182692307692307 0.6418269230769231 0.16346153846153846
0 0.6790865384615384 0.6887019230769231 0.6418269230769231 0.3581730769230769