24 0.6293789033561978 0.3975672316474481 0.26646405705811926 0.21206082170172239
24 0.5276442307692307 0.2283653846153846 0.23798076923076922 0.24519230769230768
24 0.7251709735368244 0.2882718287812972 0.24185460030470046 0.21824389330165908
24 0.9795673076923077 0.3401442307692308 0.040865384615384616 0.1466346153846154
24 0.9699519230769231 0.47596153846153844 0.06009615384615385 0.10576923076923077
24 0.8820687921403146 0.4387693568892944 0.1405933986081194 0.1422595143021539
24 0.7127403846153846 0.4951923076923077 0.16105769230769232 0.0673076923076923
24 0.48677884615384615 0.038461538461538464 0.13221153846153846 0.07692307692307693
24 0.4483173076923077 0.09735576923076923 0.07932692307692307 0.13221153846153846
19 0.12740384615384615 0.6923076923076923 0.2548076923076923 0.3269230769230769
19 0.6442307692307693 0.7644230769230769 0.47115384615384615 0.47115384615384615