11 0.3317307692307692 0.11057692307692307 0.3557692307692308 0.22115384615384615
11 0.3898507424875538 0.19557500893228885 0.20707048982863263 0.2270292076250849
11 0.47115384615384615 0.2608173076923077 0.07692307692307693 0.23317307692307693
11 0.33638267038621844 0.3753867188416052 0.13936913666089745 0.10494839088845034
11 0.43149038461538464 0.4110576923076923 0.15625 0.07692307692307693
10 0.6838942307692307 0.2247596153846154 0.3485576923076923 0.4495192307692308
11 0.36177884615384615 0.6899038461538461 0.2956730769230769 0.4807692307692308
11 0.3125 0.7019230769230769 0.30288461538461536 0.5048076923076923
11 0.21514423076923078 0.7247596153846154 0.31971153846153844 0.5504807692307693
11 0.6924326567958873 0.7111007274086221 0.2810901890915601 0.41415376007440446
11 0.6802884615384616 0.5252403846153846 0.34134615384615385 0.15144230769230768