7 0.29927884615384615 0.3485576923076923 0.13701923076923078 0.4855769230769231
25 0.5343461883339741 0.08969594638690982 0.17975995002297024 0.1455997523184343
25 0.46343172185646336 0.13609621417963644 0.07952475844599369 0.11760772837725661
25 0.39903846153846156 0.13942307692307693 0.0625 0.20673076923076922
24 0.2776442307692308 0.7451923076923077 0.18028846153846154 0.2548076923076923
25 0.6935096153846154 0.6586538461538461 0.15144230769230768 0.08173076923076923
25 0.8846153846153846 0.6694711538461539 0.20192307692307693 0.10336538461538461
25 0.4254807692307692 0.7235576923076923 0.11538461538461539 0.21153846153846154
25 0.578125 0.7283653846153846 0.23317307692307693 0.22115384615384615
25 0.7807094292159183 0.7679090041599027 0.23865619067029933 0.2532457223166358
25 0.9459134615384616 0.765625 0.10817307692307693 0.25240384615384615
25 0.41225961538461536 0.8713942307692307 0.0889423076923077 0.18509615384615385
25 0.5336538461538461 0.8918269230769231 0.23076923076923078 0.21634615384615385
25 0.7668269230769231 0.9146634615384616 0.2644230769230769 0.17067307692307693
25 0.9314903846153846 0.9086538461538461 0.13701923076923078 0.18269230769230768