12 0.2800480769230769 0.21394230769230768 0.3389423076923077 0.42788461538461536
18 0.5721153846153846 0.38341346153846156 0.24519230769230768 0.0889423076923077
18 0.7512019230769231 0.36177884615384615 0.27163461538461536 0.13221153846153846
18 0.8052884615384616 0.14302884615384615 0.2980769230769231 0.2860576923076923
18 0.9170673076923077 0.27283653846153844 0.1658653846153846 0.2091346153846154
18 0.6799527568853867 0.2273887780996437 0.20893057708068297 0.30868716408458086
18 0.5492788461538461 0.21153846153846154 0.19951923076923078 0.4230769230769231
18 0.8870192307692307 0.054086538461538464 0.22596153846153846 0.10817307692307693
18 0.7235576923076923 0.027644230769230768 0.23557692307692307 0.055288461538461536
18 0.9579326923076923 0.09735576923076923 0.08413461538461539 0.17067307692307693
12 0.16466346153846154 0.5456730769230769 0.3293269230769231 0.23557692307692307
12 0.35096153846153844 0.6490384615384616 0.1971153846153846 0.3942307692307692
23 0.7247596153846154 0.7139423076923077 0.5504807692307693 0.5721153846153846