0 0.1045673076923077 0.1201923076923077 0.2091346153846154 0.2403846153846154
0 0.32572115384615385 0.109375 0.2764423076923077 0.21875
20 0.5913461538461539 0.23918269230769232 0.14423076923076922 0.31971153846153844
20 0.7163461538461539 0.11177884615384616 0.3942307692307692 0.22355769230769232
20 0.8149038461538461 0.2620192307692308 0.3701923076923077 0.27403846153846156
25 0.25961538461538464 0.6995192307692307 0.5192307692307693 0.6009615384615384
25 0.8425480769230769 0.7091346153846154 0.31490384615384615 0.5817307692307693
15 0.8503078784854637 0.833596288097239 0.07525861729359576 0.08501742610984855
15 0.9663461538461539 0.7980769230769231 0.0673076923076923 0.07211538461538461
15 0.8836090646934974 0.9384335528975665 0.07243453789489689 0.07881158648271863
15 0.9579326923076923 0.6526442307692307 0.08413461538461539 0.14182692307692307
15 0.8228487743305443 0.9015661876318976 0.08104136272263454 0.06517340652970013