2 0.390625 0.27403846153846156 0.43509615384615385 0.5480769230769231
2 0.9350961538461539 0.2608173076923077 0.12980769230769232 0.28125
2 0.8834134615384616 0.11658653846153846 0.23317307692307693 0.23317307692307693
2 0.7670560328982592 0.34617551487917686 0.2609678077074389 0.25842407582985555
2 0.6995192307692307 0.21033653846153846 0.18269230769230768 0.2283653846153846
2 0.15470589351798925 0.8281932508447617 0.21737942365869584 0.18264204076156432
2 0.2664341996891651 0.787530336215463 0.1725468132253246 0.1917344077718151
2 0.37460727661224197 0.78059829047051 0.1590987894235943 0.17053148815912805
2 0.30528846153846156 0.609375 0.1875 0.12259615384615384
21 0.8112980769230769 0.8774038461538461 0.37740384615384615 0.24519230769230768
21 0.8425480769230769 0.6286057692307693 0.31490384615384615 0.16105769230769232
21 0.8689903846153846 0.7512019230769231 0.2620192307692308 0.40625