14 0.2668269230769231 0.296875 0.5336538461538461 0.38221153846153844
14 0.27283653846153844 0.15745192307692307 0.43028846153846156 0.31490384615384615
11 0.8088942307692307 0.44350961538461536 0.3581730769230769 0.0889423076923077
11 0.7740384615384616 0.35697115384615385 0.3317307692307692 0.20432692307692307
11 0.7632211538461539 0.22956730769230768 0.31009615384615385 0.21875
2 0.3004807692307692 0.8882211538461539 0.2644230769230769 0.22355769230769232
2 0.4553194466876785 0.747530587895011 0.1763852156770883 0.24668407488629612
2 0.109375 0.8052884615384616 0.21875 0.27884615384615385
2 0.2790970483573269 0.6380600184487878 0.2947737175511834 0.2989331997187286
2 0.6838942307692307 0.5865384615384616 0.15144230769230768 0.15865384615384615
2 0.6646634615384616 0.5120192307692307 0.11298076923076923 0.04807692307692308