7 0.07572115384615384 0.23557692307692307 0.15144230769230768 0.125
14 0.4411057692307692 0.17908653846153846 0.1658653846153846 0.13701923076923078
14 0.5576923076923077 0.042067307692307696 0.21153846153846154 0.08413461538461539
11 0.21300754792286766 0.837930532702223 0.18277229064418996 0.22095660102562512
11 0.07451923076923077 0.5060096153846154 0.14903846153846154 0.24759615384615385
11 0.2011909595369294 0.4973309205092881 0.18125030616097193 0.23760137153306646
11 0.29927884615384615 0.48197115384615385 0.11778846153846154 0.2764423076923077
2 0.8293269230769231 0.5384615384615384 0.34134615384615385 0.4807692307692308
2 0.8209134615384616 0.8978365384615384 0.2860576923076923 0.20432692307692307
2 0.5709134615384616 0.46875 0.2091346153846154 0.34134615384615385
2 0.5857910117233878 0.7744150204196111 0.14657839647855242 0.2613113906831505
2 0.5829326923076923 0.9663461538461539 0.23317307692307693 0.0673076923076923