24 0.42788461538461536 0.2608173076923077 0.14423076923076922 0.19951923076923078
24 0.390625 0.3629807692307692 0.21875 0.20673076923076922
24 0.08607144980321195 0.29631810054839 0.14299569992414496 0.13745362771139769
24 0.08274722902293778 0.14240201849629214 0.16110846465937675 0.14247110463692209
24 0.23185471278961595 0.20905406979873875 0.12732874063345206 0.1348679682220972
24 0.3873162993274437 0.11829615494782868 0.14430252122780018 0.14347722873720195
24 0.036057692307692304 0.44350961538461536 0.07211538461538461 0.0889423076923077
19 0.875 0.04326923076923077 0.16826923076923078 0.08653846153846154
19 0.9242788461538461 0.1658653846153846 0.15144230769230768 0.27403846153846156
19 0.8283895460830608 0.21696404825440327 0.0845359584150115 0.2305043456519576
19 0.890625 0.39302884615384615 0.21875 0.18990384615384615
24 0.06610576923076923 0.9447115384615384 0.13221153846153846 0.11057692307692307
24 0.021634615384615384 0.7872596153846154 0.04326923076923077 0.21875
24 0.15144020167804242 0.7857262472457311 0.2534345785446348 0.2685200277260822
24 0.24879807692307693 0.9314903846153846 0.27163461538461536 0.13701923076923078
24 0.04326923076923077 0.6394230769230769 0.08653846153846154 0.1346153846153846
24 0.12620192307692307 0.5336538461538461 0.12740384615384615 0.09134615384615384
24 0.15201546516338724 0.6150251990402767 0.09776927884552003 0.09366692821818116
24 0.24041230207668818 0.6473101364882481 0.10616176073863534 0.0925629046295797
24 0.25 0.5540865384615384 0.14423076923076922 0.13221153846153846
24 0.3112980769230769 0.5048076923076923 0.10336538461538461 0.03365384615384615
24 0.32993931006988125 0.8214639539367092 0.11796511176222452 0.14917916001566367
24 0.293303000753481 0.7164491057263598 0.11952977210221395 0.10113020822111807
24 0.32115094468399835 0.6362279436786673 0.10599392357586404 0.08294752001419507
24 0.36444723839075305 0.7040531047103453 0.05447906843094303 0.09196152205846121
24 0.35384854021290113 0.5536588780418839 0.07615564310625117 0.0946171097537058
21 0.75 0.6322115384615384 0.5 0.28846153846153844