25 0.22355769230769232 0.1971153846153846 0.44711538461538464 0.3942307692307692
6 0.7872596153846154 0.2548076923076923 0.4254807692307692 0.5096153846153846
7 0.90625 0.036057692307692304 0.0673076923076923 0.07211538461538461
7 0.6432021952603187 0.3535731378083193 0.08089002053211207 0.10138713686792646
25 0.3004807692307692 0.7295673076923077 0.4951923076923077 0.22355769230769232
25 0.32211538461538464 0.8088942307692307 0.4519230769230769 0.38221153846153844
25 0.47475961538461536 0.9086538461538461 0.1466346153846154 0.18269230769230768
25 0.46033653846153844 0.9651442307692307 0.17548076923076922 0.06971153846153846
0 0.7223557692307693 0.8557692307692307 0.3485576923076923 0.28846153846153844
0 0.9483173076923077 0.8641826923076923 0.10336538461538461 0.27163461538461536
0 0.85702621011935 0.7345759819796669 0.2569095104999107 0.12380484813634454