24 0.3088942307692308 0.24519230769230768 0.43990384615384615 0.49038461538461536
21 0.8149038461538461 0.2548076923076923 0.3701923076923077 0.5096153846153846
24 0.31149016535049473 0.751841175909363 0.2382747682768377 0.16119191144901676
24 0.2956730769230769 0.6009615384615384 0.2932692307692308 0.18269230769230768
24 0.4807692307692308 0.7872596153846154 0.09615384615384616 0.17548076923076922
24 0.4795673076923077 0.65625 0.0985576923076923 0.14903846153846154
24 0.4577755681548865 0.5829986606042551 0.10163777402186287 0.14167103521026794
19 0.6574519230769231 0.6225961538461539 0.25721153846153844 0.22596153846153846
19 0.6466346153846154 0.8581730769230769 0.23557692307692307 0.28365384615384615
19 0.8521634615384616 0.7704326923076923 0.2956730769230769 0.3245192307692308
19 0.8569711538461539 0.5901442307692307 0.27163461538461536 0.16105769230769232
10 0.5612980769230769 0.9314903846153846 0.06490384615384616 0.13701923076923078
10 0.7596153846153846 0.9567307692307693 0.15384615384615385 0.08653846153846154