16 0.46274038461538464 0.31971153846153844 0.17067307692307693 0.3173076923076923
16 0.2932692307692308 0.28365384615384615 0.42788461538461536 0.3894230769230769
16 0.7740384615384616 0.23918269230769232 0.4519230769230769 0.47836538461538464
15 0.11057692307692307 0.49759615384615385 0.22115384615384615 0.038461538461538464
15 0.12860576923076922 0.6105769230769231 0.25721153846153844 0.16346153846153846
15 0.036057692307692304 0.6442307692307693 0.07211538461538461 0.16346153846153846
15 0.4270780476530238 0.5947903549740972 0.22521740090269413 0.1709934640759272
15 0.4309966803433391 0.6789249703587126 0.18144103200307526 0.10730440282579543
15 0.3727215486385055 0.7420452246373611 0.21970829579377182 0.13002316229141322
15 0.5168269230769231 0.7680288461538461 0.0625 0.20432692307692307
15 0.5240384615384616 0.5108173076923077 0.04807692307692308 0.06490384615384616
3 0.7740384615384616 0.7391826923076923 0.4519230769230769 0.5216346153846154