17 0.4338942307692308 0.1971153846153846 0.13221153846153846 0.3942307692307692
17 0.2812198148825207 0.14661926196756506 0.10742795467813447 0.09239645697506592
17 0.11863033770125128 0.04199261765118202 0.0861935071830678 0.06460940289922917
17 0.2354721736417192 0.05315490858077698 0.08499158410614473 0.0645253562502587
0 0.7560096153846154 0.2848557692307692 0.4879807692307692 0.5697115384615384
24 0.09735576923076923 0.8353365384615384 0.19471153846153846 0.31009615384615385
24 0.17548076923076922 0.9699519230769231 0.18269230769230768 0.06009615384615385
24 0.33991538111525366 0.9175062541528504 0.12977324896538328 0.1190656346229502
24 0.41586538461538464 0.9735576923076923 0.16826923076923078 0.052884615384615384
6 0.8701923076923077 0.6959134615384616 0.25961538461538464 0.25240384615384615
6 0.6927399856552999 0.8356908783066707 0.24705395436253894 0.2468221407226087
7 0.7067307692307693 0.6430288461538461 0.15384615384615385 0.1466346153846154
15 0.9038461538461539 0.8317307692307693 0.19230769230769232 0.09615384615384616
15 0.5492788461538461 0.6370192307692307 0.0985576923076923 0.1346153846153846