0 0.28966346153846156 0.21995192307692307 0.5793269230769231 0.43990384615384615
0 0.28966346153846156 0.09254807692307693 0.5793269230769231 0.18509615384615385
25 0.8930288461538461 0.16466346153846154 0.21394230769230768 0.3293269230769231
25 0.9723557692307693 0.18389423076923078 0.055288461538461536 0.36778846153846156
25 0.7259615384615384 0.19951923076923078 0.2932692307692308 0.39903846153846156
6 0.07932692307692307 0.6334134615384616 0.15865384615384615 0.37740384615384615
6 0.23317307692307693 0.9471153846153846 0.375 0.10576923076923077
6 0.23798076923076922 0.4963942307692308 0.23076923076923078 0.11298076923076923
6 0.2824519230769231 0.8215827041752816 0.1502403846153846 0.20093976336060956
7 0.20192307692307693 0.7256325711827222 0.12860576923076922 0.3363794374366819
15 0.05889423076923077 0.45552884615384615 0.11778846153846154 0.03125
15 0.36778846153846156 0.6830739185864553 0.09615384615384616 0.2120149100892516
20 0.7439903846153846 0.8028846153846154 0.3293269230769231 0.3942307692307692