24 0.44187047327878076 0.2745160443415561 0.4586995023699692 0.4066356081300701
24 0.39663461538461536 0.5552884615384616 0.4567307692307692 0.10576923076923077
7 0.7463942307692307 0.5180288461538461 0.09375 0.18028846153846154
7 0.7732418587698467 0.25762997484799466 0.07446510489418319 0.137553861362818
24 0.16947115384615385 0.6382211538461539 0.1658653846153846 0.06009615384615385
24 0.3581730769230769 0.6394230769230769 0.2644230769230769 0.0625
24 0.5120192307692307 0.6694711538461539 0.1875 0.12259615384615384
24 0.13581730769230768 0.7908653846153846 0.27163461538461536 0.2932692307692308
24 0.3547898944846756 0.7696287549000147 0.2286828090643951 0.23391786791411617
24 0.5889423076923077 0.765625 0.22115384615384615 0.3004807692307692
0 0.8497596153846154 0.8389423076923077 0.3004807692307692 0.32211538461538464
0 0.8497596153846154 0.7992788461538461 0.3004807692307692 0.38221153846153844