18 0.11057692307692307 0.028846153846153848 0.1346153846153846 0.057692307692307696
18 0.1683764281729491 0.2033146683271208 0.17487297167965737 0.18153555854670395
18 0.17967210277169096 0.3268327290604382 0.17829999217171905 0.1326067326300572
18 0.23051036947987533 0.4227302675654149 0.15595715304554092 0.1864251091722813
18 0.18990384615384615 0.5144230769230769 0.15865384615384615 0.04807692307692308
18 0.13221153846153846 0.4699519230769231 0.10576923076923077 0.13701923076923078
18 0.31490384615384615 0.47115384615384615 0.16346153846153846 0.1346153846153846
18 0.35236597432298844 0.33244715027653476 0.1713931826875492 0.18372939255823056
18 0.3166590082794437 0.18021108952149828 0.1613368672368505 0.17475589864024982
18 0.30288461538461536 0.07211538461538461 0.1346153846153846 0.14423076923076922
18 0.41225961538461536 0.07572115384615384 0.1658653846153846 0.15144230769230768
18 0.4468344196838353 0.22567527587748598 0.17436393991537058 0.19468670834541799
18 0.46873798837832487 0.4365837009889886 0.20561393991537058 0.19650681357885497
18 0.18978463712845262 0.08271419062061888 0.1426832306993407 0.1389200727453223
4 0.6911057692307693 0.2692307692307692 0.1466346153846154 0.5384615384615384
4 0.3088942307692308 0.7692307692307693 0.6177884615384616 0.46153846153846156
12 0.9314903846153846 0.6766826923076923 0.13701923076923078 0.2764423076923077