24 0.265625 0.019230769230769232 0.0985576923076923 0.038461538461538464
24 0.27269978242599685 0.07356129861591221 0.14646843804836168 0.09190985221969697
24 0.41040987370420196 0.10628258370260639 0.08855111041837602 0.05734861771878263
24 0.4951923076923077 0.12860576923076922 0.0673076923076923 0.11778846153846154
24 0.2451721468140305 0.3863558333457671 0.23999232806509951 0.16517780630225168
24 0.25622809504878796 0.5400057629494063 0.294198731820655 0.19824278136247087
24 0.44591346153846156 0.38100961538461536 0.1658653846153846 0.18028846153846154
24 0.4543269230769231 0.5180288461538461 0.14903846153846154 0.15625
24 0.4206730769230769 0.5721153846153846 0.10096153846153846 0.1346153846153846
24 0.6201923076923077 0.28125 0.18269230769230768 0.3125
24 0.7897462752126768 0.4723292079481052 0.2795789662150278 0.3175766575852976
24 0.5625 0.4699519230769231 0.0673076923076923 0.31490384615384615
24 0.6412074357285606 0.12487572332824443 0.2077654249258543 0.19238063170886585
24 0.8219007151457258 0.21241928860286569 0.3045038868994298 0.3160312429009324
24 0.9399038461538461 0.3954326923076923 0.1201923076923077 0.33413461538461536
24 0.6598557692307693 0.5685096153846154 0.17548076923076922 0.14182692307692307
24 0.8713942307692307 0.5901442307692307 0.25721153846153844 0.0985576923076923
24 0.9615384615384616 0.15504807692307693 0.07692307692307693 0.1466346153846154
24 0.41225961538461536 0.7680288461538461 0.23317307692307693 0.25721153846153844
24 0.2704326923076923 0.8413461538461539 0.3918269230769231 0.3173076923076923
24 0.15865384615384615 0.7439903846153846 0.3173076923076923 0.2091346153846154
19 0.7644230769230769 0.7704326923076923 0.47115384615384615 0.2620192307692308
19 0.8834134615384616 0.90625 0.23317307692307693 0.1875
19 0.5807756570731467 0.88414920326485 0.08975194344971484 0.15291379114508474