8 0.2644230769230769 0.2692307692307692 0.5288461538461539 0.5384615384615384
5 0.7608173076923077 0.2512019230769231 0.4639423076923077 0.5024038461538461
8 0.18629807692307693 0.7692307692307693 0.37259615384615385 0.46153846153846156
8 0.46274038461538464 0.7451923076923077 0.13221153846153846 0.41346153846153844
15 0.34975961538461536 0.7692307692307693 0.2668269230769231 0.46153846153846156
8 0.9242788461538461 0.6370192307692307 0.15144230769230768 0.1971153846153846
8 0.9543269230769231 0.8545673076923077 0.09134615384615384 0.28125
8 0.8521634615384616 0.8209134615384616 0.2956730769230769 0.3581730769230769
8 0.8161057692307693 0.9699519230769231 0.28125 0.06009615384615385
8 0.7475961538461539 0.6430288461538461 0.28365384615384615 0.2091346153846154
8 0.625 0.71875 0.19230769230769232 0.34615384615384615
8 0.5733173076923077 0.6237980769230769 0.0889423076923077 0.17067307692307693
8 0.6201923076923077 0.9230769230769231 0.18269230769230768 0.15384615384615385