24 0.31642821817445366 0.21441171058520475 0.3449091983193089 0.21723905611562208
24 0.28125 0.28365384615384615 0.33653846153846156 0.11057692307692307
24 0.5251742842173852 0.17836167735513334 0.1689212909581517 0.14869507678051208
24 0.4651442307692308 0.8533653846153846 0.40625 0.2932692307692308
24 0.19110576923076922 0.8677884615384616 0.3629807692307692 0.2644230769230769
24 0.24893619297796213 0.5970734532961883 0.44507393268234624 0.435531192788556
24 0.5733173076923077 0.5661057692307693 0.18990384615384615 0.4110576923076923
24 0.4519230769230769 0.4074519230769231 0.39903846153846156 0.13701923076923078
24 0.7139423076923077 0.8990384615384616 0.09134615384615384 0.20192307692307693
24 0.7980769230769231 0.47115384615384615 0.25961538461538464 0.2644230769230769
24 0.9459134615384616 0.5805288461538461 0.10817307692307693 0.3389423076923077
24 0.8377403846153846 0.7475961538461539 0.3245192307692308 0.34134615384615385