6 0.2692307692307692 0.23076923076923078 0.5384615384615384 0.3942307692307692
24 0.7692307692307693 0.21394230769230768 0.46153846153846156 0.42788461538461536
17 0.4326923076923077 0.9471153846153846 0.21153846153846154 0.10576923076923077
17 0.23798076923076922 0.9807692307692307 0.17307692307692307 0.038461538461538464
17 0.2320780752364487 0.8657563308088144 0.1520757184118588 0.12483516439631423
17 0.25782973292464706 0.7090317595555026 0.2191773798647813 0.2236736123444446
17 0.4831730769230769 0.6442307692307693 0.11057692307692307 0.1346153846153846
17 0.042067307692307696 0.8028846153846154 0.08413461538461539 0.25
17 0.06850961538461539 0.9350961538461539 0.13701923076923078 0.12980769230769232
17 0.4143659293474382 0.8928171048613253 0.23864088482319418 0.09322349836260703
17 0.10331202581903653 0.6862201813469553 0.14402473837599944 0.10062885243701941
18 0.7043269230769231 0.46875 0.3317307692307692 0.08173076923076923
18 0.7648657749431002 0.6530189610105774 0.17290142663383753 0.17095584244161335