23 0.2704326923076923 0.14903846153846154 0.49759615384615385 0.2980769230769231
23 0.0889423076923077 0.07572115384615384 0.1778846153846154 0.15144230769230768
23 0.10096153846153846 0.24519230769230768 0.20192307692307693 0.34615384615384615
23 0.21875 0.37740384615384615 0.34615384615384615 0.08173076923076923
23 0.32572115384615385 0.2512019230769231 0.3870192307692308 0.33413461538461536
12 0.7596153846153846 0.23317307692307693 0.4807692307692308 0.3701923076923077
23 0.11177884615384616 0.5612980769230769 0.22355769230769232 0.2860576923076923
23 0.33653846153846156 0.5721153846153846 0.34134615384615385 0.3076923076923077
23 0.37740384615384615 0.8040865384615384 0.28365384615384615 0.38221153846153844
23 0.2091346153846154 0.8305288461538461 0.32211538461538464 0.3389423076923077
23 0.03365384615384615 0.7884615384615384 0.0673076923076923 0.25
12 0.7596153846153846 0.7091346153846154 0.4807692307692308 0.5817307692307693