4 0.3137019230769231 0.23918269230769232 0.43028846153846156 0.47836538461538464
23 0.5877403846153846 0.17908653846153846 0.11778846153846154 0.3581730769230769
23 0.9122596153846154 0.35697115384615385 0.17548076923076922 0.24278846153846154
20 0.1120671448043483 0.6930973677677468 0.14878053728903728 0.16828349271685392
20 0.17048668122302543 0.8204481491656934 0.1245043278977241 0.1264386158523249
20 0.12379807692307693 0.9314903846153846 0.1466346153846154 0.13701923076923078
20 0.14903846153846154 0.9783653846153846 0.15384615384615385 0.04326923076923077
20 0.09605835404459083 0.8330367231933457 0.09322635756209453 0.12035758362074461
20 0.24910815468045067 0.9089680374369515 0.1318487254535031 0.1495690019886065
20 0.2711545311604532 0.7740812473813311 0.12947984221919398 0.15548066814830747
20 0.21149810874531602 0.6406718759863117 0.1246721499115018 0.15528476969847874
7 0.6574519230769231 0.8737980769230769 0.25721153846153844 0.25240384615384615
7 0.6430288461538461 0.7728365384615384 0.21394230769230768 0.4543269230769231
7 0.625 0.765625 0.19230769230769232 0.46875
7 0.5516826923076923 0.7644230769230769 0.04567307692307692 0.47115384615384615