8 0.30649038461538464 0.31850961538461536 0.28125 0.14182692307692307
8 0.08413461538461539 0.16346153846153846 0.16826923076923078 0.23557692307692307
8 0.34975961538461536 0.1502403846153846 0.23798076923076922 0.2620192307692308
8 0.17908653846153846 0.054086538461538464 0.3004807692307692 0.10817307692307693
13 0.734375 0.2956730769230769 0.53125 0.1875
21 0.12860576923076922 0.6790865384615384 0.25721153846153844 0.40625
21 0.7560096153846154 0.9230769230769231 0.35336538461538464 0.15384615384615385
21 0.7193833515993224 0.6624172321418318 0.4475222001868296 0.473178082471225
21 0.5108173076923077 0.7740384615384616 0.08413461538461539 0.40384615384615385
21 0.5384615384615384 0.5733173076923077 0.13942307692307693 0.3581730769230769
21 0.5564903846153846 0.4519230769230769 0.17548076923076922 0.125