1 0.25961538461538464 0.19471153846153846 0.4326923076923077 0.3894230769230769
18 0.6538461538461539 0.24278846153846154 0.25 0.2932692307692308
18 0.8004807692307693 0.2956730769230769 0.1778846153846154 0.1875
18 0.9086538461538461 0.27524038461538464 0.18269230769230768 0.2283653846153846
18 0.8798076923076923 0.10697115384615384 0.1971153846153846 0.21394230769230768
18 0.7355769230769231 0.10697115384615384 0.20192307692307693 0.21394230769230768
6 0.19471153846153846 0.6875 0.3894230769230769 0.47115384615384615
6 0.33774038461538464 0.5745192307692307 0.28125 0.3701923076923077
6 0.40384615384615385 0.8774038461538461 0.14903846153846154 0.24519230769230768
6 0.14543269230769232 0.9423076923076923 0.29086538461538464 0.11538461538461539
22 0.7776442307692307 0.6334134615384616 0.44471153846153844 0.4879807692307692
4 0.7524038461538461 0.8858173076923077 0.40384615384615385 0.2283653846153846