19 0.2932692307692308 0.49759615384615385 0.36538461538461536 0.1201923076923077
24 0.8076923076923077 0.3701923076923077 0.38461538461538464 0.375
24 0.7584134615384616 0.1971153846153846 0.4831730769230769 0.3942307692307692
19 0.07572115384615384 0.6430288461538461 0.15144230769230768 0.17067307692307693
19 0.055288461538461536 0.8882211538461539 0.11057692307692307 0.22355769230769232
19 0.38341346153846156 0.8737980769230769 0.19951923076923078 0.25240384615384615
19 0.2127403846153846 0.8882211538461539 0.20432692307692307 0.22355769230769232
19 0.3858173076923077 0.6213942307692307 0.2091346153846154 0.12740384615384615
19 0.19831730769230768 0.609375 0.2091346153846154 0.10336538461538461
19 0.2235583160622413 0.7108625849648921 0.1967404807679634 0.18622195985524487
19 0.37367282280554737 0.7189481964148554 0.22763382679707433 0.16597107472914494
19 0.43990384615384615 0.9699519230769231 0.08173076923076923 0.06009615384615385
19 0.3317307692307692 0.9759615384615384 0.23076923076923078 0.04807692307692308
24 0.7439903846153846 0.7451923076923077 0.4543269230769231 0.375
24 0.6370192307692307 0.9290865384615384 0.2548076923076923 0.14182692307692307