15 0.15745192307692307 0.29086538461538464 0.31490384615384615 0.34615384615384615
15 0.15985576923076922 0.1346153846153846 0.31971153846153844 0.2692307692307692
16 0.6742788461538461 0.28846153846153844 0.53125 0.4807692307692308
16 0.6754807692307693 0.057692307692307696 0.46153846153846156 0.11538461538461539
16 0.4699519230769231 0.24519230769230768 0.3004807692307692 0.4230769230769231
16 0.4495192307692308 0.40384615384615385 0.25961538461538464 0.25
15 0.14543269230769232 0.7644230769230769 0.29086538461538464 0.47115384615384615
15 0.8197115384615384 0.8100961538461539 0.3317307692307692 0.3798076923076923
15 0.8100961538461539 0.6394230769230769 0.3798076923076923 0.10576923076923077
15 0.5038957951923707 0.685911372299312 0.3655181906983845 0.23119774459862386
15 0.4937500407595197 0.7045121051031221 0.3424298197645497 0.22265612923572758