6 0.16706730769230768 0.41225961538461536 0.33413461538461536 0.19471153846153846
6 0.08052884615384616 0.16706730769230768 0.16105769230769232 0.33413461538461536
6 0.2824519230769231 0.025240384615384616 0.2283653846153846 0.05048076923076923
7 0.09198086048746049 0.28694827422778235 0.10323474379267253 0.07988729020909893
7 0.22173710548798717 0.12130485265021672 0.10389921919715797 0.1027238286706374
7 0.3629807692307692 0.27524038461538464 0.11057692307692307 0.08413461538461539
7 0.2321383575944423 0.25927425075221355 0.13521916397657727 0.1056731456034903
7 0.3954326923076923 0.33052884615384615 0.04567307692307692 0.0889423076923077
7 0.10336538461538461 0.3581730769230769 0.20673076923076922 0.052884615384615384
7 0.2764423076923077 0.4795673076923077 0.07211538461538461 0.06009615384615385
7 0.37170493716702274 0.37576805757137477 0.06184477333164159 0.0611451361134746
7 0.038461538461538464 0.13221153846153846 0.07692307692307693 0.10096153846153846
20 0.7728365384615384 0.13341346153846154 0.35336538461538464 0.2668269230769231
25 0.7091346153846154 0.7548076923076923 0.5817307692307693 0.49038461538461536
25 0.6213942307692307 0.8076923076923077 0.40625 0.38461538461538464
25 0.8353365384615384 0.7512019230769231 0.3293269230769231 0.31971153846153844