0 0.35096153846153844 0.2848557692307692 0.4567307692307692 0.5697115384615384
23 0.8449519230769231 0.21754807692307693 0.31009615384615385 0.43509615384615385
23 0.7668269230769231 0.3713942307692308 0.375 0.39663461538461536
23 0.7307692307692307 0.13822115384615385 0.30288461538461536 0.2764423076923077
4 0.38341346153846156 0.7223557692307693 0.3918269230769231 0.30528846153846156
17 0.6274038461538461 0.9603365384615384 0.09615384615384616 0.07932692307692307
17 0.6838942307692307 0.9182692307692307 0.14182692307692307 0.16346153846153846
17 0.8072356621186428 0.8461310538267572 0.16933529825165622 0.21416251445840884
17 0.9002882952432689 0.7653572249188921 0.13559752688739343 0.20780960583243413
17 0.9759615384615384 0.7331730769230769 0.04807692307692308 0.14903846153846154
17 0.7896634615384616 0.7848557692307693 0.4206730769230769 0.43028846153846156