0 0.18509615384615385 0.22596153846153846 0.21153846153846154 0.4519230769230769
0 0.4050480769230769 0.40024038461538464 0.2091346153846154 0.41586538461538464
0 0.36658653846153844 0.13701923076923078 0.2860576923076923 0.27403846153846156
10 0.9266826923076923 0.30408653846153844 0.1466346153846154 0.6081730769230769
10 0.7776442307692307 0.30408653846153844 0.31971153846153844 0.6081730769230769
10 0.6069711538461539 0.30408653846153844 0.19471153846153846 0.6081730769230769
11 0.49158653846153844 0.6862980769230769 0.036057692307692304 0.15625
11 0.4483173076923077 0.6418269230769231 0.12259615384615384 0.0673076923076923
11 0.33052884615384615 0.7067307692307693 0.1466346153846154 0.1971153846153846
11 0.19591346153846154 0.6754807692307693 0.18990384615384615 0.1346153846153846
11 0.05889423076923077 0.7079326923076923 0.11778846153846154 0.19951923076923078
10 0.7548076923076923 0.8040865384615384 0.49038461538461536 0.3918269230769231
10 0.7668269230769231 0.9026442307692307 0.46634615384615385 0.19471153846153846