14 0.0673076923076923 0.04326923076923077 0.1346153846153846 0.08653846153846154
14 0.0673076923076923 0.34975961538461536 0.1346153846153846 0.13701923076923078
14 0.07572115384615384 0.23918269230769232 0.15144230769230768 0.20432692307692307
14 0.17562922679219406 0.10187366144658078 0.21308328112457803 0.15611414440550236
14 0.24158653846153846 0.02403846153846154 0.21394230769230768 0.04807692307692308
14 0.39302884615384615 0.039663461538461536 0.15144230769230768 0.07932692307692307
14 0.33653846153846156 0.13822115384615385 0.2644230769230769 0.1466346153846154
14 0.23790902002609307 0.26477469356629224 0.2344725170230086 0.18300405322003227
14 0.1141826923076923 0.4423076923076923 0.2283653846153846 0.14423076923076922
14 0.24055864239828983 0.4086697619553948 0.19821879883888455 0.12097862447334425
14 0.38221153846153844 0.3858173076923077 0.17307692307692307 0.15625
14 0.37431519881202757 0.3131843026677344 0.17942943497073188 0.15533084244161335
14 0.7668269230769231 0.14543269230769232 0.2980769230769231 0.29086538461538464
14 0.9134615384615384 0.15384615384615385 0.17307692307692307 0.3076923076923077
14 0.7584134615384616 0.3737980769230769 0.3293269230769231 0.31009615384615385
14 0.9302884615384616 0.39663461538461536 0.13942307692307693 0.25961538461538464
22 0.234375 0.7608173076923077 0.46875 0.4639423076923077
3 0.96875 0.7259615384615384 0.0625 0.08653846153846154
3 0.9543269230769231 0.8173076923076923 0.09134615384615384 0.15865384615384615
3 0.9281075992758769 0.8911444670640486 0.0938231377672565 0.1353437413780449
3 0.9290145908907793 0.7183752697586533 0.10920275828107179 0.16209377484188045
3 0.889032017000628 0.6497267839623928 0.09161551585592502 0.13769163739161336
3 0.8534652820313879 0.7621210816592944 0.09244956806965376 0.1185168183011218
3 0.8336208657190739 0.6378204584127668 0.06740540769678383 0.12033318798205131
3 0.7042551738722469 0.7823889383633009 0.09534397482978654 0.124582383826015
3 0.6035388165308103 0.7523428713183224 0.07702059394608557 0.17933931903183756
3 0.5522487710742302 0.8075204375152776 0.09774762261754989 0.18342066445496796
3 0.5072115384615384 0.8245192307692307 0.07692307692307693 0.1346153846153846
3 0.4807692307692308 0.7524038461538461 0.02403846153846154 0.16346153846153846