18 0.21033653846153846 0.09615384615384616 0.23798076923076922 0.19230769230769232
18 0.24759615384615385 0.25841346153846156 0.16346153846153846 0.3389423076923077
18 0.21754807692307693 0.3629807692307692 0.2091346153846154 0.12980769230769232
18 0.04807692307692308 0.3329326923076923 0.09615384615384616 0.18990384615384615
18 0.1288727026282914 0.2500333602092382 0.21099955504545803 0.3027875205650611
18 0.06971153846153846 0.05048076923076923 0.13942307692307693 0.10096153846153846
18 0.03245192307692308 0.09014423076923077 0.06490384615384616 0.18028846153846154
23 0.8653846153846154 0.28846153846153844 0.2692307692307692 0.27884615384615385
23 0.6598557692307693 0.21394230769230768 0.5552884615384616 0.42788461538461536
23 0.6646634615384616 0.6706730769230769 0.6706730769230769 0.4855769230769231
23 0.8509615384615384 0.8762019230769231 0.2980769230769231 0.24759615384615385