10 0.43990384615384615 0.4543269230769231 0.15865384615384615 0.2692307692307692
10 0.30528846153846156 0.44711538461538464 0.21153846153846154 0.28365384615384615
10 0.13341346153846154 0.43149038461538464 0.20432692307692307 0.31490384615384615
10 0.03245192307692308 0.44711538461538464 0.06490384615384616 0.28365384615384615
4 0.7079326923076923 0.5372596153846154 0.37740384615384615 0.10336538461538461
4 0.8401442307692307 0.3389423076923077 0.31971153846153844 0.2932692307692308
4 0.6266794941007496 0.2124355512354064 0.21096039930426094 0.276500360043016
4 0.8930288461538461 0.13581730769230768 0.21394230769230768 0.27163461538461536
4 0.5757211538461539 0.34134615384615385 0.11298076923076923 0.3605769230769231
10 0.09375 0.7572115384615384 0.1875 0.33653846153846156
10 0.24759615384615385 0.7632211538461539 0.22596153846153846 0.3485576923076923
10 0.41346153846153844 0.7644230769230769 0.21153846153846154 0.35096153846153844
18 0.7596153846153846 0.8317307692307693 0.4807692307692308 0.33653846153846156
16 0.6911057692307693 0.9783653846153846 0.22355769230769232 0.04326923076923077
16 0.681093055542389 0.7902335282553055 0.23148132908014085 0.12150749665409417