19 0.22596153846153846 0.1935096153846154 0.4519230769230769 0.3485576923076923
13 0.8581730769230769 0.06370192307692307 0.1201923076923077 0.12740384615384615
24 0.14500281331061352 0.7279475650441886 0.1866418721091877 0.16917622238413307
24 0.337866790182907 0.7787956100399035 0.16427117421894566 0.1589967426630396
24 0.4411057692307692 0.7920673076923077 0.036057692307692304 0.15144230769230768
24 0.35134238526745104 0.6939496321846517 0.12352674494316236 0.08884379883888453
24 0.4387019230769231 0.6826923076923077 0.040865384615384616 0.11057692307692307
24 0.39903846153846156 0.5336538461538461 0.1201923076923077 0.1201923076923077
24 0.3942307692307692 0.4567307692307692 0.12980769230769232 0.09615384615384616
24 0.44591346153846156 0.4338942307692308 0.026442307692307692 0.11778846153846154
19 0.9471153846153846 0.8028846153846154 0.10576923076923077 0.22115384615384615
19 0.9615384615384616 0.7283653846153846 0.07692307692307693 0.1875