23 0.21995192307692307 0.3161057692307692 0.43990384615384615 0.2860576923076923
18 0.49399038461538464 0.11538461538461539 0.10817307692307693 0.23076923076923078
18 0.46033653846153844 0.2800480769230769 0.040865384615384616 0.24278846153846154
18 0.6754807692307693 0.1201923076923077 0.23557692307692307 0.2403846153846154
18 0.7307692307692307 0.3401442307692308 0.2644230769230769 0.23798076923076922
18 0.8583948267240022 0.2857089272583862 0.2592072965999283 0.22073924479700874
18 0.90625 0.43149038461538464 0.1875 0.055288461538461536
18 0.5168269230769231 0.42788461538461536 0.15384615384615385 0.0625
18 0.5805288461538461 0.35216346153846156 0.17548076923076922 0.21394230769230768
18 0.27524038461538464 0.8918269230769231 0.3293269230769231 0.21634615384615385
25 0.3016826923076923 0.7716346153846154 0.2764423076923077 0.35096153846153844
24 0.25721153846153844 0.5276442307692307 0.15865384615384615 0.13701923076923078
24 0.3798076923076923 0.5144230769230769 0.1201923076923077 0.11057692307692307
10 0.8088942307692307 0.7295673076923077 0.38221153846153844 0.5408653846153846