3 0.05048076923076923 0.49038461538461536 0.10096153846153846 0.1346153846153846
3 0.359375 0.4675480769230769 0.31009615384615385 0.18028846153846154
3 0.21183946156872382 0.3795758522341877 0.38799316395769756 0.3318217290145301
3 0.07692307692307693 0.3088942307692308 0.15384615384615385 0.31971153846153844
3 0.3329326923076923 0.15504807692307693 0.3629807692307692 0.31009615384615385
3 0.4831730769230769 0.3545673076923077 0.23076923076923078 0.34375
3 0.5240384615384616 0.09375 0.14903846153846154 0.1875
3 0.40865384615384615 0.014423076923076924 0.36538461538461536 0.028846153846153848
3 0.1141826923076923 0.09375 0.2283653846153846 0.1875
3 0.7163461538461539 0.3629807692307692 0.23557692307692307 0.3894230769230769
3 0.6971153846153846 0.10817307692307693 0.1971153846153846 0.21634615384615385
3 0.8605769230769231 0.16947115384615385 0.27884615384615385 0.3389423076923077
3 0.17548076923076922 0.6478365384615384 0.3269230769230769 0.18028846153846154
3 0.3954326923076923 0.7644230769230769 0.3918269230769231 0.41346153846153844
12 0.9050480769230769 0.6850961538461539 0.18990384615384615 0.2548076923076923
12 0.8425480769230769 0.8341346153846154 0.31490384615384615 0.3269230769230769
12 0.7115384615384616 0.7067307692307693 0.22596153846153846 0.2980769230769231
12 0.6923076923076923 0.8954326923076923 0.1875 0.2091346153846154