7 0.29447115384615385 0.21033653846153846 0.3870192307692308 0.13701923076923078
7 0.3016826923076923 0.12740384615384615 0.37259615384615385 0.2548076923076923
7 0.26322115384615385 0.11778846153846154 0.3245192307692308 0.23557692307692307
23 0.8425480769230769 0.13942307692307693 0.31490384615384615 0.27884615384615385
23 0.6081730769230769 0.13942307692307693 0.2403846153846154 0.27884615384615385
12 0.15745192307692307 0.3786057692307692 0.31490384615384615 0.19951923076923078
12 0.36899038461538464 0.39302884615384615 0.23798076923076922 0.2283653846153846
12 0.3762019230769231 0.6117788461538461 0.22355769230769232 0.4110576923076923
12 0.14302884615384615 0.5264423076923077 0.2860576923076923 0.19230769230769232
12 0.17548076923076922 0.6382211538461539 0.35096153846153844 0.2283653846153846
12 0.027644230769230768 0.6526442307692307 0.055288461538461536 0.24759615384615385
12 0.04326923076923077 0.8882211538461539 0.08653846153846154 0.22355769230769232
12 0.17067307692307693 0.8653846153846154 0.34134615384615385 0.2692307692307692
12 0.33533653846153844 0.8485576923076923 0.30528846153846156 0.30288461538461536
20 0.8858173076923077 0.3762019230769231 0.2283653846153846 0.19471153846153846
20 0.875 0.5949519230769231 0.25 0.23798076923076922
20 0.8990384615384616 0.8149038461538461 0.20192307692307693 0.20673076923076922
20 0.7487980769230769 0.6697913080639785 0.21033653846153846 0.23564259178177663
20 0.8257211538461539 0.9007013130584567 0.1778846153846154 0.1869992182805
20 0.6911057692307693 0.8719092850873505 0.18509615384615385 0.20635586538334805