1 0.23076923076923078 0.30288461538461536 0.24519230769230768 0.11057692307692307
1 0.46875 0.21995192307692307 0.15865384615384615 0.22355769230769232
1 0.39302884615384615 0.07932692307692307 0.24759615384615385 0.15865384615384615
1 0.1502403846153846 0.09975961538461539 0.17548076923076922 0.19951923076923078
12 0.7740384615384616 0.04807692307692308 0.4519230769230769 0.09615384615384616
12 0.7740384615384616 0.2091346153846154 0.4519230769230769 0.2980769230769231
10 0.2704102967127691 0.7211008083108138 0.39079565479026523 0.3219296833948425
10 0.3245192307692308 0.5540865384615384 0.44711538461538464 0.34375
10 0.375 0.4338942307692308 0.34615384615384615 0.15144230769230768
10 0.056490384615384616 0.4987980769230769 0.11298076923076923 0.14182692307692307
23 0.6045673076923077 0.6117788461538461 0.11298076923076923 0.5072115384615384
23 0.8016826923076923 0.5793269230769231 0.39663461538461536 0.4423076923076923
23 0.7067307692307693 0.8533653846153846 0.3173076923076923 0.2932692307692308