5 0.125 0.23918269230769232 0.25 0.47836538461538464
5 0.5843993277891781 0.251150784172424 0.293984167896694 0.2855907174928261
5 0.4026442307692308 0.3737980769230769 0.2283653846153846 0.2091346153846154
5 0.30288461538461536 0.328125 0.10576923076923077 0.21875
5 0.3581730769230769 0.17067307692307693 0.21634615384615385 0.21634615384615385
5 0.47596153846153844 0.11899038461538461 0.22115384615384615 0.23798076923076922
5 0.6694711538461539 0.04326923076923077 0.21875 0.08653846153846154
5 0.5192307692307693 0.025240384615384616 0.25961538461538464 0.05048076923076923
3 0.125 0.7752403846153846 0.25 0.4495192307692308
9 0.7572115384615384 0.9110576923076923 0.4855769230769231 0.1778846153846154
9 0.453125 0.8317307692307693 0.3245192307692308 0.33653846153846156
9 0.6780058767868353 0.8579998433737341 0.1424479451030924 0.11435394219620608
9 0.875 0.8581730769230769 0.25 0.23076923076923078