2 0.27403846153846156 0.29927884615384615 0.3269230769230769 0.28125
21 0.7932692307692307 0.328125 0.3076923076923077 0.22355769230769232
21 0.7836538461538461 0.08533653846153846 0.28846153846153844 0.17067307692307693
21 0.7439903846153846 0.22596153846153846 0.2091346153846154 0.28365384615384615
2 0.5132211538461539 0.5745192307692307 0.25240384615384615 0.2692307692307692
2 0.3269230769230769 0.5324519230769231 0.24519230769230768 0.18509615384615385
2 0.10576923076923077 0.6009615384615384 0.21153846153846154 0.32211538461538464
2 0.4723557692307692 0.9098557692307693 0.33413461538461536 0.18028846153846154
2 0.02403846153846154 0.8581730769230769 0.04807692307692308 0.17307692307692307
14 0.6694711538461539 0.7992788461538461 0.06009615384615385 0.21394230769230768
14 0.6959134615384616 0.5360576923076923 0.11298076923076923 0.19230769230769232