5 0.2776442307692308 0.22596153846153846 0.12259615384615384 0.4519230769230769
5 0.06370192307692307 0.08533653846153846 0.12740384615384615 0.17067307692307693
5 0.09975961538461539 0.27283653846153844 0.19951923076923078 0.39663461538461536
8 0.5718458792635938 0.33121657276266103 0.2317761628518962 0.1892138796792716
8 0.6478365384615384 0.15504807692307693 0.22355769230769232 0.31009615384615385
8 0.8497596153846154 0.1814903846153846 0.25240384615384615 0.3629807692307692
8 0.7644230769230769 0.06971153846153846 0.27403846153846156 0.13942307692307693
8 0.4266826923076923 0.17668269230769232 0.17548076923076922 0.21875
8 0.5240384615384616 0.08653846153846154 0.22115384615384615 0.17307692307692307
5 0.265625 0.7512019230769231 0.1466346153846154 0.49759615384615385
8 0.8978365384615384 0.6658653846153846 0.20432692307692307 0.3269230769230769
8 0.796875 0.8978365384615384 0.3629807692307692 0.20432692307692307
8 0.5793269230769231 0.9471153846153846 0.39903846153846156 0.10576923076923077
4 0.5625 0.6862980769230769 0.4423076923076923 0.37259615384615385
4 0.9158653846153846 0.9038461538461539 0.16826923076923078 0.19230769230769232