23 0.5564903846153846 0.2403846153846154 0.21875 0.2980769230769231
23 0.41586538461538464 0.23197115384615385 0.21634615384615385 0.31490384615384615
23 0.1778846153846154 0.3112980769230769 0.34134615384615385 0.15625
23 0.16466346153846154 0.21634615384615385 0.3293269230769231 0.2644230769230769
9 0.9110576923076923 0.19471153846153846 0.1778846153846154 0.3894230769230769
10 0.5240384615384616 0.6947115384615384 0.3701923076923077 0.6105769230769231
10 0.625 0.9795673076923077 0.16826923076923078 0.040865384615384616
10 0.3605769230769231 0.6947115384615384 0.34615384615384615 0.6105769230769231
10 0.2848557692307692 0.7896634615384616 0.21394230769230768 0.4206730769230769
23 0.9038461538461539 0.6069711538461539 0.19230769230769232 0.43509615384615385
23 0.8725961538461539 0.8677884615384616 0.2548076923076923 0.2644230769230769