14 0.1346153846153846 0.15144230769230768 0.2692307692307692 0.30288461538461536
14 0.21754807692307693 0.3629807692307692 0.10336538461538461 0.17307692307692307
14 0.125 0.4206730769230769 0.25 0.33653846153846156
24 0.3954326923076923 0.5420673076923077 0.25240384615384615 0.09375
24 0.6018996476098724 0.382793882999584 0.3344314532472369 0.3089107426063617
24 0.40505749184871015 0.38148175892377856 0.21937386084272248 0.26434084720657225
24 0.625 0.5264423076923077 0.22596153846153846 0.125
24 0.7977055208965769 0.2868481373329418 0.25656033131788986 0.2479614646476908
24 0.5706359744594093 0.1297755106987445 0.19344072869999734 0.2232097354086003
24 0.6980039578626698 0.09707100401510892 0.16428406384075891 0.17123334463594314
24 0.4326923076923077 0.02403846153846154 0.24519230769230768 0.04807692307692308
24 0.23677884615384615 0.7067307692307693 0.06490384615384616 0.12980769230769232
19 0.4519230769230769 0.8149038461538461 0.36538461538461536 0.3701923076923077
19 0.5045438783791032 0.7389407260809124 0.3259627781746204 0.27638889132349453