10 0.09975961538461539 0.5144230769230769 0.19951923076923078 0.0673076923076923
10 0.28725961538461536 0.4338942307692308 0.21394230769230768 0.2283653846153846
10 0.11899038461538461 0.453125 0.20432692307692307 0.18990384615384615
10 0.04447115384615385 0.42908653846153844 0.0889423076923077 0.18028846153846154
10 0.1601997242816491 0.31945441556726356 0.3062077592802099 0.13395269185448064
10 0.44350961538461536 0.4206730769230769 0.18990384615384615 0.21153846153846154
21 0.7259615384615384 0.3088942307692308 0.375 0.47836538461538464
21 0.16105769230769232 0.6225961538461539 0.3173076923076923 0.14903846153846154
16 0.057692307692307696 0.7536057692307693 0.11538461538461539 0.18509615384615385
16 0.2410844075092849 0.7628171866898236 0.19789848049918746 0.1765786049042307
14 0.12379807692307693 0.8701923076923077 0.24759615384615385 0.14903846153846154
19 0.7692307692307693 0.8701923076923077 0.46153846153846156 0.21153846153846154
19 0.7596153846153846 0.6670673076923077 0.4423076923076923 0.23798076923076922
19 0.9399038461538461 0.6129807692307693 0.1201923076923077 0.12980769230769232