15 0.5769230769230769 0.0733173076923077 0.04326923076923077 0.1466346153846154
15 0.5011505269706896 0.0979625260268461 0.07982435127305966 0.10008395434731199
15 0.3217222308914312 0.14094556037328587 0.24378940122291198 0.13463831089884776
15 0.47115384615384615 0.3641826923076923 0.1346153846153846 0.10817307692307693
15 0.3125 0.34615384615384615 0.1201923076923077 0.14423076923076922
15 0.22587091283342645 0.2925519268416472 0.09803593094284614 0.1799984865262598
15 0.08413461538461539 0.18028846153846154 0.16826923076923078 0.17307692307692307
15 0.18028846153846154 0.3737980769230769 0.11057692307692307 0.0889423076923077
15 0.03365384615384615 0.38461538461538464 0.0673076923076923 0.0673076923076923
16 0.8954326923076923 0.0985576923076923 0.2091346153846154 0.1971153846153846
16 0.8978365384615384 0.2800480769230769 0.20432692307692307 0.2764423076923077
16 0.49399038461538464 0.6310096153846154 0.2091346153846154 0.24759615384615385
16 0.5120192307692307 0.8689903846153846 0.17307692307692307 0.2620192307692308
16 0.377178529592664 0.7382212149854335 0.1558270535697085 0.2564904049951445
16 0.3798076923076923 0.9206730769230769 0.15384615384615385 0.15865384615384615
16 0.5516826923076923 0.7367788461538461 0.09375 0.21394230769230768
16 0.5360576923076923 0.9567307692307693 0.125 0.08653846153846154
14 0.9711538461538461 0.6358173076923077 0.057692307692307696 0.2764423076923077
14 0.9314903846153846 0.47596153846153844 0.13701923076923078 0.11538461538461539
14 0.8725961538461539 0.5180288461538461 0.1875 0.19951923076923078