1 0.22115384615384615 0.2608173076923077 0.4423076923076923 0.5216346153846154
1 0.13649919322735676 0.5679647120824065 0.025075757141718596 0.049673809407363864
1 0.17479610421522934 0.6135202356902126 0.03144758859818954 0.03214924314734118
1 0.3747071982534915 0.6079819534995602 0.0531381844498093 0.03486400590573442
1 0.4348197435874312 0.4229028329697765 0.031167686263167127 0.026139627762725662
1 0.42906369726800975 0.45465711286359994 0.0375131844498093 0.033771399469116975
1 0.3596880416084983 0.46674335696543123 0.08341018324090427 0.04177286443769072
1 0.3617593188876651 0.5112145108115851 0.05640807087855174 0.02790460739110756
1 0.3347769119404456 0.37201830384408463 0.07776609785549209 0.0749224306977134
1 0.2569318142754682 0.3834909514117868 0.04455678151033437 0.030669910132171088
1 0.26397872526334076 0.4312316878928276 0.06051766431236143 0.03897405503032685
16 0.7800480769230769 0.22115384615384615 0.43990384615384615 0.4423076923076923
16 0.7439903846153846 0.4170673076923077 0.37259615384615385 0.41586538461538464
16 0.8617788461538461 0.5120192307692307 0.2764423076923077 0.27403846153846156
16 0.9435096153846154 0.3389423076923077 0.11298076923076923 0.42788461538461536
15 0.27884615384615385 0.7704326923076923 0.5576923076923077 0.24278846153846154
1 0.7151442307692307 0.8245192307692307 0.31490384615384615 0.35096153846153844