10 0.25961538461538464 0.11899038461538461 0.1778846153846154 0.23798076923076922
10 0.265625 0.24879807692307693 0.1658653846153846 0.33413461538461536
10 0.12155964871756002 0.29820118687695746 0.10897722407242774 0.13885048639781963
10 0.6442307692307693 0.2091346153846154 0.5576923076923077 0.4182692307692308
10 0.7920673076923077 0.30649038461538464 0.37740384615384615 0.22355769230769232
10 0.5096153846153846 0.14543269230769232 0.32211538461538464 0.29086538461538464
10 0.47716346153846156 0.10096153846153846 0.25721153846153844 0.20192307692307693
10 0.9278846153846154 0.125 0.14423076923076922 0.25
10 0.90625 0.3016826923076923 0.1875 0.23317307692307693
10 0.4182692307692308 0.26322115384615385 0.13942307692307693 0.18028846153846154
4 0.1622596153846154 0.9170673076923077 0.3245192307692308 0.1658653846153846
4 0.17427884615384615 0.7091346153846154 0.3485576923076923 0.5817307692307693
4 0.5324519230769231 0.75 0.36778846153846156 0.5
24 0.6730769230769231 0.46153846153846156 0.11057692307692307 0.08653846153846154
24 0.7704326923076923 0.45913461538461536 0.0889423076923077 0.08173076923076923
24 0.8245192307692307 0.4543269230769231 0.052884615384615384 0.07211538461538461
24 0.7822203664528296 0.5447476517818521 0.09916604710763612 0.10514069957271434