10 0.15985576923076922 0.0829326923076923 0.31971153846153844 0.1658653846153846
10 0.15985576923076922 0.19471153846153846 0.31971153846153844 0.3894230769230769
10 0.13341346153846154 0.25961538461538464 0.2668269230769231 0.5192307692307693
10 0.8233173076923077 0.054086538461538464 0.20432692307692307 0.10817307692307693
10 0.6995192307692307 0.09375 0.25 0.1875
10 0.6370192307692307 0.24639423076923078 0.20673076923076922 0.49278846153846156
10 0.7824519230769231 0.34375 0.18990384615384615 0.35096153846153844
10 0.9375 0.14423076923076922 0.125 0.28846153846153844
10 0.9495192307692307 0.34615384615384615 0.10096153846153846 0.27884615384615385
10 0.9314903846153846 0.375 0.13701923076923078 0.28846153846153844
11 0.05889423076923077 0.828125 0.11778846153846154 0.34375
11 0.057692307692307696 0.6959134615384616 0.11538461538461539 0.35336538461538464
10 0.6778846153846154 0.5889423076923077 0.6442307692307693 0.13942307692307693
10 0.5721153846153846 0.6286057692307693 0.5048076923076923 0.21875
10 0.4879807692307692 0.6694711538461539 0.33653846153846156 0.3004807692307692
10 0.40024038461538464 0.7596153846153846 0.16105769230769232 0.2548076923076923