16 0.12139423076923077 0.375 0.24278846153846154 0.2692307692307692
16 0.4026442307692308 0.3762019230769231 0.30528846153846156 0.2668269230769231
16 0.45072115384615385 0.11057692307692307 0.3581730769230769 0.22115384615384615
3 0.8954326923076923 0.31971153846153844 0.19471153846153846 0.09134615384615384
3 0.8329326923076923 0.2776442307692308 0.06971153846153846 0.11778846153846154
3 0.8473557692307693 0.055288461538461536 0.0985576923076923 0.11057692307692307
3 0.8846153846153846 0.17427884615384615 0.17307692307692307 0.23798076923076922
3 0.9747596153846154 0.19951923076923078 0.05048076923076923 0.19230769230769232
24 0.9675480769230769 0.06610576923076923 0.06490384615384616 0.13221153846153846
15 0.32572115384615385 0.7548076923076923 0.6466346153846154 0.49038461538461536
16 0.8990384615384616 0.7271634615384616 0.20192307692307693 0.43509615384615385