0 0.3786057692307692 0.11658653846153846 0.4206730769230769 0.23317307692307693
0 0.3401442307692308 0.31850961538461536 0.4014423076923077 0.14182692307692307
0 0.4230769230769231 0.23076923076923078 0.3317307692307692 0.3173076923076923
20 0.7019230769230769 0.21394230769230768 0.22596153846153846 0.35096153846153844
6 0.23197115384615385 0.8954326923076923 0.4639423076923077 0.2091346153846154
6 0.14182692307692307 0.6165865384615384 0.28365384615384615 0.4014423076923077
6 0.40384615384615385 0.46153846153846156 0.22115384615384615 0.14423076923076922
7 0.22596153846153846 0.7662303698970592 0.09975961538461539 0.07982578526898652
7 0.3485576923076923 0.6028074169158951 0.09975961538461539 0.10266232373052511
7 0.5012019230769231 0.7534140003458332 0.12620192307692307 0.08420094707337028
7 0.3629807692307692 0.7370031328547627 0.12980769230769232 0.10473855655019193
7 0.5384615384615384 0.45305101011098464 0.08774038461538461 0.09389913829496589
7 0.5637019230769231 0.9507211538461539 0.05048076923076923 0.0985576923076923
7 0.546875 0.8040865384615384 0.08413461538461539 0.0889423076923077
7 0.22596153846153846 0.8371438314355207 0.22956730769230768 0.05595857258840908
7 0.038461538461538464 0.926734139614858 0.0733173076923077 0.08626793115691046
7 0.41466346153846156 0.9614608585587816 0.06971153846153846 0.07173993706470419
7 0.5336538461538461 0.9819711538461539 0.11057692307692307 0.036057692307692304
7 0.5036057692307693 0.8506998247971829 0.05889423076923077 0.06060787786500873
7 0.16826923076923078 0.6164667369108199 0.07692307692307693 0.09959400217219351
7 0.7944711538461539 0.6237980769230769 0.4110576923076923 0.46875