15 0.3840893381120309 0.3557747579861991 0.1213111211174914 0.20000996535764004
15 0.4488681191106933 0.16659639942357293 0.057182650422217006 0.12261045294886005
15 0.5086076511775699 0.22404333982167596 0.09645532861701375 0.2644982572479203
15 0.637458160845098 0.17373459996592414 0.08846062075784672 0.1294207362495388
15 0.6295543565767272 0.2931871209643057 0.165761297211923 0.19925403715535156
15 0.8268655335415188 0.2469015470085451 0.11609785894317017 0.12999033597410373
15 0.9483173076923077 0.2980769230769231 0.10336538461538461 0.125
15 0.5796601630390299 0.40211428368401503 0.11505676529611719 0.15755754401283498
15 0.6598557692307693 0.42908653846153844 0.11298076923076923 0.18028846153846154
15 0.8617788461538461 0.4543269230769231 0.09375 0.12980769230769232
15 0.7956730769230769 0.47596153846153844 0.10096153846153846 0.08653846153846154
15 0.7199519230769231 0.4831730769230769 0.11298076923076923 0.07211538461538461
15 0.5036057692307693 0.4675480769230769 0.12259615384615384 0.10336538461538461
9 0.1359267849693778 0.7151248445920989 0.11247810454458601 0.12735542162875918
9 0.12698968099301078 0.5991544879745563 0.09550433720560747 0.10103671878638182
9 0.24278846153846154 0.5612980769230769 0.03365384615384615 0.08413461538461539
16 0.5949519230769231 0.7596153846153846 0.6610576923076923 0.4807692307692308