0 0.0673076923076923 0.09735576923076923 0.1346153846153846 0.13221153846153846
0 0.051682692307692304 0.2644230769230769 0.10336538461538461 0.1778846153846154
0 0.06490384615384616 0.44350961538461536 0.12980769230769232 0.14182692307692307
0 0.2536057692307692 0.5552884615384616 0.19471153846153846 0.028846153846153848
0 0.2808953065783957 0.4156806134539534 0.1975777528399293 0.14758878258648522
0 0.21934717224454836 0.22910178089043848 0.17970274873915984 0.1603903103805557
0 0.26802884615384615 0.0673076923076923 0.2091346153846154 0.1346153846153846
0 0.4651442307692308 0.056490384615384616 0.14182692307692307 0.11298076923076923
0 0.43003335173580687 0.20394934124166725 0.20177091900062813 0.1981534770276711
0 0.4567307692307692 0.5108173076923077 0.16346153846153846 0.11778846153846154
0 0.5100019301767869 0.35729395370341943 0.1845104410468523 0.1605022106611112
0 0.5877403846153846 0.53125 0.08413461538461539 0.07692307692307693
0 0.5865384615384616 0.203125 0.08653846153846154 0.19951923076923078
0 0.5997596153846154 0.06009615384615385 0.06009615384615385 0.1201923076923077
20 0.8653846153846154 0.2091346153846154 0.2692307692307692 0.4182692307692308
0 0.5171698275841309 0.8792332800424151 0.14129715284237676 0.16430280044380352
0 0.14783653846153846 0.96875 0.18509615384615385 0.0625
25 0.8245192307692307 0.8088942307692307 0.35096153846153844 0.38221153846153844