18 0.3173076923076923 0.32572115384615385 0.46153846153846156 0.5072115384615384
18 0.08774038461538461 0.33413461538461536 0.17548076923076922 0.44711538461538464
18 0.7740384615384616 0.20192307692307693 0.4519230769230769 0.40384615384615385
23 0.2704326923076923 0.9002403846153846 0.3245192307692308 0.19951923076923078
23 0.44471153846153844 0.8966346153846154 0.20673076923076922 0.20673076923076922
23 0.09134615384615384 0.8762019230769231 0.18269230769230768 0.24759615384615385
23 0.05048076923076923 0.7091346153846154 0.10096153846153846 0.25961538461538464
23 0.14182692307692307 0.6935096153846154 0.28365384615384615 0.2283653846153846
23 0.4050480769230769 0.6370192307692307 0.2860576923076923 0.11538461538461539
23 0.4014423076923077 0.7247596153846154 0.2932692307692308 0.22355769230769232
18 0.7740384615384616 0.7896634615384616 0.4519230769230769 0.4206730769230769