19 0.24759615384615385 0.21153846153846154 0.22115384615384615 0.2644230769230769
19 0.06610576923076923 0.18509615384615385 0.13221153846153846 0.33653846153846156
19 0.18389423076923078 0.09735576923076923 0.3485576923076923 0.19471153846153846
24 0.8089079027945315 0.2266658729128629 0.26215198222115943 0.25770272003377465
24 0.7019230769230769 0.07091346153846154 0.25 0.14182692307692307
24 0.49399038461538464 0.051682692307692304 0.27163461538461536 0.10336538461538461
24 0.47115384615384615 0.15504807692307693 0.22596153846153846 0.2283653846153846
24 0.47596153846153844 0.27524038461538464 0.23557692307692307 0.19951923076923078
24 0.6272285478211551 0.22815981032412272 0.23787178182465987 0.20697020926160697
14 0.6826923076923077 0.7644230769230769 0.5480769230769231 0.47115384615384615
14 0.5024038461538461 0.828125 0.28846153846153844 0.34375
14 0.9615384615384616 0.6069711538461539 0.07692307692307693 0.15625
14 0.9435096153846154 0.7932692307692307 0.11298076923076923 0.3557692307692308