21 0.15865384615384615 0.22235576923076922 0.3173076923076923 0.39663461538461536
21 0.09975961538461539 0.36538461538461536 0.19951923076923078 0.3894230769230769
21 0.3137019230769231 0.3701923076923077 0.13221153846153846 0.34615384615384615
2 0.6430288461538461 0.18269230769230768 0.31009615384615385 0.36538461538461536
2 0.6141826923076923 0.5612980769230769 0.25721153846153844 0.2764423076923077
2 0.8521634615384616 0.328125 0.2956730769230769 0.37259615384615385
2 0.8653846153846154 0.13942307692307693 0.2692307692307692 0.27884615384615385
2 0.8677884615384616 0.5625 0.2644230769230769 0.27403846153846156
20 0.25961538461538464 0.8617788461538461 0.2403846153846154 0.2764423076923077
20 0.1201923076923077 0.7956730769230769 0.2403846153846154 0.19230769230769232
6 0.6899038461538461 0.8425480769230769 0.6201923076923077 0.2860576923076923