10 0.18990384615384615 0.22355769230769232 0.3798076923076923 0.28846153846153844
10 0.26322115384615385 0.18389423076923078 0.3581730769230769 0.36778846153846156
10 0.3317307692307692 0.18389423076923078 0.3269230769230769 0.36778846153846156
20 0.7211538461538461 0.18389423076923078 0.28365384615384615 0.36778846153846156
20 0.8033621864084419 0.11972493669009061 0.1662325285709011 0.17062703823811523
20 0.8798076923076923 0.30528846153846156 0.1778846153846154 0.125
20 0.9423076923076923 0.33413461538461536 0.11538461538461539 0.0673076923076923
20 0.921875 0.1875 0.15625 0.19230769230769232
11 0.2578755202796764 0.7239826948501998 0.35462819885956914 0.3650422828768454
11 0.16706730769230768 0.8317307692307693 0.27163461538461536 0.33653846153846156
11 0.14991903926839015 0.6111632391657488 0.2179525030374556 0.22094317999521842
10 0.7367788461538461 0.5444711538461539 0.31490384615384615 0.35336538461538464
10 0.6514423076923077 0.6382211538461539 0.14423076923076922 0.5408653846153846