10 0.15504807692307693 0.1310096153846154 0.31009615384615385 0.2620192307692308
10 0.17307692307692307 0.28365384615384615 0.34615384615384615 0.4807692307692308
10 0.17307692307692307 0.5072115384615384 0.34615384615384615 0.4855769230769231
11 0.8068529680167862 0.6033358115694563 0.23564182143910217 0.24411005989695986
11 0.8653846153846154 0.32211538461538464 0.2692307692307692 0.40384615384615385
11 0.6838942307692307 0.16466346153846154 0.17548076923076922 0.3293269230769231
11 0.8509615384615384 0.7103365384615384 0.2980769230769231 0.07932692307692307
11 0.5516826923076923 0.7007211538461539 0.1466346153846154 0.0985576923076923
11 0.6526442307692307 0.7271634615384616 0.17067307692307693 0.04567307692307692
11 0.5942652045104235 0.5745184294140814 0.22917434272742085 0.3341983499949312
11 0.559905441146626 0.38237156653625914 0.19191855688161588 0.4373259867574645
11 0.19951923076923078 0.875 0.39903846153846156 0.25
10 0.8569711538461539 0.875 0.2860576923076923 0.25
10 0.6766826923076923 0.875 0.35336538461538464 0.25