10 0.09975961538461539 0.3245192307692308 0.19951923076923078 0.35096153846153844
10 0.09975961538461539 0.20192307692307693 0.19951923076923078 0.40384615384615385
10 0.09975961538461539 0.08653846153846154 0.19951923076923078 0.17307692307692307
10 0.49759615384615385 0.23798076923076922 0.21634615384615385 0.47596153846153844
10 0.65625 0.25 0.25 0.5
10 0.8221153846153846 0.25 0.23557692307692307 0.5
10 0.43990384615384615 0.41947115384615385 0.23076923076923078 0.16105769230769232
11 0.09014423076923077 0.7019230769230769 0.18028846153846154 0.40384615384615385
11 0.09975961538461539 0.9026442307692307 0.19951923076923078 0.19471153846153846
11 0.606355317446265 0.7772851550171104 0.3112634503238969 0.3206971123714219
11 0.6370192307692307 0.5588942307692307 0.22115384615384615 0.11778846153846154