0 0.29447115384615385 0.17908653846153846 0.3918269230769231 0.3581730769230769
0 0.41346153846153844 0.12860576923076922 0.5096153846153846 0.25721153846153844
20 0.853794173566879 0.13199029439845972 0.16750045682613918 0.2264798492508384
20 0.9146634615384616 0.03365384615384615 0.17067307692307693 0.0673076923076923
20 0.9146634615384616 0.21754807692307693 0.17067307692307693 0.0985576923076923
24 0.9338942307692307 0.10697115384615384 0.13221153846153846 0.18028846153846154
11 0.7331730769230769 0.1346153846153846 0.12980769230769232 0.2692307692307692
11 0.8978365384615384 0.29447115384615385 0.20432692307692307 0.11778846153846154
6 0.21634615384615385 0.6430288461538461 0.4326923076923077 0.5697115384615384
6 0.33413461538461536 0.8677884615384616 0.6682692307692307 0.2644230769230769
20 0.8365384615384616 0.5480769230769231 0.3269230769230769 0.3798076923076923