3 0.21754807692307693 0.5348557692307693 0.43509615384615385 0.1658653846153846
3 0.2091346153846154 0.29086538461538464 0.4182692307692308 0.5817307692307693
15 0.4723557692307692 0.4567307692307692 0.026442307692307692 0.07211538461538461
15 0.5144885946695952 0.31936655522425117 0.0628026031554192 0.09177462376597176
15 0.5568585055173221 0.4097123859577233 0.07086604445668133 0.08635333492415033
15 0.6901201046904587 0.43698636349833164 0.06981598374508298 0.06832448877030418
15 0.47836538461538464 0.18028846153846154 0.038461538461538464 0.09615384615384616
15 0.6570640968779278 0.13661491090786818 0.06322262744005855 0.09898616222751021
15 0.7895771169196549 0.35655803734338626 0.08499725091955367 0.10290284806282653
15 0.905207307257925 0.30718634789916455 0.0551010363618016 0.08285688233368688
15 0.8145849024270603 0.27212074202918884 0.05270904447840043 0.06234014337702394
15 0.8740628741167001 0.24515712112668767 0.052849052573280306 0.0647439895308701
15 0.22956730769230768 0.9350961538461539 0.45913461538461536 0.12980769230769232
15 0.9435096153846154 0.8088942307692307 0.11298076923076923 0.38221153846153844
15 0.9170673076923077 0.8088942307692307 0.1658653846153846 0.38221153846153844
15 0.8449519230769231 0.8088942307692307 0.2956730769230769 0.38221153846153844