23 0.4423076923076923 0.0985576923076923 0.11538461538461539 0.1971153846153846
23 0.2824519230769231 0.10096153846153846 0.25240384615384615 0.20192307692307693
23 0.40625 0.4543269230769231 0.1875 0.1875
18 0.7379807692307693 0.27403846153846156 0.47596153846153844 0.5480769230769231
23 0.35697115384615385 0.6009615384615384 0.2860576923076923 0.10576923076923077
23 0.33052884615384615 0.8581730769230769 0.3389423076923077 0.28365384615384615
23 0.13221153846153846 0.8341346153846154 0.23557692307692307 0.3317307692307692
23 0.11057692307692307 0.6286057692307693 0.22115384615384615 0.16105769230769232
23 0.25961538461538464 0.671875 0.3269230769230769 0.24759615384615385
12 0.8786057692307693 0.7740384615384616 0.24278846153846154 0.4519230769230769
12 0.7884615384615384 0.9254807692307693 0.3701923076923077 0.14903846153846154
12 0.6237980769230769 0.8353365384615384 0.24759615384615385 0.3293269230769231
12 0.5949519230769231 0.9747596153846154 0.18990384615384615 0.05048076923076923
12 0.5757211538461539 0.6502403846153846 0.15144230769230768 0.20432692307692307
12 0.6983173076923077 0.6598557692307693 0.31009615384615385 0.22355769230769232