2 0.16783268397654963 0.3160299051996792 0.2845271029624469 0.3602312766418055
2 0.5721153846153846 0.33653846153846156 0.11538461538461539 0.20192307692307693
2 0.4274760436620731 0.305140047403629 0.18806151128087614 0.13602483807254004
2 0.5063853505650113 0.38689383597687915 0.10887345861559848 0.08671303079417023
2 0.37836303805096194 0.2111694394629586 0.19228373699375018 0.21426179900654907
2 0.5336538461538461 0.13581730769230768 0.19230769230769232 0.24759615384615385
21 0.8149038461538461 0.3545673076923077 0.3701923076923077 0.31009615384615385
21 0.8149038461538461 0.07091346153846154 0.3701923076923077 0.14182692307692307
21 0.8425480769230769 0.20432692307692307 0.31490384615384615 0.40865384615384615
14 0.3605769230769231 0.7944711538461539 0.5144230769230769 0.4110576923076923
14 0.5444711538461539 0.5637019230769231 0.17067307692307693 0.10817307692307693
14 0.2644230769230769 0.5853365384615384 0.3173076923076923 0.15144230769230768
21 0.8149038461538461 0.7548076923076923 0.3701923076923077 0.49038461538461536