19 0.25240384615384615 0.4110576923076923 0.4951923076923077 0.2548076923076923
19 0.24759615384615385 0.13822115384615385 0.4951923076923077 0.2764423076923077
24 0.6802884615384616 0.4987980769230769 0.21634615384615385 0.07932692307692307
24 0.5757211538461539 0.4362980769230769 0.15144230769230768 0.20432692307692307
24 0.7754846599088593 0.43809425512457667 0.1904838471276495 0.19833941133450153
24 0.6305823374186333 0.4264223002134769 0.13256641183591944 0.15451349111057985
24 0.6057692307692307 0.038461538461538464 0.14423076923076922 0.07692307692307693
24 0.7764423076923077 0.03485576923076923 0.15865384615384615 0.06971153846153846
24 0.5396634615384616 0.038461538461538464 0.07932692307692307 0.07211538461538461
24 0.5192307692307693 0.0829326923076923 0.038461538461538464 0.10336538461538461
24 0.53125 0.2536057692307692 0.0625 0.11778846153846154
19 0.1466346153846154 0.7692307692307693 0.2932692307692308 0.46153846153846156
19 0.7718521858052162 0.7288778667856879 0.2860806185911554 0.2561372560269021
19 0.9254807692307693 0.7415865384615384 0.14903846153846154 0.24759615384615385