3 0.46875 0.296875 0.22115384615384615 0.5456730769230769
3 0.2692307692307692 0.25841346153846156 0.5384615384615384 0.5168269230769231
17 0.8269230769230769 0.2848557692307692 0.34615384615384615 0.5697115384615384
14 0.06009615384615385 0.7668269230769231 0.1201923076923077 0.25
14 0.34375 0.7848557692307693 0.47115384615384615 0.43028846153846156
3 0.8641826923076923 0.6478365384615384 0.27163461538461536 0.15625
3 0.9158653846153846 0.7548076923076923 0.16826923076923078 0.3701923076923077
3 0.6935096153846154 0.6442307692307693 0.2283653846153846 0.14903846153846154
3 0.6033653846153846 0.671875 0.04807692307692308 0.16105769230769232
3 0.6730769230769231 0.828125 0.1875 0.34375
3 0.6045673076923077 0.8497596153846154 0.05048076923076923 0.3004807692307692
3 0.7824519230769231 0.8353365384615384 0.22355769230769232 0.3293269230769231