16 0.13341346153846154 0.24519230769230768 0.2668269230769231 0.28846153846153844
16 0.6899038461538461 0.19471153846153846 0.40384615384615385 0.3894230769230769
5 0.2187793164170422 0.7307450976515144 0.3781812586452083 0.4981577346363079
5 0.4423076923076923 0.6490384615384616 0.09134615384615384 0.5192307692307693
5 0.3701923076923077 0.44350961538461536 0.23076923076923078 0.10817307692307693
5 0.13341346153846154 0.42788461538461536 0.23317307692307693 0.07692307692307693
5 0.3317307692307692 0.9771634615384616 0.10576923076923077 0.04567307692307692
5 0.04447115384615385 0.9459134615384616 0.0889423076923077 0.10817307692307693
16 0.5877403846153846 0.7716346153846154 0.19951923076923078 0.42788461538461536
16 0.71875 0.9230769230769231 0.34134615384615385 0.15384615384615385
16 0.8209134615384616 0.7163461538461539 0.3581730769230769 0.4423076923076923