7 0.08743504049854121 0.2708927657045885 0.10448719307368612 0.10684187844648872
7 0.3450662997472401 0.24389266878322255 0.10964592921694888 0.15152304443496226
7 0.43149038461538464 0.07451923076923077 0.055288461538461536 0.14903846153846154
7 0.040865384615384616 0.11899038461538461 0.08173076923076923 0.11778846153846154
7 0.5721153846153846 0.04567307692307692 0.18269230769230768 0.09134615384615384
7 0.7007211538461539 0.051682692307692304 0.17548076923076922 0.10336538461538461
7 0.6338483476326646 0.2805674216721983 0.10494888593956266 0.12006303229264258
7 0.7109545800764481 0.23649370514502402 0.11020300390728913 0.09877843714522673
7 0.7963063857438287 0.196737652593463 0.13744278109520172 0.12315506465044256
7 0.9253700183016639 0.27918143814430646 0.11786479756767239 0.18078922256575544
7 0.23918269230769232 0.7848557692307693 0.25721153846153844 0.43028846153846156
7 0.30649038461538464 0.7848557692307693 0.30528846153846156 0.43028846153846156
7 0.3942307692307692 0.7151442307692307 0.12980769230769232 0.29086538461538464
7 0.2620192307692308 0.7848557692307693 0.2932692307692308 0.43028846153846156
7 0.7776442307692307 0.8737980769230769 0.44471153846153844 0.25240384615384615
7 0.5360576923076923 0.9266826923076923 0.15384615384615385 0.1466346153846154