0 0.40819870558525917 0.5237364669750365 0.14657337034183165 0.18604561826070062
0 0.5024038461538461 0.5336538461538461 0.03365384615384615 0.19230769230769232
0 0.4567307692307692 0.3870192307692308 0.125 0.1346153846153846
25 0.8497596153846154 0.5480769230769231 0.3004807692307692 0.30288461538461536
25 0.7307692307692307 0.5540865384615384 0.35096153846153844 0.29086538461538464
25 0.8693351984198819 0.3765445595480666 0.22035389178076195 0.23237557996053254
25 0.609375 0.4074519230769231 0.18028846153846154 0.31490384615384615
25 0.6622596153846154 0.46875 0.2860576923076923 0.3605769230769231
25 0.625 0.6141826923076923 0.21153846153846154 0.17067307692307693
25 0.5588942307692307 0.578125 0.07932692307692307 0.24278846153846154
25 0.8004807692307693 0.65625 0.23557692307692307 0.08653846153846154
17 0.25961538461538464 0.8497596153846154 0.5192307692307693 0.3004807692307692
20 0.7596153846153846 0.9447115384615384 0.4807692307692308 0.11057692307692307