24 0.22235576923076922 0.08533653846153846 0.23317307692307693 0.17067307692307693
24 0.4338942307692308 0.21875 0.27163461538461536 0.27403846153846156
24 0.02403846153846154 0.43990384615384615 0.04807692307692308 0.15865384615384615
24 0.15729542147969094 0.41156666333363473 0.15780679645130405 0.15050095342053324
24 0.33518003686430625 0.4146716508449042 0.17193606882336873 0.14233924762622863
24 0.4813949314617612 0.4292503983463976 0.14437578221157019 0.1442605619371073
24 0.15865384615384615 0.4879807692307692 0.1201923076923077 0.0625
24 0.27403846153846156 0.49278846153846156 0.09134615384615384 0.052884615384615384
24 0.8389423076923077 0.21875 0.32211538461538464 0.4375
24 0.6646634615384616 0.36658653846153844 0.18990384615384615 0.30528846153846156
24 0.6454326923076923 0.14182692307692307 0.15144230769230768 0.28365384615384615
19 0.7848557692307693 0.7319711538461539 0.43028846153846156 0.4254807692307692