17 0.3088942307692308 0.22956730769230768 0.6177884615384616 0.45913461538461536
3 0.8255317132834871 0.28020431783448796 0.27214085664174364 0.2371362692882729
3 0.8076287450017194 0.28731096753741536 0.26655083416405634 0.2611397679071975
3 0.7800480769230769 0.05889423076923077 0.24759615384615385 0.11778846153846154
3 0.8882211538461539 0.028846153846153848 0.13221153846153846 0.057692307692307696
3 0.08774038461538461 0.7103365384615384 0.17548076923076922 0.41586538461538464
3 0.26802884615384615 0.5444711538461539 0.31009615384615385 0.17067307692307693
3 0.4151934122097503 0.5872750869141866 0.11251586350978499 0.2494274094747427
3 0.3076923076923077 0.8209134615384616 0.33653846153846156 0.3581730769230769
3 0.13221153846153846 0.9326923076923077 0.2644230769230769 0.1346153846153846
17 0.8653846153846154 0.7295673076923077 0.2692307692307692 0.5408653846153846
17 0.7151442307692307 0.9447115384615384 0.19471153846153846 0.11057692307692307