23 0.5504807692307693 0.21153846153846154 0.3173076923076923 0.25
23 0.5649038461538461 0.4338942307692308 0.28846153846153844 0.27163461538461536
23 0.49278846153846156 0.5408653846153846 0.375 0.07692307692307693
23 0.22596153846153846 0.38822115384615385 0.4519230769230769 0.38221153846153844
23 0.27143421436228 0.20205290288327948 0.3870632831253196 0.2982797831412396
23 0.0733173076923077 0.23557692307692307 0.1466346153846154 0.27403846153846156
24 0.9134615384615384 0.13822115384615385 0.17307692307692307 0.2764423076923077
24 0.8822115384615384 0.39783653846153844 0.23557692307692307 0.3629807692307692
12 0.6298076923076923 0.7391826923076923 0.15865384615384615 0.27163461538461536
12 0.3894230769230769 0.9350961538461539 0.5913461538461539 0.12980769230769232
12 0.30926347324639863 0.7995805422910789 0.6061988661738543 0.2481667095784728
12 0.8545673076923077 0.8545673076923077 0.29086538461538464 0.29086538461538464
12 0.8545673076923077 0.7367788461538461 0.29086538461538464 0.31490384615384615