19 0.19110576923076922 0.2548076923076923 0.38221153846153844 0.5096153846153846
24 0.7956730769230769 0.5673076923076923 0.2644230769230769 0.125
24 0.7475961538461539 0.4473547131747465 0.22235576923076922 0.22328728723791696
24 0.5661057692307693 0.5168269230769231 0.055288461538461536 0.22596153846153846
24 0.6177884615384616 0.39783653846153844 0.15865384615384615 0.24278846153846154
24 0.7439903846153846 0.22520895608629685 0.2548076923076923 0.24200431959571694
24 0.8425480769230769 0.10817307692307693 0.21394230769230768 0.21634615384615385
24 0.5973557692307693 0.11658653846153846 0.11778846153846154 0.21394230769230768
24 0.6899038461538461 0.05048076923076923 0.19230769230769232 0.10096153846153846
24 0.2548076923076923 0.7680288461538461 0.3269230769230769 0.2764423076923077
24 0.7632211538461539 0.9194711538461539 0.31971153846153844 0.16105769230769232