24 0.43990384615384615 0.4567307692307692 0.057692307692307696 0.1971153846153846
24 0.34375 0.48677884615384615 0.25 0.22355769230769232
24 0.2813047850513036 0.37743443151493017 0.18592322656975704 0.16482374172510447
24 0.18384344896175928 0.4340049307489364 0.2341983075185547 0.19049911433349165
24 0.1310096153846154 0.5216346153846154 0.2620192307692308 0.15384615384615385
24 0.06971153846153846 0.3245192307692308 0.13942307692307693 0.1971153846153846
24 0.03245192307692308 0.4230769230769231 0.06490384615384616 0.18269230769230768
19 0.6322115384615384 0.48677884615384615 0.3269230769230769 0.22355769230769232
19 0.6165865384615384 0.2764423076923077 0.2956730769230769 0.46634615384615385
24 0.1778846153846154 0.6213942307692307 0.1201923076923077 0.04567307692307692
24 0.14638567570526934 0.6652472920510752 0.10649185820928932 0.09847757768907073
24 0.14151871204535177 0.7670330048810925 0.10924572460033488 0.10457113723111806
24 0.16133210062129974 0.8600847467487619 0.0870629311066454 0.07380953496986847
24 0.16249846088688769 0.9212988795144068 0.1262126557721377 0.10756259248698896
24 0.18389423076923078 0.9735576923076923 0.11298076923076923 0.052884615384615384
24 0.4230769230769231 0.6394230769230769 0.09134615384615384 0.08173076923076923
24 0.44711538461538464 0.8545673076923077 0.04326923076923077 0.15144230769230768
24 0.4326923076923077 0.9591346153846154 0.07211538461538461 0.08173076923076923
24 0.36538461538461536 0.9735576923076923 0.13942307692307693 0.052884615384615384
24 0.2523400885006992 0.8368742891175895 0.10013222258747453 0.09225810191087519
24 0.24394921392789737 0.9193452885594054 0.12105494322724598 0.1013850887875094
24 0.3096834975310379 0.7093330890605636 0.11525533998495027 0.10478099762469835
24 0.38751550549560293 0.851190546549171 0.13079848166706534 0.12451543180005996
24 0.4230769230769231 0.7355769230769231 0.09134615384615384 0.1201923076923077
24 0.34975961538461536 0.6358173076923077 0.12740384615384615 0.07451923076923077
24 0.20721631126192672 0.7417392105199602 0.08224338452850811 0.09403236688398063
24 0.351702266566335 0.9159112371823108 0.11264148168878443 0.10109128423649703
24 0.3294968861069859 0.802384830928233 0.12035490275284716 0.08936585801827863
19 0.7632211538461539 0.7992788461538461 0.4735576923076923 0.4014423076923077