20 0.22596153846153846 0.2644230769230769 0.36538461538461536 0.5288461538461539
25 0.5048076923076923 0.390625 0.19230769230769232 0.2764423076923077
25 0.59375 0.19471153846153846 0.3701923076923077 0.3076923076923077
25 0.8870192307692307 0.24158653846153846 0.22596153846153846 0.31490384615384615
25 0.953125 0.43990384615384615 0.09375 0.1778846153846154
25 0.7487980769230769 0.41225961538461536 0.36778846153846156 0.23317307692307693
0 0.20432692307692307 0.8557692307692307 0.40865384615384615 0.28846153846153844
25 0.7487980769230769 0.9146634615384616 0.5024038461538461 0.17067307692307693
25 0.8449519230769231 0.7644230769230769 0.31009615384615385 0.47115384615384615
25 0.6402984311777193 0.6927551071925901 0.2650699186892019 0.22980488823894696
25 0.7366216434034446 0.7291717721335069 0.23901940789655202 0.23865088028071704
25 0.8569119003206668 0.7350728572583285 0.208850939514053 0.20535961985075973
25 0.881693161332871 0.6361525792267473 0.2210436264986052 0.18050393152218247
25 0.90625 0.609375 0.1875 0.16105769230769232