9 0.21995192307692307 0.2439903846153846 0.43990384615384615 0.4879807692307692
12 0.8164775707867629 0.2696123708222217 0.18935398326584385 0.14728105681495735
12 0.8257933476519917 0.14693229176565126 0.1516465241451924 0.13679844502526733
12 0.8536384809467598 0.06464202113210422 0.15318101609679502 0.09241121638953012
12 0.8485576923076923 0.016826923076923076 0.1971153846153846 0.03365384615384615
3 0.1778846153846154 0.7439903846153846 0.3557692307692308 0.5120192307692307
3 0.8413461538461539 0.9266826923076923 0.28846153846153844 0.1466346153846154
3 0.8267186823212399 0.6958164721204054 0.2295542301318695 0.23706261661143188
3 0.9699519230769231 0.7139423076923077 0.06009615384615385 0.22596153846153846
3 0.6057557969108882 0.7741972675078522 0.31814094960701694 0.36038712722024585
3 0.5060096153846154 0.9170673076923077 0.13221153846153846 0.1658653846153846
3 0.484375 0.6586538461538461 0.0889423076923077 0.34134615384615385
3 0.7536057692307693 0.5600961538461539 0.37740384615384615 0.14423076923076922