10 0.09014423076923077 0.2127403846153846 0.18028846153846154 0.4254807692307692
10 0.1971153846153846 0.2704326923076923 0.3942307692307692 0.5408653846153846
10 0.19951923076923078 0.27403846153846156 0.39903846153846156 0.5480769230769231
10 0.31490384615384615 0.2824519230769231 0.16826923076923078 0.53125
10 0.7091346153846154 0.5600961538461539 0.32211538461538464 0.11538461538461539
10 0.48197115384615385 0.5084134615384616 0.1658653846153846 0.21875
10 0.9326923076923077 0.4579326923076923 0.1346153846153846 0.3004807692307692
10 0.6441905932145284 0.3934884302253375 0.2075628804024744 0.2868986675011837
10 0.48677884615384615 0.3870192307692308 0.17548076923076922 0.21634615384615385
10 0.41947115384615385 0.3485576923076923 0.040865384615384616 0.1875
10 0.5276442307692307 0.24519230769230768 0.25721153846153844 0.14903846153846154
10 0.8268957627336275 0.3622605338675313 0.24049516819920697 0.2226196117310012
21 0.14182692307692307 0.8305288461538461 0.28365384615384615 0.3389423076923077
21 0.15264423076923078 0.7391826923076923 0.30528846153846156 0.24278846153846154
10 0.6911057692307693 0.9567307692307693 0.5216346153846154 0.08653846153846154
10 0.9002609046424364 0.876751711719581 0.16988720943200628 0.14691379031377358
10 0.6370192307692307 0.8834134615384616 0.47596153846153844 0.23317307692307693
10 0.9747596153846154 0.8149038461538461 0.05048076923076923 0.1778846153846154
10 0.9146634615384616 0.7512019230769231 0.17067307692307693 0.13221153846153846
10 0.6478365384615384 0.7608173076923077 0.49759615384615385 0.2860576923076923