10 0.18870192307692307 0.17067307692307693 0.3293269230769231 0.34134615384615385
10 0.2956730769230769 0.35336538461538464 0.20673076923076922 0.3701923076923077
10 0.2403846153846154 0.18389423076923078 0.3173076923076923 0.36778846153846156
10 0.06971153846153846 0.4110576923076923 0.13942307692307693 0.2548076923076923
7 0.5922505447320534 0.4919764383748769 0.08424909395373184 0.0744935071156479
7 0.6855235846603348 0.44113669651088316 0.06759005919167294 0.07881158596740366
7 0.7680670905925511 0.4964858540926373 0.0715583099250441 0.05491301398778111
7 0.7983898753219877 0.3656639624833621 0.12670941756032597 0.12135564528885659
7 0.5901442307692307 0.10216346153846154 0.38221153846153844 0.20432692307692307
7 0.5264423076923077 0.030048076923076924 0.2548076923076923 0.06009615384615385
7 0.6971153846153846 0.018028846153846152 0.2932692307692308 0.036057692307692304
11 0.19261681501394642 0.8267920040814334 0.18497789668762665 0.20830091367704368
10 0.8413461538461539 0.6418269230769231 0.3173076923076923 0.20673076923076922
10 0.6754807692307693 0.7920673076923077 0.3701923076923077 0.41586538461538464
10 0.6742788461538461 0.6610576923076923 0.5504807692307693 0.24519230769230768
10 0.9579326923076923 0.8088942307692307 0.08413461538461539 0.25721153846153844