0 0.3473557692307692 0.14903846153846154 0.5216346153846154 0.2980769230769231
0 0.21394230769230768 0.2848557692307692 0.42788461538461536 0.5697115384615384
25 0.859375 0.49759615384615385 0.28125 0.14423076923076922
25 0.7199519230769231 0.4230769230769231 0.22355769230769232 0.2932692307692308
25 0.8918269230769231 0.26322115384615385 0.21634615384615385 0.25240384615384615
25 0.7043269230769231 0.17427884615384615 0.19230769230769232 0.23317307692307693
25 0.7283653846153846 0.046875 0.2403846153846154 0.09375
25 0.6911057692307693 0.3125 0.1658653846153846 0.21634615384615385
6 0.4423076923076923 0.8497596153846154 0.3317307692307692 0.3004807692307692
6 0.390625 0.7680288461538461 0.31490384615384615 0.39663461538461536
25 0.8389423076923077 0.7848557692307693 0.32211538461538464 0.43028846153846156