24 0.2247596153846154 0.18389423076923078 0.4495192307692308 0.36778846153846156
11 0.8016826923076923 0.19591346153846154 0.18990384615384615 0.34375
11 0.9230769230769231 0.2247596153846154 0.15384615384615385 0.2860576923076923
11 0.6358173076923077 0.22956730769230768 0.29086538461538464 0.2764423076923077
19 0.17307692307692307 0.9158653846153846 0.34615384615384615 0.16826923076923078
24 0.8953339947778394 0.5793269230769231 0.14857775235572254 0.12740384615384615
24 0.8908961080620897 0.7223557692307693 0.149856593855627 0.140625
24 0.7639607650300392 0.6418269230769231 0.15242826202325085 0.16947115384615385
24 0.753562211017026 0.7764423076923077 0.1617359729467099 0.11658653846153846
24 0.6126932719354165 0.6117788461538461 0.1667744205233464 0.15625
24 0.8173076923076923 0.921875 0.18269230769230768 0.15625
24 0.8918269230769231 0.9723557692307693 0.12980769230769232 0.055288461538461536