9 0.6995192307692307 0.19110576923076922 0.6009615384615384 0.38221153846153844
16 0.15264423076923078 0.9038461538461539 0.30528846153846156 0.19230769230769232
16 0.18389423076923078 0.7079326923076923 0.36778846153846156 0.3389423076923077
16 0.28846153846153844 0.8473557692307693 0.22115384615384615 0.30528846153846156
16 0.19951923076923078 0.6262019230769231 0.39903846153846156 0.17548076923076922
15 0.8125 0.6237980769230769 0.27403846153846156 0.17067307692307693
15 0.9435096153846154 0.5649038461538461 0.11298076923076923 0.052884615384615384
15 0.9137289608671809 0.735000337710309 0.12324708575572092 0.16617512026501083
15 0.7490654993287194 0.7388329223193371 0.14676926879166066 0.18353356967457274
15 0.5250139707530127 0.6972172355054482 0.08517734419384017 0.17489530263595093
15 0.45913461538461536 0.7283653846153846 0.1201923076923077 0.22115384615384615
15 0.460769236795618 0.6530827874400104 0.06924014442803147 0.07846170578071589