15 0.14903846153846154 0.27403846153846156 0.2980769230769231 0.5480769230769231
17 0.6716804577616616 0.20125110451744263 0.34429568797270826 0.4000001717010335
17 0.9182692307692307 0.02283653846153846 0.08653846153846154 0.04567307692307692
17 0.9759615384615384 0.06850961538461539 0.04807692307692308 0.0889423076923077
17 0.9315858173892481 0.11089372377138454 0.08888889794655998 0.06881822677263418
17 0.8665865384615384 0.04326923076923077 0.06971153846153846 0.08653846153846154
17 0.9270910263772207 0.25736050199322863 0.11983365572851586 0.12941789210710214
17 0.9867788461538461 0.4387019230769231 0.026442307692307692 0.07932692307692307
17 0.6983173076923077 0.4831730769230769 0.6033653846153846 0.12980769230769232
16 0.1814903846153846 0.6634615384615384 0.23317307692307693 0.23076923076923078
16 0.2127403846153846 0.8653846153846154 0.17067307692307693 0.2403846153846154
16 0.6995192307692307 0.8762019230769231 0.41346153846153844 0.24759615384615385
16 0.42788461538461536 0.8858173076923077 0.25961538461538464 0.2283653846153846
16 0.9266826923076923 0.8822115384615384 0.1466346153846154 0.23557692307692307
16 0.7752403846153846 0.9747596153846154 0.25721153846153844 0.05048076923076923