2 0.18870192307692307 0.23798076923076922 0.37740384615384615 0.22115384615384615
2 0.4639423076923077 0.17427884615384615 0.6105769230769231 0.3485576923076923
2 0.8846153846153846 0.17427884615384615 0.23076923076923078 0.3485576923076923
21 0.39663461538461536 0.46274038461538464 0.7067307692307693 0.2283653846153846
21 0.2283653846153846 0.3918269230769231 0.4375 0.08653846153846154
21 0.40347979303758774 0.6643300170798206 0.7024927204225803 0.2809128707300469
21 0.5336267728872648 0.5756778163954924 0.44490857475818263 0.17579578963284895
21 0.38301041634332983 0.847423579932988 0.6558277325648999 0.28151475347133637
21 0.4735576923076923 0.9651442307692307 0.5769230769230769 0.06971153846153846
21 0.3293269230769231 0.9230769230769231 0.4230769230769231 0.15384615384615385
21 0.11823844075828391 0.7011330232984074 0.11774104445668133 0.0889709058977201