7 0.41346153846153844 0.6887019230769231 0.2403846153846154 0.21875
7 0.4891826923076923 0.16346153846153846 0.13701923076923078 0.3269230769230769
7 0.3557692307692308 0.3786057692307692 0.40384615384615385 0.5889423076923077
0 0.6911057692307693 0.5096153846153846 0.2668269230769231 0.46634615384615385
0 0.8665865384615384 0.3269230769230769 0.2668269230769231 0.3269230769230769
0 0.9783653846153846 0.5709134615384616 0.04326923076923077 0.34375
7 0.14783653846153846 0.9447115384615384 0.20432692307692307 0.11057692307692307
7 0.5072115384615384 0.9663461538461539 0.10096153846153846 0.0673076923076923
7 0.9555288461538461 0.8990384615384616 0.0889423076923077 0.20192307692307693
7 0.9314903846153846 0.8990384615384616 0.13701923076923078 0.20192307692307693
7 0.9014423076923077 0.9230769230769231 0.1971153846153846 0.15384615384615385