6 0.16706730769230768 0.17067307692307693 0.33413461538461536 0.34134615384615385
6 0.3918269230769231 0.125 0.3317307692307692 0.25
6 0.3645908769486338 0.3147691868699791 0.30332876785359386 0.15709172281852582
20 0.6237980769230769 0.2980769230769231 0.13221153846153846 0.3942307692307692
20 0.8545673076923077 0.016826923076923076 0.25240384615384615 0.03365384615384615
20 0.921875 0.09014423076923077 0.15625 0.18028846153846154
20 0.8870192307692307 0.12620192307692307 0.22596153846153846 0.25240384615384615
20 0.838087688034189 0.1456974457790288 0.24837699544254258 0.27087500237101464
20 0.8797053160405499 0.2908059056563609 0.19638621221285255 0.2627553326518447
20 0.6946718858221893 0.22388701181247822 0.1621609239287853 0.32639637450663067
20 0.24639423076923078 0.5480769230769231 0.18509615384615385 0.09615384615384616
20 0.4098557692307692 0.5384615384615384 0.13701923076923078 0.07692307692307693
20 0.4879807692307692 0.6923076923076923 0.13942307692307693 0.16346153846153846
20 0.23798076923076922 0.9146634615384616 0.15865384615384615 0.17067307692307693
20 0.3762535922707796 0.842417102450522 0.314747958287191 0.11114099558451958
20 0.5036057692307693 0.9278846153846154 0.10817307692307693 0.14423076923076922
24 0.3605769230769231 0.9170673076923077 0.21153846153846154 0.1658653846153846
11 0.11538461538461539 0.8942307692307693 0.1346153846153846 0.21153846153846154
11 0.3425480769230769 0.7956730769230769 0.43028846153846156 0.1346153846153846
11 0.09014423076923077 0.6586538461538461 0.18028846153846154 0.3173076923076923
7 0.7848557692307693 0.6899038461538461 0.43028846153846156 0.3798076923076923