18 0.19591346153846154 0.3449519230769231 0.18028846153846154 0.1466346153846154
18 0.48197115384615385 0.25600961538461536 0.15144230769230768 0.3245192307692308
18 0.4855769230769231 0.109375 0.14423076923076922 0.21875
18 0.2579281938199942 0.17142136924348264 0.24362943673195295 0.20494639437617537
18 0.38461538461538464 0.29447115384615385 0.18269230769230768 0.24759615384615385
18 0.265625 0.04927884615384615 0.18990384615384615 0.0985576923076923
18 0.3870192307692308 0.026442307692307692 0.18269230769230768 0.052884615384615384
18 0.9627403846153846 0.11778846153846154 0.07451923076923077 0.23557692307692307
18 0.8545673076923077 0.32572115384615385 0.29086538461538464 0.18509615384615385
18 0.8978365384615384 0.04807692307692308 0.15625 0.09615384615384616
18 0.703125 0.05048076923076923 0.2620192307692308 0.10096153846153846
18 0.8171952544955664 0.12320155599871753 0.23072323348245186 0.21064828398926302
18 0.6622596153846154 0.17668269230769232 0.2091346153846154 0.2668269230769231
1 0.27524038461538464 0.6237980769230769 0.5504807692307693 0.4110576923076923
9 0.8341346153846154 0.7043269230769231 0.3317307692307692 0.5721153846153846
9 0.6682692307692307 0.6538461538461539 0.22115384615384615 0.47115384615384615