4 0.11057692307692307 0.38341346153846156 0.22115384615384615 0.3918269230769231
18 0.5240384615384616 0.515625 0.23076923076923078 0.12740384615384615
18 0.6306348851432688 0.3135365051285938 0.23004790857991472 0.2801467744529299
18 0.6766826923076923 0.5036057692307693 0.1658653846153846 0.15144230769230768
18 0.7182653793561963 0.21547528627832677 0.1046562575979702 0.2625926226496374
18 0.6838942307692307 0.09375 0.17067307692307693 0.1875
18 0.5877403846153846 0.03125 0.2283653846153846 0.0625
18 0.515625 0.13341346153846154 0.21394230769230768 0.2668269230769231
18 0.4723557692307692 0.38461538461538464 0.12740384615384615 0.3125
16 0.5243381477975958 0.12899895663988234 0.11443748275608989 0.1665087023348653
23 0.20432692307692307 0.7896634615384616 0.40865384615384615 0.4206730769230769
18 0.7043269230769231 0.7848557692307693 0.5913461538461539 0.4110576923076923