14 0.13221153846153846 0.2920673076923077 0.2644230769230769 0.33413461538461536
14 0.09615384615384616 0.18870192307692307 0.19230769230769232 0.37740384615384615
14 0.08653846153846154 0.08413461538461539 0.17307692307692307 0.16826923076923078
16 0.5105208357205473 0.25328942718751485 0.25197257205454804 0.25579255486502783
16 0.47475961538461536 0.4098557692307692 0.23317307692307693 0.0985576923076923
16 0.6442307692307693 0.3485576923076923 0.16826923076923078 0.22115384615384615
16 0.43509615384615385 0.35216346153846156 0.15384615384615385 0.21394230769230768
15 0.2247596153846154 0.7295673076923077 0.2668269230769231 0.5408653846153846
16 0.5745192307692307 0.5576923076923077 0.22596153846153846 0.1971153846153846
16 0.5580806788850393 0.7927687780413006 0.2580414818335156 0.3087820874187725
16 0.5829326923076923 0.9699519230769231 0.19951923076923078 0.06009615384615385
16 0.7247596153846154 0.5733173076923077 0.19471153846153846 0.2283653846153846
16 0.7114230085281528 0.808062551616457 0.23676576859340812 0.2385459631115877
16 0.6971153846153846 0.9651442307692307 0.2548076923076923 0.06971153846153846
16 0.8870192307692307 0.5757211538461539 0.22596153846153846 0.23317307692307693
16 0.859375 0.8197115384615384 0.28125 0.28846153846153844