24 0.38221153846153844 0.2644230769230769 0.3317307692307692 0.4807692307692308
19 0.6742788461538461 0.19110576923076922 0.25240384615384615 0.3245192307692308
19 0.722005433771153 0.35614959415428044 0.24350656325697953 0.27307004432916326
19 0.6366825159143864 0.47826929944964414 0.13339657079693698 0.16674044642775682
19 0.798660448851068 0.1486723707520319 0.12125747473368917 0.13772645541883147
19 0.7201306309723645 0.07409628433893928 0.29996861661723623 0.12284455606694764
24 0.16421941194878775 0.7551549094630408 0.2630380857683757 0.24940921640693695
24 0.328125 0.6274038461538461 0.31971153846153844 0.09615384615384616
24 0.14302884615384615 0.6129807692307693 0.2091346153846154 0.0673076923076923
24 0.38236899543311836 0.7109592207752046 0.21739552019159503 0.2078095442044279
24 0.9074519230769231 0.9122596153846154 0.18509615384615385 0.17548076923076922
24 0.6538461538461539 0.8978365384615384 0.21153846153846154 0.20432692307692307
24 0.8056458773293441 0.8478376773191878 0.16840271666801968 0.1553506050189184
24 0.9387019230769231 0.8221153846153846 0.12259615384615384 0.15865384615384615