24 0.2536057692307692 0.02283653846153846 0.15625 0.04567307692307692
24 0.2524309194204275 0.10716975848166331 0.1642186071377016 0.1701083867191192
24 0.23965461997503346 0.2649160179223584 0.17850167596589891 0.1688818860203611
24 0.22468448651811293 0.41925273237479893 0.15530326299671607 0.18134272051829142
24 0.1847065675537872 0.48950378832021124 0.1577308176914522 0.14086978438793615
24 0.17307692307692307 0.5769230769230769 0.15865384615384615 0.125
24 0.13221153846153846 0.6009615384615384 0.1346153846153846 0.07692307692307693
24 0.7980769230769231 0.31971153846153844 0.40384615384615385 0.6394230769230769
24 0.26802884615384615 0.8822115384615384 0.31490384615384615 0.23557692307692307
24 0.2980769230769231 0.7223557692307693 0.32211538461538464 0.1658653846153846
24 0.09014423076923077 0.7992788461538461 0.18028846153846154 0.31971153846153844
24 0.6986610815352142 0.8802259086110541 0.22199277314789434 0.1556851114299595
24 0.705929648198517 0.7348913284246191 0.2728817123928578 0.18735193917074092
24 0.90625 0.8846153846153846 0.1875 0.16826923076923078
24 0.9831730769230769 0.8930288461538461 0.03365384615384615 0.1658653846153846
24 0.9122596153846154 0.7536057692307693 0.17548076923076922 0.1466346153846154
24 0.859375 0.703125 0.09375 0.12740384615384615