11 0.25721153846153844 0.4050480769230769 0.2403846153846154 0.40625
11 0.18028846153846154 0.5444711538461539 0.13942307692307693 0.12740384615384615
11 0.3858173076923077 0.12860576923076922 0.19471153846153846 0.25721153846153844
11 0.5192307692307693 0.3473557692307692 0.057692307692307696 0.5216346153846154
11 0.4855769230769231 0.07451923076923077 0.125 0.14903846153846154
2 0.96875 0.5192307692307693 0.0625 0.1778846153846154
2 0.6850961538461539 0.49038461538461536 0.23557692307692307 0.23557692307692307
2 0.8725961538461539 0.4495192307692308 0.20673076923076922 0.3173076923076923
2 0.6715124234799028 0.33047926594690885 0.1851966738450546 0.11077917534228199
2 0.5637019230769231 0.34134615384615385 0.03125 0.07211538461538461
14 0.21394230769230768 0.6935096153846154 0.3605769230769231 0.17067307692307693
14 0.38221153846153844 0.7716346153846154 0.28365384615384615 0.3269230769230769
14 0.4951923076923077 0.9074519230769231 0.10576923076923077 0.18509615384615385
14 0.33052884615384615 0.875 0.35336538461538464 0.25
11 0.7608173076923077 0.8040865384615384 0.4254807692307692 0.3918269230769231