10 0.39783653846153844 0.15865384615384615 0.28125 0.2980769230769231
19 0.71875 0.052884615384615384 0.17307692307692307 0.10576923076923077
19 0.647316765525174 0.2287112857710756 0.20401514734361292 0.19501594457222418
19 0.7488336046085712 0.19324117710196662 0.18880570160717897 0.21917801096061604
19 0.8611677513842759 0.15707786385836242 0.1824575546894969 0.1948314585001565
19 0.921875 0.125 0.15625 0.1875
19 0.9723557692307693 0.10096153846153846 0.055288461538461536 0.1875
21 0.5060096153846154 0.9086538461538461 0.06490384615384616 0.18269230769230768
21 0.43990384615384615 0.9735576923076923 0.1875 0.052884615384615384
21 0.23557692307692307 0.9591346153846154 0.24519230769230768 0.08173076923076923
21 0.4034034036402889 0.8954294476389227 0.2657449200386183 0.18700189578896614
21 0.15745192307692307 0.9086538461538461 0.28125 0.18269230769230768
22 0.7692307692307693 0.7848557692307693 0.46153846153846156 0.43028846153846156