24 0.07091346153846154 0.3713942307692308 0.14182692307692307 0.35336538461538464
24 0.15625 0.10697115384615384 0.3125 0.21394230769230768
24 0.9399038461538461 0.47596153846153844 0.1201923076923077 0.1875
24 0.6778846153846154 0.4987980769230769 0.1875 0.14182692307692307
24 0.520140736336915 0.3737980769230769 0.19839024709348124 0.19230769230769232
24 0.5612509053402358 0.22355769230769232 0.14717373613632348 0.15384615384615385
24 0.657379777140081 0.09134615384615384 0.1524474114284674 0.17427884615384615
19 0.27403846153846156 0.8798076923076923 0.28846153846153844 0.2403846153846154
19 0.27163461538461536 0.7920673076923077 0.2932692307692308 0.25721153846153844
19 0.8870192307692307 0.8894230769230769 0.22596153846153846 0.22115384615384615
19 0.5973557692307693 0.8581730769230769 0.3581730769230769 0.28365384615384615
19 0.8221153846153846 0.7908653846153846 0.3557692307692308 0.21153846153846154