19 0.21394230769230768 0.21634615384615385 0.42788461538461536 0.4326923076923077
19 0.31850961538461536 0.4338942307692308 0.21875 0.06971153846153846
19 0.8954326923076923 0.18028846153846154 0.2091346153846154 0.3605769230769231
19 0.8665865384615384 0.037259615384615384 0.2283653846153846 0.07451923076923077
19 0.7447943175597775 0.2477694505465537 0.20341041476314048 0.2197868156829662
19 0.5 0.16346153846153846 0.14423076923076922 0.3269230769230769
21 0.21394230769230768 0.8341346153846154 0.42788461538461536 0.3317307692307692
19 0.7896634615384616 0.5661057692307693 0.38221153846153844 0.19471153846153846
19 0.878934973100815 0.7652914316887226 0.19641795937598736 0.3097632092894254
19 0.8245192307692307 0.9242788461538461 0.2644230769230769 0.15144230769230768
19 0.6346153846153846 0.9375 0.32211538461538464 0.125
19 0.6658653846153846 0.6899038461538461 0.41346153846153844 0.4423076923076923
19 0.5498564698425247 0.8749905631844594 0.2095727815333863 0.18385500124735216