2 0.0985576923076923 0.10216346153846154 0.1971153846153846 0.19951923076923078
2 0.13581730769230768 0.4423076923076923 0.27163461538461536 0.15384615384615385
21 0.5889423076923077 0.4723557692307692 0.2403846153846154 0.09375
21 0.6923076923076923 0.4495192307692308 0.27884615384615385 0.13942307692307693
21 0.8497596153846154 0.4543269230769231 0.23317307692307693 0.12980769230769232
21 0.9014423076923077 0.44350961538461536 0.1971153846153846 0.15144230769230768
21 0.5576923076923077 0.3762019230769231 0.1778846153846154 0.2860576923076923
11 0.3641826923076923 0.6514423076923077 0.2091346153846154 0.2644230769230769
11 0.3605769230769231 0.8858173076923077 0.21634615384615385 0.2283653846153846
11 0.04567307692307692 0.8737980769230769 0.09134615384615384 0.25240384615384615
2 0.7860576923076923 0.6911057692307693 0.42788461538461536 0.34375
2 0.5661057692307693 0.7259615384615384 0.19471153846153846 0.41346153846153844
2 0.7415865384615384 0.9086538461538461 0.5168269230769231 0.18269230769230768