12 0.17548076923076922 0.25240384615384615 0.21153846153846154 0.1346153846153846
12 0.23918269230769232 0.1658653846153846 0.16105769230769232 0.3076923076923077
12 0.06370192307692307 0.15985576923076922 0.12740384615384615 0.31971153846153844
18 0.6466346153846154 0.15985576923076922 0.6538461538461539 0.31971153846153844
12 0.1935096153846154 0.6358173076923077 0.25240384615384615 0.6322115384615384
12 0.15985576923076922 0.4074519230769231 0.31971153846153844 0.17548076923076922
23 0.4639423076923077 0.8641826923076923 0.28846153846153844 0.27163461538461536
23 0.6502403846153846 0.8004807692307693 0.21394230769230768 0.39903846153846156
23 0.49759615384615385 0.5444711538461539 0.3317307692307692 0.4495192307692308
23 0.34375 0.7608173076923077 0.04807692307692308 0.34375
23 0.3786057692307692 0.41225961538461536 0.11778846153846154 0.18509615384615385
23 0.6081730769230769 0.4050480769230769 0.3173076923076923 0.17067307692307693