0 0.6069711538461539 0.3762019230769231 0.06490384615384616 0.17067307692307693
0 0.48260487946162545 0.3978463137761571 0.17564727138881836 0.15457424925328558
0 0.3120554073884788 0.3829913661068553 0.14450473473038628 0.17462932924888036
0 0.149611305931796 0.3632308266415396 0.10713765600420291 0.15377706770552388
0 0.14969201347360767 0.1767928933065746 0.12957293930488165 0.18526482360573346
0 0.32971896620950214 0.15184452302552687 0.14895775399664976 0.18789244001860056
0 0.510329817772668 0.21108671069384963 0.1598986665388879 0.17120537335356545
0 0.6153846153846154 0.1622596153846154 0.04807692307692308 0.19951923076923078
0 0.5264423076923077 0.052884615384615384 0.1971153846153846 0.10576923076923077
0 0.18629807692307693 0.030048076923076924 0.2091346153846154 0.06009615384615385
0 0.8822115384615384 0.12259615384615384 0.23557692307692307 0.24519230769230768
0 0.8329326923076923 0.37259615384615385 0.33413461538461536 0.25961538461538464
0 0.1971153846153846 0.7860576923076923 0.3942307692307692 0.42788461538461536
0 0.47596153846153844 0.7548076923076923 0.22596153846153846 0.49038461538461536
20 0.8197115384615384 0.7548076923076923 0.3605769230769231 0.49038461538461536