11 0.3942307692307692 0.5252403846153846 0.28846153846153844 0.2283653846153846
11 0.15625 0.5504807692307693 0.3076923076923077 0.21634615384615385
11 0.45072115384615385 0.18028846153846154 0.17548076923076922 0.27403846153846156
11 0.2776442307692308 0.10817307692307693 0.25240384615384615 0.21634615384615385
11 0.08653846153846154 0.10336538461538461 0.17307692307692307 0.20673076923076922
11 0.3267315094279621 0.3219573322357376 0.24732718321676145 0.2370462574670615
11 0.15558511970588845 0.3335726635411212 0.22503710246366745 0.24399206874601267
11 0.078125 0.2956730769230769 0.15625 0.2644230769230769
10 0.6033653846153846 0.32091346153846156 0.12980769230769232 0.2956730769230769
10 0.7749398094602362 0.2502335455736394 0.34852608778193644 0.27304884927531275
10 0.8966346153846154 0.10336538461538461 0.20673076923076922 0.20673076923076922
10 0.7271634615384616 0.08774038461538461 0.2764423076923077 0.17548076923076922
10 0.5973557692307693 0.109375 0.11778846153846154 0.19951923076923078
10 0.46033653846153844 0.8581730769230769 0.15625 0.28365384615384615
10 0.43149038461538464 0.9122596153846154 0.17548076923076922 0.17548076923076922
10 0.4387019230769231 0.7427884615384616 0.11298076923076923 0.16826923076923078
10 0.49158653846153844 0.7680288461538461 0.09375 0.21875
10 0.421875 0.7271634615384616 0.23317307692307693 0.13701923076923078
11 0.6117788461538461 0.71875 0.1466346153846154 0.1201923076923077
11 0.8233173076923077 0.9507211538461539 0.23317307692307693 0.0985576923076923
11 0.9711538461538461 0.7932692307692307 0.057692307692307696 0.2548076923076923
11 0.8052884615384616 0.7415865384615384 0.2403846153846154 0.1658653846153846