10 0.5733173076923077 0.1622596153846154 0.18990384615384615 0.3245192307692308
10 0.6730769230769231 0.2548076923076923 0.3894230769230769 0.5096153846153846
4 0.23834518494910328 0.6508070584801712 0.18859084308955415 0.20280549091614428
4 0.27909948957711894 0.8350693584786792 0.14873858178559266 0.16711586783772917
4 0.15551119017126397 0.8812325992758769 0.21374731669804975 0.1904427685394713
24 0.1622596153846154 0.5649038461538461 0.14182692307692307 0.052884615384615384
24 0.025240384615384616 0.7019230769230769 0.05048076923076923 0.1875
24 0.015625 0.9266826923076923 0.03125 0.1466346153846154
24 0.04447115384615385 0.9747596153846154 0.0889423076923077 0.05048076923076923
24 0.25 0.9627403846153846 0.15384615384615385 0.07451923076923077
12 0.7391826923076923 0.7692307692307693 0.5216346153846154 0.46153846153846156
12 0.6394230769230769 0.8149038461538461 0.32211538461538464 0.3701923076923077