3 0.22956730769230768 0.2439903846153846 0.37740384615384615 0.4879807692307692
15 0.6177884615384616 0.2439903846153846 0.39903846153846156 0.4879807692307692
16 0.27403846153846156 0.9278846153846154 0.17307692307692307 0.14423076923076922
16 0.22959367531763844 0.8068985692563261 0.1799885817855929 0.16652446376749916
16 0.1772606727065581 0.9153654379986946 0.13062582462485792 0.14894345489394362
15 0.5084134615384616 0.5456730769230769 0.18028846153846154 0.11538461538461539
15 0.5492788461538461 0.6358173076923077 0.2620192307692308 0.23317307692307693
15 0.47596153846153844 0.8473557692307693 0.11538461538461539 0.2620192307692308
15 0.5228365384615384 0.9375 0.2091346153846154 0.125
15 0.5576923076923077 0.8473557692307693 0.17307692307692307 0.30528846153846156
15 0.6823542595993042 0.7961080173637748 0.25604537965930174 0.22906920348127385
15 0.7307692307692307 0.6177884615384616 0.15384615384615385 0.25961538461538464
15 0.8617788461538461 0.625 0.13701923076923078 0.27403846153846156
15 0.8286182680368276 0.869206713561634 0.19696234912457117 0.19284316660987655
15 0.8485576923076923 0.9146634615384616 0.15384615384615385 0.17067307692307693
15 0.7836538461538461 0.5096153846153846 0.125 0.04326923076923077