18 0.2608173076923077 0.23317307692307693 0.5216346153846154 0.46634615384615385
12 0.7824519230769231 0.4567307692307692 0.2956730769230769 0.04326923076923077
12 0.7872596153846154 0.40024038461538464 0.25721153846153844 0.15625
12 0.8169264307844579 0.31204977527709943 0.25407902532756144 0.16530525375647678
12 0.765625 0.16947115384615385 0.37259615384615385 0.19471153846153846
12 0.7259615384615384 0.04567307692307692 0.2932692307692308 0.09134615384615384
4 0.1935096153846154 0.8846153846153846 0.3870192307692308 0.23076923076923078
4 0.09134615384615384 0.7247596153846154 0.18269230769230768 0.29086538461538464
4 0.4182692307692308 0.6586538461538461 0.32211538461538464 0.3605769230769231
10 0.7203878727013606 0.7776508068783108 0.18020668858418804 0.37758883753988104
10 0.6201923076923077 0.8798076923076923 0.08173076923076923 0.1875