2 0.31398082956425183 0.18433441947279958 0.14326763166575937 0.1180995999551849
2 0.18448222886136756 0.15298311539433485 0.12696923492198828 0.1404115525710769
2 0.07000837632416004 0.16164499675142913 0.1150410804374983 0.14126375175090244
21 0.7848557692307693 0.2439903846153846 0.43028846153846156 0.4879807692307692
14 0.1346153846153846 0.9435096153846154 0.1875 0.11298076923076923
14 0.0733173076923077 0.9074519230769231 0.1466346153846154 0.18509615384615385
14 0.05048076923076923 0.5745192307692307 0.10096153846153846 0.17307692307692307
2 0.9182692307692307 0.9459134615384616 0.16346153846153846 0.10817307692307693
2 0.7644230769230769 0.9375 0.18269230769230768 0.125
2 0.9266826923076923 0.8185096153846154 0.1466346153846154 0.18509615384615385
2 0.7994308136058484 0.8268109335726186 0.18896005937240576 0.18299058428223963
2 0.6634615384615384 0.7740384615384616 0.1875 0.14423076923076922
2 0.6105769230769231 0.8533653846153846 0.08173076923076923 0.12980769230769232
2 0.5961538461538461 0.6995192307692307 0.052884615384615384 0.1778846153846154
2 0.9555288461538461 0.6850961538461539 0.0889423076923077 0.16826923076923078
2 0.8339373702563943 0.6491232906994704 0.1610978132831078 0.21096242838564952