14 0.9651442307692307 0.4362980769230769 0.06971153846153846 0.2091346153846154
14 0.6838942307692307 0.5324519230769231 0.18028846153846154 0.13221153846153846
14 0.5562978346196621 0.4816728965752557 0.18980901199028574 0.17712298117265654
14 0.5127700530511011 0.28393932875025496 0.1813955504518242 0.17648544717947112
14 0.6898275957121134 0.42847635076927904 0.14285215367240084 0.19271069901379434
14 0.839168660405994 0.32980681198499984 0.17616783385949256 0.1689096035789695
14 0.6843887454022316 0.3164063443859177 0.1749777650530146 0.14847691127127718
14 0.6832901460336227 0.12981710723332554 0.15886273672093545 0.13887945803118534
14 0.5908583686645354 0.09374290295861698 0.14541971646201682 0.15461346569121906
14 0.7163461538461539 0.04807692307692308 0.1971153846153846 0.09615384615384616
14 0.8485576923076923 0.028846153846153848 0.16826923076923078 0.057692307692307696
14 0.6069711538461539 0.016826923076923076 0.19471153846153846 0.03365384615384615
19 0.17427884615384615 0.8521634615384616 0.3485576923076923 0.2956730769230769
19 0.17427884615384615 0.6682692307692307 0.3485576923076923 0.13942307692307693
19 0.7872596153846154 0.7524038461538461 0.4254807692307692 0.3076923076923077