24 0.04447115384615385 0.0673076923076923 0.0889423076923077 0.1346153846153846
24 0.042067307692307696 0.23557692307692307 0.08413461538461539 0.22115384615384615
24 0.17067307692307693 0.2127403846153846 0.34134615384615385 0.30528846153846156
24 0.22716346153846154 0.0673076923076923 0.24278846153846154 0.1346153846153846
24 0.31850961538461536 0.19831730769230768 0.06009615384615385 0.25240384615384615
24 0.36538461538461536 0.18629807692307693 0.03365384615384615 0.15144230769230768
24 0.4026442307692308 0.11298076923076923 0.10817307692307693 0.12980769230769232
24 0.4713760365807762 0.21189697132041468 0.17337066434244633 0.1895289958005263
24 0.42918663424362474 0.3736784126433959 0.15063223800216527 0.18940084197609153
24 0.5504807692307693 0.4098557692307692 0.19230769230769232 0.18028846153846154
24 0.6561292939177366 0.37481994279286346 0.18063115968157215 0.21985708891336267
24 0.7398219088414867 0.2371932625623334 0.09208169720645944 0.10225605255156121
24 0.8551331880927626 0.3187829021229924 0.17135926667362938 0.19419668001333873
24 0.7684232782997044 0.3898137847906739 0.13007705431746347 0.14274770838885603
24 0.8112980769230769 0.44711538461538464 0.0985576923076923 0.10576923076923077
24 0.7127403846153846 0.47115384615384615 0.15144230769230768 0.057692307692307696
24 0.19471153846153846 0.671875 0.3076923076923077 0.34375
11 0.5997596153846154 0.9615384615384616 0.19951923076923078 0.07692307692307693
11 0.7379807692307693 0.9242788461538461 0.21153846153846154 0.15144230769230768
11 0.8641826923076923 0.90625 0.22355769230769232 0.1875
11 0.558551929358286 0.8291254004793571 0.3067105913814856 0.18174444911379325
11 0.4735576923076923 0.9278846153846154 0.25 0.14423076923076922