7 0.11298076923076923 0.234375 0.22596153846153846 0.46875
7 0.125 0.19471153846153846 0.22596153846153846 0.3894230769230769
7 0.11899038461538461 0.21033653846153846 0.23798076923076922 0.4206730769230769
24 0.5564903846153846 0.27524038461538464 0.49278846153846156 0.3870192307692308
24 0.4387019230769231 0.40865384615384615 0.4014423076923077 0.1201923076923077
24 0.5168269230769231 0.15865384615384615 0.4567307692307692 0.3173076923076923
24 0.0889423076923077 0.48677884615384615 0.1778846153846154 0.036057692307692304
24 0.06850961538461539 0.5709134615384616 0.13701923076923078 0.20432692307692307
24 0.17908653846153846 0.5480769230769231 0.11778846153846154 0.15865384615384615
24 0.07692307692307693 0.8004807692307693 0.15384615384615385 0.3125
0 0.5961538461538461 0.6538461538461539 0.4326923076923077 0.3701923076923077
0 0.5685096153846154 0.9110576923076923 0.4254807692307692 0.1778846153846154