11 0.1658653846153846 0.19471153846153846 0.3317307692307692 0.3076923076923077
11 0.24759615384615385 0.17427884615384615 0.4423076923076923 0.3485576923076923
11 0.23918269230769232 0.07451923076923077 0.47836538461538464 0.14903846153846154
11 0.7391826923076923 0.17427884615384615 0.5216346153846154 0.3485576923076923
11 0.23317307692307693 0.8088942307692307 0.46634615384615385 0.38221153846153844
11 0.3218416635482909 0.5831241207281844 0.2713029342991455 0.20784859083934654
11 0.1384519889806093 0.64566080511475 0.23412724412494676 0.20928423459947937
11 0.08653846153846154 0.7463942307692307 0.17307692307692307 0.19951923076923078
11 0.027644230769230768 0.7223557692307693 0.055288461538461536 0.21875
11 0.040865384615384616 0.7992788461538461 0.08173076923076923 0.2091346153846154
11 0.5324519230769231 0.5925480769230769 0.10817307692307693 0.31971153846153844
11 0.6224053530504275 0.5258552020462073 0.12718607522703024 0.3074811739747576
11 0.8069999655121798 0.6182265864878389 0.10655554755026732 0.19465226710931313
11 0.92509514788312 0.586695448722849 0.13635084390304486 0.1339723723427501
11 0.9158653846153846 0.6935096153846154 0.16826923076923078 0.2091346153846154
11 0.9771634615384616 0.7043269230769231 0.04567307692307692 0.16346153846153846
11 0.5733173076923077 0.9002403846153846 0.18990384615384615 0.19951923076923078
11 0.8798076923076923 0.8942307692307693 0.2403846153846154 0.21153846153846154