3 0.14182692307692307 0.45072115384615385 0.27403846153846156 0.11778846153846154
3 0.1346153846153846 0.27163461538461536 0.2692307692307692 0.3269230769230769
3 0.12740384615384615 0.07091346153846154 0.2548076923076923 0.14182692307692307
3 0.30528846153846156 0.39783653846153844 0.28846153846153844 0.22355769230769232
3 0.31490384615384615 0.15144230769230768 0.2692307692307692 0.30288461538461536
17 0.7860576923076923 0.23076923076923078 0.42788461538461536 0.2980769230769231
17 0.33653846153846156 0.7235576923076923 0.11538461538461539 0.42788461538461536
17 0.20793269230769232 0.7019230769230769 0.15625 0.38461538461538464
17 0.078125 0.6971153846153846 0.15625 0.375
17 0.7908653846153846 0.6526442307692307 0.3894230769230769 0.2860576923076923
17 0.46634615384615385 0.9194711538461539 0.03365384615384615 0.16105769230769232
17 0.9663461538461539 0.9206730769230769 0.0673076923076923 0.15865384615384615
17 0.5340504401060069 0.8106963201166821 0.12191514455642724 0.21956361369945135
17 0.5024038461538461 0.6430288461538461 0.10576923076923077 0.2620192307692308
17 0.8182030964048557 0.8513667547753976 0.21530253626936996 0.14667522341978767
17 0.6542427477983146 0.8141935590876576 0.08252919754349843 0.10920938678757813