8 0.16466346153846154 0.27403846153846156 0.3293269230769231 0.11057692307692307
8 0.6009615384615384 0.10216346153846154 0.5432692307692307 0.20432692307692307
22 0.16466346153846154 0.6646634615384616 0.3293269230769231 0.6706730769230769
8 0.35697115384615385 0.9098557692307693 0.055288461538461536 0.18028846153846154
8 0.3485576923076923 0.7139423076923077 0.038461538461538464 0.2548076923076923
8 0.38461538461538464 0.4579326923076923 0.11057692307692307 0.23798076923076922
8 0.4387019230769231 0.37259615384615385 0.18028846153846154 0.08653846153846154
8 0.39302884615384615 0.6201923076923077 0.12740384615384615 0.1875
8 0.46634615384615385 0.49028832192021066 0.16947115384615385 0.21613018510017395
8 0.41947115384615385 0.8052884615384616 0.18028846153846154 0.23076923076923078
8 0.4326923076923077 0.9519230769230769 0.16346153846153846 0.09615384615384616
8 0.5480769230769231 0.9086538461538461 0.1778846153846154 0.18269230769230768
8 0.5408653846153846 0.7323084005840078 0.14903846153846154 0.18476131117374806
8 0.5805288461538461 0.5378276173914135 0.1658653846153846 0.2076957458099902
8 0.5745192307692307 0.3858173076923077 0.16826923076923078 0.11298076923076923
8 0.7247596153846154 0.34975961538461536 0.21394230769230768 0.040865384615384616
8 0.7367788461538461 0.5062847302224521 0.21514423076923078 0.30654013405788577
8 0.7391826923076923 0.8713942307692307 0.24759615384615385 0.25721153846153844
8 0.7608173076923077 0.690318812669831 0.16947115384615385 0.18247633894632778
8 0.8377403846153846 0.9375 0.08413461538461539 0.125
8 0.84375 0.747291685574826 0.07451923076923077 0.23841430943302788
8 0.8413461538461539 0.40024038461538464 0.08173076923076923 0.14182692307692307