0 0.3485576923076923 0.30528846153846156 0.34134615384615385 0.5817307692307693
0 0.10096153846153846 0.4110576923076923 0.20192307692307693 0.27884615384615385
17 0.8846153846153846 0.24158653846153846 0.23076923076923078 0.4495192307692308
17 0.9471153846153846 0.546875 0.10576923076923077 0.0985576923076923
17 0.625 0.08653846153846154 0.21153846153846154 0.10096153846153846
17 0.6081730769230769 0.3545673076923077 0.1778846153846154 0.19951923076923078
17 0.752891837534442 0.24827023226605333 0.1036110570673642 0.08471596216213761
24 0.052884615384615384 0.8028846153846154 0.10576923076923077 0.10576923076923077
24 0.20072115384615385 0.8040865384615384 0.2764423076923077 0.10817307692307693
24 0.4266826923076923 0.7944711538461539 0.17548076923076922 0.0889423076923077
6 0.7596153846153846 0.875 0.4807692307692308 0.25