11 0.37644588810801427 0.21220574281782467 0.17635477506601988 0.22089592190442175
11 0.234375 0.1971153846153846 0.15144230769230768 0.28365384615384615
11 0.11057692307692307 0.24879807692307693 0.22115384615384615 0.18028846153846154
11 0.12166679400573453 0.10074935687886821 0.09974163147059684 0.13154105176157754
11 0.04927884615384615 0.13221153846153846 0.0985576923076923 0.15865384615384615
11 0.027644230769230768 0.20673076923076922 0.055288461538461536 0.1201923076923077
11 0.734375 0.16947115384615385 0.53125 0.3389423076923077
11 0.25240384615384615 0.6694711538461539 0.4326923076923077 0.6610576923076923
10 0.5492788461538461 0.41346153846153844 0.16105769230769232 0.14903846153846154
10 0.6490384615384616 0.44711538461538464 0.2403846153846154 0.21634615384615385
10 0.71164268021126 0.60383767490049 0.20299218312178896 0.48657686257568106
10 0.5702349962092153 0.7668594819310118 0.1849490378652367 0.43000256695340755