5 0.2778926040493731 0.11043552509712658 0.22575343797433442 0.19260413711135627
5 0.28247484196741646 0.33652294143074357 0.27767388618223643 0.21393895416894454
5 0.5721153846153846 0.3245192307692308 0.09134615384615384 0.22596153846153846
5 0.5625 0.08052884615384616 0.11057692307692307 0.16105769230769232
5 0.06009615384615385 0.03485576923076923 0.1201923076923077 0.06971153846153846
5 0.08052884615384616 0.2776442307692308 0.16105769230769232 0.18028846153846154
5 0.30288461538461536 0.020432692307692308 0.18269230769230768 0.040865384615384616
5 0.45660153019881383 0.14601341533066553 0.16641250875237604 0.25645900099788166
5 0.04807692307692308 0.38341346153846156 0.09615384615384616 0.13701923076923078
5 0.8088942307692307 0.3088942307692308 0.38221153846153844 0.6177884615384616
18 0.265625 0.8449519230769231 0.53125 0.31009615384615385
18 0.9158653846153846 0.8449519230769231 0.16826923076923078 0.31009615384615385