17 0.2668269230769231 0.2692307692307692 0.34615384615384615 0.3173076923076923
16 0.5865384615384616 0.07211538461538461 0.22115384615384615 0.14423076923076922
16 0.5637019230769231 0.2704326923076923 0.24759615384615385 0.31009615384615385
16 0.7283653846153846 0.09134615384615384 0.19230769230769232 0.18269230769230768
16 0.7097084193939861 0.2938347757562668 0.23439718960012274 0.24138875973340418
16 0.8870192307692307 0.09975961538461539 0.22596153846153846 0.19951923076923078
16 0.8557692307692307 0.2980769230769231 0.28846153846153844 0.25961538461538464
16 0.051682692307692304 0.8798076923076923 0.10336538461538461 0.2403846153846154
16 0.0625 0.71875 0.125 0.25
16 0.0673076923076923 0.5252403846153846 0.1346153846153846 0.19471153846153846
16 0.08774038461538461 0.9326923076923077 0.17067307692307693 0.1346153846153846
16 0.09495192307692307 0.7572115384615384 0.18990384615384615 0.25961538461538464
16 0.10336538461538461 0.5420673076923077 0.20673076923076922 0.2283653846153846
15 0.8747361860714109 0.5813793437255689 0.2410249881943541 0.1870466899878913
15 0.8665865384615384 0.8137019230769231 0.2668269230769231 0.20432692307692307
15 0.5865384615384616 0.5396634615384616 0.2932692307692308 0.21875
15 0.5745192307692307 0.7764423076923077 0.2692307692307692 0.21634615384615385