14 0.10817307692307693 0.2920673076923077 0.21634615384615385 0.19471153846153846
14 0.140625 0.09134615384615384 0.28125 0.18269230769230768
3 0.7620192307692307 0.10576923076923077 0.2692307692307692 0.21153846153846154
3 0.9639423076923077 0.19471153846153846 0.07211538461538461 0.20673076923076922
3 0.26322115384615385 0.8533653846153846 0.3293269230769231 0.2932692307692308
3 0.32091346153846156 0.6514423076923077 0.21394230769230768 0.4519230769230769
3 0.265625 0.4987980769230769 0.3245192307692308 0.21875
14 0.5865384615384616 0.9435096153846154 0.3173076923076923 0.11298076923076923
14 0.9086538461538461 0.9663461538461539 0.18269230769230768 0.0673076923076923
14 0.6536011736750189 0.752056102592499 0.28659840456201846 0.3552245444387661
14 0.8377403846153846 0.7668269230769231 0.3245192307692308 0.3605769230769231
14 0.4963942307692308 0.65625 0.13701923076923078 0.41346153846153844
14 0.6454326923076923 0.49158653846153844 0.43509615384615385 0.20432692307692307
14 0.9783653846153846 0.5408653846153846 0.04326923076923077 0.27884615384615385
14 0.8521634615384616 0.4879807692307692 0.2956730769230769 0.1971153846153846