6 0.2848557692307692 0.0829326923076923 0.5697115384615384 0.1658653846153846
14 0.9579326923076923 0.09014423076923077 0.08413461538461539 0.18028846153846154
14 0.8029850574243279 0.16760841210484484 0.21961151395970793 0.23802913101010775
14 0.6646634615384616 0.15384615384615385 0.06971153846153846 0.18269230769230768
14 0.8149038461538461 0.037259615384615384 0.3701923076923077 0.07451923076923077
14 0.453125 0.43028846153846156 0.3485576923076923 0.20192307692307693
14 0.19110576923076922 0.5745192307692307 0.38221153846153844 0.4230769230769231
14 0.20432692307692307 0.9158653846153846 0.28846153846153844 0.16826923076923078
14 0.41225961538461536 0.9302884615384616 0.24278846153846154 0.13942307692307693
24 0.7271634615384616 0.6514423076923077 0.19471153846153846 0.3076923076923077
24 0.9026442307692307 0.6165865384615384 0.19471153846153846 0.3245192307692308
24 0.8161057692307693 0.42427884615384615 0.36778846153846156 0.18990384615384615
24 0.7007211538461539 0.921875 0.14182692307692307 0.15625
24 0.8425480769230769 0.8918269230769231 0.25721153846153844 0.21634615384615385