17 0.3329326923076923 0.2247596153846154 0.4639423076923077 0.4495192307692308
17 0.5841346153846154 0.43028846153846156 0.10096153846153846 0.038461538461538464
3 0.8894230769230769 0.4206730769230769 0.17307692307692307 0.057692307692307696
3 0.8158730594899608 0.3971968454865558 0.1477079667152321 0.09457926612147584
3 0.9312842072525259 0.37582189649885134 0.12617130055553114 0.09559670312633137
3 0.7989522773315655 0.3349744957974852 0.12865065369978432 0.0681835405485991
3 0.9375 0.21995192307692307 0.125 0.0985576923076923
3 0.9038461538461539 0.10817307692307693 0.19230769230769232 0.07692307692307693
3 0.9302884615384616 0.0625 0.13942307692307693 0.10096153846153846
3 0.9507211538461539 0.030048076923076924 0.0985576923076923 0.06009615384615385
14 0.5276442307692307 0.6935096153846154 0.4014423076923077 0.4879807692307692
3 0.8509615384615384 0.5444711538461539 0.24519230769230768 0.18990384615384615
3 0.8509615384615384 0.8185096153846154 0.24519230769230768 0.3629807692307692
3 0.8641826923076923 0.6875 0.27163461538461536 0.47596153846153844