0 0.21319331944897735 0.2801235846562624 0.19969467850184885 0.30801179900654907
0 0.05889423076923077 0.27283653846153844 0.11778846153846154 0.23317307692307693
0 0.31582408487750363 0.25728041834002874 0.16283504030377544 0.19832724947435038
0 0.17089131049856457 0.4831959181166055 0.1925137625617022 0.22010347299015093
0 0.5576923076923077 0.37259615384615385 0.25961538461538464 0.5913461538461539
0 0.5709134615384616 0.19110576923076922 0.28125 0.38221153846153844
7 0.14543269230769232 0.8064903846153846 0.2668269230769231 0.2764423076923077
7 0.14423076923076922 0.8341346153846154 0.28846153846153844 0.3317307692307692
7 0.08052884615384616 0.8341346153846154 0.16105769230769232 0.3317307692307692
25 0.8545673076923077 0.7391826923076923 0.29086538461538464 0.14182692307692307
25 0.9266826923076923 0.7956730769230769 0.1466346153846154 0.2548076923076923
25 0.8870192307692307 0.7680288461538461 0.22596153846153846 0.19951923076923078
25 0.7379807692307693 0.7848557692307693 0.28846153846153844 0.23317307692307693
25 0.8183707647252793 0.8859290904773645 0.26592901947892444 0.22592212763127179