14 0.21514423076923078 0.21033653846153846 0.18509615384615385 0.4206730769230769
14 0.11778846153846154 0.36177884615384615 0.23557692307692307 0.41586538461538464
14 0.1346153846153846 0.08774038461538461 0.2692307692307692 0.17548076923076922
21 0.5540865384615384 0.2980769230769231 0.49278846153846156 0.5432692307692307
21 0.7127403846153846 0.07572115384615384 0.47836538461538464 0.15144230769230768
21 0.5264423076923077 0.11778846153846154 0.24519230769230768 0.23557692307692307
21 0.8588684802404168 0.3346520725705657 0.2505031599609435 0.35622085164764966
21 0.3605769230769231 0.26322115384615385 0.10576923076923077 0.38221153846153844
2 0.5434779474755573 0.7808243443136215 0.15087869117440902 0.14990769859086556
2 0.42825318871391804 0.734147179682692 0.1374306673726786 0.12919525558178435
2 0.32211538461538464 0.7139423076923077 0.028846153846153848 0.14903846153846154
2 0.4879807692307692 0.6502403846153846 0.14423076923076922 0.16105769230769232
2 0.36538461538461536 0.6310096153846154 0.11538461538461539 0.12259615384615384