0 0.17427884615384615 0.21875 0.3485576923076923 0.2980769230769231
0 0.43149038461538464 0.2980769230769231 0.19471153846153846 0.34134615384615385
21 0.7163461538461539 0.26322115384615385 0.375 0.4110576923076923
21 0.8257211538461539 0.12860576923076922 0.3485576923076923 0.17067307692307693
21 0.609375 0.09134615384615384 0.16105769230769232 0.1201923076923077
21 0.9338942307692307 0.3016826923076923 0.13221153846153846 0.33413461538461536
21 0.7644230769230769 0.4375 0.47115384615384615 0.0625
24 0.5096153846153846 0.7247596153846154 0.038461538461538464 0.11298076923076923
24 0.4411057692307692 0.6225961538461539 0.17548076923076922 0.14423076923076922
24 0.4434464063331037 0.7134206923502872 0.11547711107763256 0.08753791462929865
24 0.3052238330786732 0.6256212689184214 0.14687340089652862 0.12304030631513231
24 0.47836538461538464 0.5072115384615384 0.10096153846153846 0.07692307692307693
24 0.203125 0.5084134615384616 0.15144230769230768 0.07932692307692307
24 0.07091346153846154 0.5096153846153846 0.14182692307692307 0.08173076923076923
24 0.025240384615384616 0.5108173076923077 0.05048076923076923 0.08413461538461539
24 0.13065240728703523 0.5474533716103027 0.11241779955530823 0.0945183848993386
14 0.8894230769230769 0.6983173076923077 0.22115384615384615 0.3389423076923077
14 0.7113648254186397 0.683552014424852 0.27766783977763004 0.31801151117358156
14 0.8348566495534617 0.8768591598233815 0.2246355151658421 0.20218090091433155
14 0.7524038461538461 0.5576923076923077 0.30288461538461536 0.1778846153846154
14 0.9459134615384616 0.5528846153846154 0.10817307692307693 0.16826923076923078