6 0.21394230769230768 0.18269230769230768 0.3269230769230769 0.36538461538461536
22 0.13581730769230768 0.4495192307692308 0.27163461538461536 0.15865384615384615
22 0.36658653846153844 0.4651442307692308 0.18509615384615385 0.12740384615384615
4 0.39302884615384615 0.042067307692307696 0.13221153846153846 0.08413461538461539
5 0.4182692307692308 0.2548076923076923 0.08173076923076923 0.2932692307692308
0 0.7331730769230769 0.18028846153846154 0.5336538461538461 0.3605769230769231
7 0.3786057692307692 0.8125 0.16105769230769232 0.23076923076923078
7 0.2980769230769231 0.9230769230769231 0.32211538461538464 0.15384615384615385
23 0.796875 0.71875 0.40625 0.3798076923076923
23 0.7668269230769231 0.90625 0.2403846153846154 0.1875
23 0.9170673076923077 0.9110576923076923 0.1658653846153846 0.1778846153846154