12 0.19019600049070626 0.34678620092763357 0.17153051656214344 0.3264851749690835
12 0.24759615384615385 0.13221153846153846 0.20673076923076922 0.2644230769230769
12 0.3858173076923077 0.15504807692307693 0.15144230769230768 0.31009615384615385
12 0.4519230769230769 0.17427884615384615 0.1971153846153846 0.3485576923076923
12 0.5516826923076923 0.37259615384615385 0.13221153846153846 0.22596153846153846
12 0.84375 0.2848557692307692 0.3125 0.5697115384615384
23 0.21875 0.7247596153846154 0.4375 0.31009615384615385
23 0.27524038461538464 0.9591346153846154 0.40625 0.08173076923076923
23 0.5180288461538461 0.7463942307692307 0.19951923076923078 0.35336538461538464
10 0.8076923076923077 0.7848557692307693 0.3798076923076923 0.43028846153846156
10 0.8004807692307693 0.7379807692307693 0.36538461538461536 0.33653846153846156