21 0.20721841672919603 0.30199575587322636 0.3394605777121263 0.30959429051512
21 0.29086328598923916 0.2894870442304777 0.23367708499527234 0.16117736758926754
21 0.1346153846153846 0.31850961538461536 0.2692307692307692 0.33413461538461536
21 0.07211538461538461 0.32211538461538464 0.14423076923076922 0.1971153846153846
21 0.1346153846153846 0.40625 0.2692307692307692 0.30288461538461536
11 0.8653846153846154 0.265625 0.2692307692307692 0.2764423076923077
11 0.9014423076923077 0.42427884615384615 0.1971153846153846 0.2668269230769231
11 0.8545673076923077 0.11298076923076923 0.29086538461538464 0.22596153846153846
14 0.33413461538461536 0.7788461538461539 0.6682692307692307 0.4423076923076923
21 0.8786057692307693 0.7007211538461539 0.24278846153846154 0.2860576923076923
21 0.8449824384894662 0.703514180633366 0.23367708499527223 0.16117736758926754
21 0.9326923076923077 0.6983173076923077 0.1346153846153846 0.28125
21 0.9326923076923077 0.6466346153846154 0.1346153846153846 0.1778846153846154