0 0.14423076923076922 0.23918269230769232 0.28846153846153844 0.47836538461538464
0 0.4026442307692308 0.24158653846153846 0.24759615384615385 0.4831730769230769
0 0.21394230769230768 0.45552884615384615 0.3942307692307692 0.2283653846153846
20 0.875 0.33653846153846156 0.25 0.46634615384615385
20 0.15745192307692307 0.5829326923076923 0.2620192307692308 0.026442307692307692
20 0.5396634615384616 0.6526442307692307 0.16105769230769232 0.1658653846153846
20 0.39302884615384615 0.6658653846153846 0.21875 0.19230769230769232
20 0.18509615384615385 0.6682692307692307 0.22115384615384615 0.1971153846153846
20 0.06009615384615385 0.640625 0.1201923076923077 0.14182692307692307
0 0.8653846153846154 0.8137019230769231 0.23076923076923078 0.37259615384615385
0 0.875 0.6129807692307693 0.25 0.08653846153846154
0 0.9026442307692307 0.8377403846153846 0.19471153846153846 0.3245192307692308