0 0.10096153846153846 0.35336538461538464 0.1971153846153846 0.23076923076923078
0 0.18028846153846154 0.42908653846153844 0.2644230769230769 0.07932692307692307
0 0.2127403846153846 0.125 0.19471153846153846 0.25
18 0.6514423076923077 0.2283653846153846 0.625 0.4567307692307692
24 0.20192307692307693 0.9663461538461539 0.12980769230769232 0.0673076923076923
24 0.28966346153846156 0.9278846153846154 0.0985576923076923 0.14423076923076922
24 0.2848557692307692 0.8016826923076923 0.10817307692307693 0.14182692307692307
24 0.22723878133262992 0.7322326504009105 0.1485475042000091 0.12152825743443184
20 0.4651442307692308 0.9483173076923077 0.17067307692307693 0.10336538461538461
20 0.4872226319094575 0.8746907632947726 0.16463848718446064 0.14296950952977083
20 0.48047648133412196 0.6791722650098287 0.16976489511167722 0.19113047925566454
20 0.6262532603475051 0.8697490443218794 0.16821967879339483 0.157560679750789
20 0.6045673076923077 0.9651442307692307 0.17548076923076922 0.06971153846153846
20 0.6502403846153846 0.49759615384615385 0.1658653846153846 0.057692307692307696
20 0.6642969792378476 0.6232960368950131 0.1611797869525359 0.17379927628491798
20 0.6439627957835784 0.7406389951972868 0.15212869580894323 0.13611942765544974
20 0.5144230769230769 0.49759615384615385 0.16346153846153846 0.057692307692307696
20 0.5391251342510851 0.5902217206425561 0.16917622238413307 0.18391894079412607
20 0.49745087014205536 0.764029793568879 0.15421382634326525 0.08846273782337952