14 0.19230769230769232 0.3942307692307692 0.38461538461538464 0.28846153846153844
14 0.2860040288316191 0.2618383899567314 0.3881940805795725 0.4292216968869806
14 0.140625 0.12139423076923077 0.28125 0.24278846153846154
14 0.30528846153846156 0.037259615384615384 0.21634615384615385 0.07451923076923077
6 0.6754807692307693 0.22716346153846154 0.35096153846153844 0.4543269230769231
21 0.3485576923076923 0.6394230769230769 0.30288461538461536 0.20192307692307693
21 0.34615384615384615 0.9074519230769231 0.3076923076923077 0.18509615384615385
21 0.41947115384615385 0.8293269230769231 0.16105769230769232 0.33653846153846156
14 0.7475961538461539 0.6814903846153846 0.4951923076923077 0.2860576923076923
14 0.7836538461538461 0.8161057692307693 0.40384615384615385 0.36778846153846156
14 0.5997596153846154 0.8846153846153846 0.19951923076923078 0.23076923076923078