11 0.36177884615384615 0.17908653846153846 0.6129807692307693 0.3581730769230769
11 0.8918269230769231 0.17427884615384615 0.21634615384615385 0.3485576923076923
11 0.7379807692307693 0.20673076923076922 0.13942307692307693 0.30288461538461536
11 0.78125 0.08653846153846154 0.22596153846153846 0.17307692307692307
2 0.578125 0.5504807692307693 0.18028846153846154 0.18269230769230768
2 0.4886548580138171 0.5935066041746442 0.1666105990211029 0.19063919114806893
2 0.38288562724458636 0.6021404708452897 0.15340129944539405 0.16922537762780324
2 0.47510514932089315 0.7962881125672021 0.18054364761210054 0.18340307506469544
2 0.5252403846153846 0.9074519230769231 0.19471153846153846 0.18509615384615385
2 0.3513759548700257 0.9319823337842515 0.17533963956065898 0.13512992774525756
2 0.25721153846153844 0.9759615384615384 0.17307692307692307 0.04807692307692308
2 0.1346153846153846 0.9519230769230769 0.18269230769230768 0.09615384615384616
2 0.8509615384615384 0.5384615384615384 0.2980769230769231 0.3605769230769231
2 0.8605769230769231 0.8653846153846154 0.27884615384615385 0.2692307692307692
2 0.6862980769230769 0.7115384615384616 0.036057692307692304 0.25961538461538464