24 0.5997596153846154 0.2608173076923077 0.18028846153846154 0.2764423076923077
24 0.5268949262037366 0.1283391733537766 0.259481130702008 0.21817487305846672
24 0.2479567170152449 0.19060257794530983 0.2750932688752166 0.259964530439845
24 0.1141826923076923 0.3485576923076923 0.2283653846153846 0.28365384615384615
24 0.38459486458833286 0.31861014924610165 0.25049524910139903 0.2391933065990863
24 0.5243491679362534 0.4632135754323182 0.27854628672035536 0.2961762682085363
24 0.247592108736558 0.4917461111395057 0.2675541170794989 0.2894734482494257
18 0.6141826923076923 0.1141826923076923 0.15144230769230768 0.2283653846153846
14 0.6298076923076923 0.6346153846153846 0.1201923076923077 0.11057692307692307
17 0.8846153846153846 0.10817307692307693 0.23076923076923078 0.21634615384615385
6 0.890625 0.734375 0.21875 0.0889423076923077
15 0.921875 0.7860576923076923 0.15625 0.09134615384615384