24 0.4050480769230769 0.4675480769230769 0.5552884615384616 0.5024038461538461
24 0.5973557692307693 0.35697115384615385 0.18509615384615385 0.5168269230769231
24 0.43149038461538464 0.1502403846153846 0.5168269230769231 0.3004807692307692
24 0.17668269230769232 0.13822115384615385 0.35336538461538464 0.2764423076923077
24 0.1466346153846154 0.49399038461538464 0.2932692307692308 0.4495192307692308
24 0.7620192307692307 0.10576923076923077 0.14423076923076922 0.21153846153846154
24 0.7980769230769231 0.3088942307692308 0.21634615384615385 0.24278846153846154
24 0.7427884615384616 0.47716346153846156 0.10576923076923077 0.25721153846153844
19 0.2512019230769231 0.8870192307692307 0.29086538461538464 0.22596153846153846
19 0.5072115384615384 0.8401442307692307 0.3173076923076923 0.24278846153846154
10 0.15264423076923078 0.9639423076923077 0.13701923076923078 0.07211538461538461
10 0.3918269230769231 0.9819711538461539 0.15384615384615385 0.036057692307692304
24 0.8810096153846154 0.75 0.23798076923076922 0.0625
24 0.859375 0.875 0.28125 0.25