11 0.11899038461538461 0.203125 0.23798076923076922 0.40625
11 0.11899038461538461 0.41466346153846156 0.23798076923076922 0.2283653846153846
11 0.3545673076923077 0.2403846153846154 0.23317307692307693 0.4807692307692308
11 0.4543269230769231 0.09735576923076923 0.21153846153846154 0.19471153846153846
11 0.5110080542770667 0.2756767494713906 0.21601302465356462 0.2936407163968594
11 0.6812196050409132 0.3053996362733887 0.19085571181999883 0.19608678929421577
11 0.6286057692307693 0.04807692307692308 0.0985576923076923 0.09615384615384616
11 0.6796557394237092 0.1301288791849391 0.10898508617734165 0.17930728329907275
10 0.057692307692307696 0.8088942307692307 0.11538461538461539 0.38221153846153844
10 0.625 0.8149038461538461 0.35096153846153844 0.3701923076923077
10 0.7151442307692307 0.7644230769230769 0.3245192307692308 0.47115384615384615
10 0.7944711538461539 0.7644230769230769 0.30528846153846156 0.47115384615384615