5 0.25 0.17908653846153846 0.5 0.3581730769230769
15 0.6177884615384616 0.06971153846153846 0.16346153846153846 0.13942307692307693
15 0.7920673076923077 0.07692307692307693 0.15144230769230768 0.15384615384615385
15 0.9314903846153846 0.140625 0.13701923076923078 0.28125
16 0.328125 0.7439903846153846 0.34375 0.5120192307692307
16 0.09495192307692307 0.6526442307692307 0.18990384615384615 0.5889423076923077
15 0.5120192307692307 0.6478365384615384 0.02403846153846154 0.3245192307692308
15 0.5944024710646372 0.5537902446387303 0.15935824760256434 0.2955710577711107
15 0.5540865384615384 0.6358173076923077 0.10817307692307693 0.31971153846153844
15 0.7163461538461539 0.47596153846153844 0.13942307692307693 0.23557692307692307
15 0.8810096153846154 0.4951923076923077 0.1658653846153846 0.27403846153846156
15 0.9182692307692307 0.4014423076923077 0.16346153846153846 0.08653846153846154
15 0.8644205620154921 0.8064905627643368 0.1734446187449253 0.23019303461140012
15 0.9471153846153846 0.8088942307692307 0.10576923076923077 0.18509615384615385
15 0.9747596153846154 0.75 0.05048076923076923 0.22596153846153846
15 0.96875 0.9158653846153846 0.0625 0.09615384615384616
15 0.5891801774001075 0.7936710358203052 0.1288325846090279 0.17048543010693004
15 0.6182801167556098 0.9090852984020964 0.10479211319246796 0.06611239708546453
15 0.7456839629094559 0.9150192279045742 0.13240836889155988 0.06619802474964477