0 0.390625 0.08774038461538461 0.5985576923076923 0.17548076923076922
0 0.37740384615384615 0.30528846153846156 0.625 0.3076923076923077
25 0.8725961538461539 0.39783653846153844 0.2548076923076923 0.12259615384615384
25 0.7512019230769231 0.19951923076923078 0.12259615384615384 0.2403846153846154
25 0.8028846153846154 0.056490384615384616 0.22596153846153846 0.11298076923076923
25 0.8894230769230769 0.23918269230769232 0.22115384615384615 0.24278846153846154
20 0.48455835727048924 0.7034166090205846 0.2507911432309864 0.11852547889440036
20 0.2877366876899545 0.6900303477804737 0.2033706724519795 0.08645727272589003
20 0.10452597215616387 0.7917559665354746 0.15104642419953998 0.1864747271468399
20 0.24464746066784987 0.8181475018760979 0.20648174325542643 0.19585325237123655
20 0.4463397614921162 0.827844075304054 0.20899048763600475 0.2019048270465447
20 0.5957768362921597 0.80240606081956 0.15906127247641969 0.16378504620272621
20 0.6176781037741009 0.7179147914640556 0.14126928571356137 0.10820286962941485
20 0.7475961538461539 0.6995192307692307 0.11538461538461539 0.41346153846153844