3 0.22355769230769232 0.4254807692307692 0.2692307692307692 0.3076923076923077
3 0.17908653846153846 0.3473557692307692 0.3581730769230769 0.31490384615384615
3 0.17908653846153846 0.12740384615384615 0.3581730769230769 0.2548076923076923
3 0.6213942307692307 0.2704326923076923 0.5264423076923077 0.5408653846153846
3 0.22716346153846154 0.9098557692307693 0.2620192307692308 0.18028846153846154
3 0.6661747172221865 0.8134485873459579 0.27295059486506723 0.29235480498766037
3 0.9110576923076923 0.8173076923076923 0.1778846153846154 0.25961538461538464
3 0.6745763244902029 0.7929739395348212 0.29784095924325243 0.2864920338651004
3 0.42788461538461536 0.7728365384615384 0.13942307692307693 0.2668269230769231
3 0.3918269230769231 0.8894230769230769 0.0673076923076923 0.14423076923076922
3 0.4699519230769231 0.6153846153846154 0.22355769230769232 0.07211538461538461