23 0.2704326923076923 0.3786057692307692 0.25721153846153844 0.0985576923076923
23 0.3306529244595188 0.255001932889378 0.196256159681572 0.22495524452888135
23 0.15144230769230768 0.2764423076923077 0.23076923076923078 0.30288461538461536
23 0.3125 0.11778846153846154 0.23076923076923078 0.23557692307692307
23 0.16466346153846154 0.08533653846153846 0.2091346153846154 0.17067307692307693
24 0.6742788461538461 0.125 0.31971153846153844 0.25
24 0.6021634615384616 0.3293269230769231 0.2668269230769231 0.1971153846153846
24 0.8245192307692307 0.38822115384615385 0.25 0.07932692307692307
18 0.23076923076923078 0.7103365384615384 0.46153846153846156 0.5649038461538461
20 0.7304770764323707 0.7390098554905153 0.2723695636466723 0.29444578275998734
20 0.734375 0.8954326923076923 0.3004807692307692 0.2091346153846154
20 0.8641115382012649 0.8213043230948276 0.1429299405682571 0.24448054848950562
20 0.7788461538461539 0.5408653846153846 0.28365384615384615 0.22596153846153846
20 0.8329326923076923 0.46033653846153844 0.2620192307692308 0.06490384615384616
20 0.9194711538461539 0.6033653846153846 0.16105769230769232 0.30288461538461536