19 0.8737980769230769 0.33653846153846156 0.2283653846153846 0.18269230769230768
19 0.8882211538461539 0.203125 0.22355769230769232 0.19471153846153846
19 0.8858173076923077 0.08052884615384616 0.2283653846153846 0.16105769230769232
19 0.7800480769230769 0.09254807692307693 0.18509615384615385 0.18509615384615385
2 0.19951923076923078 0.8016826923076923 0.39903846153846156 0.39663461538461536
19 0.9026442307692307 0.49759615384615385 0.19471153846153846 0.13942307692307693
19 0.7584134615384616 0.46033653846153844 0.2091346153846154 0.06490384615384616
19 0.6670673076923077 0.5108173076923077 0.18509615384615385 0.1658653846153846
19 0.647717771523882 0.6686003926796728 0.22094980784991372 0.3185363711843718
19 0.696960342625857 0.8019511305903411 0.22692646211000544 0.24102755302836754
19 0.8676860860885908 0.8635231730130352 0.2547946147472541 0.24760676813754784
19 0.8774038461538461 0.7091346153846154 0.24519230769230768 0.3125