23 0.375 0.15264423076923078 0.2692307692307692 0.30528846153846156
23 0.13942307692307693 0.22355769230769232 0.27884615384615385 0.38461538461538464
23 0.39903846153846156 0.3858173076923077 0.22115384615384615 0.10817307692307693
10 0.6995192307692307 0.21995192307692307 0.3798076923076923 0.43990384615384615
10 0.6766826923076923 0.09975961538461539 0.33413461538461536 0.19951923076923078
10 0.7331730769230769 0.06490384615384616 0.32211538461538464 0.12980769230769232
10 0.6778846153846154 0.40625 0.33653846153846156 0.0673076923076923
4 0.265625 0.6790865384615384 0.4879807692307692 0.47836538461538464
4 0.09375 0.78125 0.1875 0.2692307692307692
4 0.6911057692307693 0.7199519230769231 0.3629807692307692 0.5600961538461539
4 0.6538461538461539 0.46875 0.16346153846153846 0.057692307692307696