20 0.13942307692307693 0.14903846153846154 0.27884615384615385 0.2980769230769231
24 0.7319711538461539 0.14903846153846154 0.30528846153846156 0.2980769230769231
24 0.7896634615384616 0.23197115384615385 0.4206730769230769 0.13221153846153846
24 0.7896634615384616 0.09375 0.4206730769230769 0.1875
20 0.06850961538461539 0.921875 0.13701923076923078 0.15625
20 0.15876994160992675 0.8004052614975838 0.14347722873720195 0.14843261818345474
20 0.25938183904174517 0.7750595438028853 0.13574822155167773 0.10362558153527382
20 0.21639316316160448 0.9003921126775647 0.17977267694510382 0.17054472450128208
20 0.32003741853545115 0.8259354902300337 0.14351918566076832 0.15203838741422396
20 0.18389423076923078 0.96875 0.1658653846153846 0.0625
20 0.3173076923076923 0.9399038461538461 0.14423076923076922 0.1201923076923077
24 0.9002403846153846 0.6911057692307693 0.19951923076923078 0.6177884615384616