7 0.3389423076923077 0.057692307692307696 0.5288461538461539 0.11538461538461539
7 0.3389423076923077 0.109375 0.4807692307692308 0.21875
7 0.07572115384615384 0.109375 0.15144230769230768 0.21875
7 0.28365384615384615 0.1310096153846154 0.36538461538461536 0.17548076923076922
6 0.8341346153846154 0.16466346153846154 0.25961538461538464 0.10817307692307693
6 0.8341346153846154 0.07091346153846154 0.24519230769230768 0.14182692307692307
6 0.9519230769230769 0.109375 0.09615384615384616 0.21875
6 0.9338942307692307 0.025240384615384616 0.13221153846153846 0.05048076923076923
17 0.4639423076923077 0.765625 0.3894230769230769 0.46875
17 0.5887720496342084 0.516930717022443 0.10996327599537828 0.12616080821867073
17 0.42295522516424516 0.36702430366496164 0.2669486209896009 0.2840890851613272
7 0.6935096153846154 0.5685096153846154 0.06971153846153846 0.4735576923076923
7 0.7079326923076923 0.30528846153846156 0.0985576923076923 0.16826923076923078
7 0.7447526876244372 0.5959054728737038 0.14601977810657318 0.4796101066811882
7 0.8282740526596736 0.5896589436541929 0.12953634663709224 0.4542018943715379