10 0.30528846153846156 0.06850961538461539 0.36538461538461536 0.13701923076923078
10 0.29874156468128193 0.31346147732225876 0.21662161900447158 0.22978482716350884
4 0.6610576923076923 0.0829326923076923 0.32211538461538464 0.1658653846153846
4 0.8245192307692307 0.1502403846153846 0.35096153846153844 0.3004807692307692
10 0.17668269230769232 0.7740384615384616 0.35336538461538464 0.4519230769230769
18 0.7175480769230769 0.6394230769230769 0.12259615384615384 0.18269230769230768
18 0.7800480769230769 0.6165865384615384 0.09375 0.13701923076923078
18 0.8497596153846154 0.5576923076923077 0.16105769230769232 0.019230769230769232
18 0.7639879639084306 0.8733935723923589 0.16150707792095859 0.1690018528520562
18 0.7704326923076923 0.9651442307692307 0.1658653846153846 0.06971153846153846
18 0.9278846153846154 0.9567307692307693 0.14423076923076922 0.08653846153846154
18 0.9067860339634662 0.855177741178996 0.1482020054934191 0.16373246767848734
18 0.8985735558174773 0.7291856784956531 0.1232553359128843 0.17967797710237357
18 0.9627403846153846 0.7439903846153846 0.07451923076923077 0.1658653846153846
18 0.9735576923076923 0.8990384615384616 0.052884615384615384 0.18269230769230768
18 0.7896391283697519 0.7582455222741977 0.13319149850064266 0.12957495658004867