0 0.296875 0.20432692307692307 0.3245192307692308 0.40865384615384615
25 0.8389423076923077 0.20432692307692307 0.32211538461538464 0.40865384615384615
25 0.8112980769230769 0.21033653846153846 0.37740384615384615 0.39663461538461536
0 0.06610576923076923 0.5348557692307693 0.13221153846153846 0.25240384615384615
0 0.29927884615384615 0.5324519230769231 0.2956730769230769 0.24759615384615385
0 0.12379807692307693 0.8052884615384616 0.24759615384615385 0.1875
0 0.24036301198472002 0.7340787753390929 0.26244763673715066 0.16528051388139695
0 0.0673076923076923 0.9543269230769231 0.1346153846153846 0.09134615384615384
0 0.34615384615384615 0.9423076923076923 0.16346153846153846 0.11538461538461539
17 0.7524038461538461 0.6033653846153846 0.3557692307692308 0.3894230769230769
17 0.9735576923076923 0.45072115384615385 0.052884615384615384 0.06971153846153846
17 0.49147493318808 0.6306023476595121 0.06112415646812822 0.05959351282867099
17 0.5031226136332527 0.5403042748372043 0.07581996878070853 0.07538634052293657