11 0.296875 0.19831730769230768 0.1658653846153846 0.28125
11 0.15264423076923078 0.06850961538461539 0.3004807692307692 0.13701923076923078
11 0.037259615384615384 0.3329326923076923 0.07451923076923077 0.25721153846153844
11 0.1310096153846154 0.43149038461538464 0.2620192307692308 0.09375
11 0.18990384615384615 0.23918269230769232 0.3798076923076923 0.47836538461538464
10 0.6971153846153846 0.23918269230769232 0.4951923076923077 0.47836538461538464
10 0.8665865384615384 0.23918269230769232 0.2668269230769231 0.47836538461538464
10 0.18990384615384615 0.7247596153846154 0.3798076923076923 0.43990384615384615
10 0.18990384615384615 0.75 0.3798076923076923 0.5
10 0.2439903846153846 0.8737980769230769 0.27163461538461536 0.25240384615384615
10 0.8341346153846154 0.7139423076923077 0.3317307692307692 0.47115384615384615
10 0.8064903846153846 0.8161057692307693 0.31971153846153844 0.36778846153846156