20 0.25 0.16466346153846154 0.1778846153846154 0.3293269230769231
7 0.4651442307692308 0.1045673076923077 0.24278846153846154 0.2091346153846154
7 0.41346153846153844 0.11658653846153846 0.13942307692307693 0.23317307692307693
7 0.7728365384615384 0.08533653846153846 0.4543269230769231 0.17067307692307693
7 0.2512019230769231 0.8882211538461539 0.17548076923076922 0.22355769230769232
7 0.2536057692307692 0.7091346153846154 0.17067307692307693 0.2548076923076923
7 0.30649038461538464 0.5492788461538461 0.06490384615384616 0.20432692307692307
7 0.26802884615384615 0.4110576923076923 0.14182692307692307 0.16346153846153846
20 0.7519307665703376 0.5855177798648364 0.4528617808100718 0.46794012005565616
20 0.7055288461538461 0.9543269230769231 0.13701923076923078 0.09134615384615384
20 0.3786057692307692 0.4387019230769231 0.07932692307692307 0.21875
15 0.4495192307692308 0.3641826923076923 0.11538461538461539 0.06971153846153846
22 0.4879807692307692 0.9038461538461539 0.2980769230769231 0.19230769230769232