11 0.5084134615384616 0.038461538461538464 0.29086538461538464 0.07692307692307693
11 0.5219998324580989 0.1912544755068038 0.3259527104702474 0.2558367759908646
11 0.5012019230769231 0.421875 0.3485576923076923 0.21394230769230768
11 0.10576923076923077 0.21634615384615385 0.21153846153846154 0.3076923076923077
11 0.09254807692307693 0.4254807692307692 0.18509615384615385 0.20673076923076922
21 0.9098557692307693 0.2644230769230769 0.18028846153846154 0.5288461538461539
21 0.5284282015220089 0.7656780378430323 0.2701196287421581 0.36717384290527527
21 0.296875 0.8401442307692307 0.31971153846153844 0.31971153846153844
21 0.34615384615384615 0.6225961538461539 0.3173076923076923 0.1875
2 0.9122596153846154 0.5769230769230769 0.17548076923076922 0.09615384615384616
2 0.9098557692307693 0.8870192307692307 0.18028846153846154 0.22115384615384615
2 0.9254807692307693 0.7788461538461539 0.14903846153846154 0.2548076923076923