14 0.2692307692307692 0.10336538461538461 0.1778846153846154 0.20673076923076922
14 0.296875 0.20793269230769232 0.12259615384615384 0.28125
21 0.8641826923076923 0.15264423076923078 0.27163461538461536 0.30528846153846156
21 0.5709134615384616 0.09014423076923077 0.3389423076923077 0.18028846153846154
21 0.6382211538461539 0.2668269230769231 0.39663461538461536 0.16346153846153846
14 0.125 0.5564903846153846 0.25 0.41586538461538464
14 0.17908653846153846 0.8425480769230769 0.3581730769230769 0.31490384615384615
11 0.7608173076923077 0.6021634615384616 0.40625 0.5072115384615384
11 0.9278846153846154 0.7391826923076923 0.14423076923076922 0.5216346153846154
11 0.8173076923076923 0.9230769230769231 0.22596153846153846 0.15384615384615385
11 0.6995192307692307 0.9026442307692307 0.15865384615384615 0.19471153846153846