11 0.46153846153846156 0.3701923076923077 0.11538461538461539 0.21634615384615385
11 0.484375 0.20552884615384615 0.06971153846153846 0.12740384615384615
11 0.48197115384615385 0.1346153846153846 0.07451923076923077 0.11057692307692307
11 0.49399038461538464 0.06129807692307692 0.05048076923076923 0.12259615384615384
11 0.8954326923076923 0.24759615384615385 0.2091346153846154 0.40384615384615385
11 0.9675480769230769 0.07091346153846154 0.06490384615384616 0.14182692307692307
11 0.9158653846153846 0.43990384615384615 0.14903846153846154 0.07692307692307693
10 0.25961538461538464 0.9194711538461539 0.5192307692307693 0.16105769230769232
10 0.25961538461538464 0.7620192307692307 0.5192307692307693 0.3557692307692308
10 0.7391826923076923 0.6213942307692307 0.4110576923076923 0.2860576923076923
10 0.6286057692307693 0.6923076923076923 0.21875 0.40865384615384615
10 0.5625 0.8401442307692307 0.08653846153846154 0.31971153846153844
10 0.7427884615384616 0.8653846153846154 0.42788461538461536 0.2692307692307692