25 0.3137019230769231 0.43990384615384615 0.25240384615384615 0.27884615384615385
25 0.29927884615384615 0.28125 0.28125 0.28365384615384615
25 0.28153931276702343 0.12467949908572976 0.2972029944901705 0.24622159231813667
25 0.2548076923076923 0.04447115384615385 0.25 0.0889423076923077
25 0.11298076923076923 0.5504807692307693 0.22596153846153846 0.057692307692307696
25 0.09735576923076923 0.4807692307692308 0.19471153846153846 0.1971153846153846
25 0.08413461538461539 0.35336538461538464 0.16826923076923078 0.20673076923076922
25 0.07932692307692307 0.22355769230769232 0.15865384615384615 0.21153846153846154
25 0.06370192307692307 0.12139423076923077 0.12740384615384615 0.16105769230769232
25 0.07451923076923077 0.04447115384615385 0.14903846153846154 0.0889423076923077
0 0.9110576923076923 0.4074519230769231 0.1778846153846154 0.34375
0 0.6310096153846154 0.38822115384615385 0.37259615384615385 0.38221153846153844
0 0.3473557692307692 0.8581730769230769 0.18509615384615385 0.28365384615384615
7 0.6538461538461539 0.7896634615384616 0.42788461538461536 0.4206730769230769