24 0.15144230769230768 0.2247596153846154 0.11538461538461539 0.3004807692307692
24 0.8641826923076923 0.23557692307692307 0.27163461538461536 0.47115384615384615
24 0.5600961538461539 0.37259615384615385 0.5336538461538461 0.35096153846153844
24 0.5661057692307693 0.14903846153846154 0.46875 0.2980769230769231
24 0.31009615384615385 0.2776442307692308 0.20192307692307693 0.4543269230769231
19 0.1346153846153846 0.9507211538461539 0.14903846153846154 0.0985576923076923
19 0.17307692307692307 0.7067307692307693 0.07211538461538461 0.22596153846153846
24 0.35697115384615385 0.8762019230769231 0.28125 0.24759615384615385
24 0.641141526790702 0.8670325049596092 0.23932916620828812 0.22478180498473813
24 0.8853770925261885 0.8528869151155845 0.20898695128752218 0.16036920300518148
24 0.8986466081516808 0.6458829170305929 0.16206299440993496 0.12695130354669537
24 0.7139423076923077 0.6201923076923077 0.18269230769230768 0.14423076923076922
24 0.49158653846153844 0.6213942307692307 0.23317307692307693 0.1466346153846154
24 0.2980769230769231 0.6490384615384616 0.1778846153846154 0.20192307692307693
24 0.21995192307692307 0.9026442307692307 0.021634615384615384 0.19471153846153846