15 0.9459134615384616 0.16826923076923078 0.10817307692307693 0.11057692307692307
15 0.7961071986286221 0.16519465971884825 0.12538333989807376 0.19430075861560178
15 0.7097906035029252 0.1835111376153669 0.15610887032988977 0.12399570679218627
15 0.5288461538461539 0.2127403846153846 0.20192307692307693 0.12259615384615384
15 0.9879807692307693 0.3137019230769231 0.02403846153846154 0.13221153846153846
15 0.9266826923076923 0.29927884615384615 0.10336538461538461 0.16105769230769232
15 0.8173076923076923 0.31009615384615385 0.11057692307692307 0.13942307692307693
15 0.7312863323678912 0.309209549203976 0.17159386223501003 0.12186459602784357
15 0.6622596153846154 0.36538461538461536 0.13701923076923078 0.028846153846153848
5 0.21394230769230768 0.6802884615384616 0.42788461538461536 0.6009615384615384
8 0.9579326923076923 0.6586538461538461 0.08413461538461539 0.5576923076923077
8 0.8137019230769231 0.9110576923076923 0.37259615384615385 0.1778846153846154
4 0.7247596153846154 0.546875 0.28125 0.33413461538461536