10 0.0733173076923077 0.2512019230769231 0.1466346153846154 0.5024038461538461
10 0.24639423076923078 0.2641996962996495 0.1778846153846154 0.5133186708691624
10 0.4026442307692308 0.28966346153846156 0.11298076923076923 0.47836538461538464
18 0.7379807692307693 0.2644230769230769 0.5240384615384616 0.5288461538461539
9 0.2668269230769231 0.7644230769230769 0.24519230769230768 0.47115384615384615
9 0.06490384615384616 0.5997596153846154 0.12980769230769232 0.14182692307692307
9 0.09735576923076923 0.8112980769230769 0.19471153846153846 0.37740384615384615
23 0.6394230769230769 0.765625 0.3605769230769231 0.41586538461538464
23 0.8810096153846154 0.7331730769230769 0.23798076923076922 0.23557692307692307
23 0.8990384615384616 0.8822115384615384 0.20192307692307693 0.23557692307692307
23 0.8473557692307693 0.6021634615384616 0.30528846153846156 0.1466346153846154