17 0.3605769230769231 0.15985576923076922 0.5144230769230769 0.31971153846153844
17 0.3088942307692308 0.2848557692307692 0.6177884615384616 0.06971153846153846
17 0.3088942307692308 0.11057692307692307 0.6177884615384616 0.22115384615384615
17 0.3088942307692308 0.15745192307692307 0.6177884615384616 0.21875
25 0.8088942307692307 0.22115384615384615 0.38221153846153844 0.1971153846153846
25 0.8088942307692307 0.13701923076923078 0.38221153846153844 0.27403846153846156
25 0.8088942307692307 0.07451923076923077 0.38221153846153844 0.14903846153846154
6 0.07451923076923077 0.3870192307692308 0.14903846153846154 0.1346153846153846
6 0.32572115384615385 0.3798076923076923 0.3293269230769231 0.1201923076923077
6 0.5588942307692307 0.9266826923076923 0.11778846153846154 0.1466346153846154
6 0.3894230769230769 0.9447115384615384 0.2980769230769231 0.11057692307692307
6 0.11658653846153846 0.9627403846153846 0.23317307692307693 0.07451923076923077
6 0.7499733970259255 0.786781165448567 0.23059373432614536 0.1827840310498034
6 0.7367788461538461 0.5228365384615384 0.23798076923076922 0.3389423076923077