11 0.203125 0.4951923076923077 0.40625 0.10576923076923077
11 0.32655226372801455 0.1732997086021018 0.18375908417115 0.21816073217420728
11 0.14136382655792515 0.135230023527344 0.19737520127082156 0.24197839184831912
11 0.0625 0.28125 0.125 0.22596153846153846
11 0.02403846153846154 0.3629807692307692 0.04807692307692308 0.25
11 0.19803821785474113 0.40983277853759736 0.239719918901376 0.2322892743674293
11 0.37620024317760326 0.3819929186241006 0.20660385930765338 0.271413218422017
21 0.9038461538461539 0.22355769230769232 0.19230769230769232 0.44711538461538464
21 0.9543269230769231 0.39302884615384615 0.09134615384615384 0.31009615384615385
19 0.2848557692307692 0.7740384615384616 0.5697115384615384 0.4519230769230769
19 0.7848557692307693 0.7740384615384616 0.43028846153846156 0.4519230769230769