0 0.24278846153846154 0.3425480769230769 0.28365384615384615 0.4110576923076923
23 0.8918269230769231 0.36177884615384615 0.21634615384615385 0.37259615384615385
23 0.78125 0.22596153846153846 0.4375 0.4519230769230769
23 0.6875 0.46634615384615385 0.5769230769230769 0.16346153846153846
23 0.5793269230769231 0.19951923076923078 0.3605769230769231 0.39903846153846156
23 0.5060096153846154 0.3629807692307692 0.21394230769230768 0.3701923076923077
7 0.2704326923076923 0.7740384615384616 0.25721153846153844 0.4519230769230769
7 0.3473557692307692 0.7307692307692307 0.10336538461538461 0.36538461538461536
7 0.20432692307692307 0.7764423076923077 0.125 0.44711538461538464
12 0.7475752133493592 0.7600267751505971 0.3802313381159725 0.2422255210900212
12 0.5276442307692307 0.7740384615384616 0.24278846153846154 0.4519230769230769
12 0.6706730769230769 0.7644230769230769 0.23557692307692307 0.4326923076923077