0 0.25 0.25961538461538464 0.5 0.5192307692307693
6 0.6622596153846154 0.14423076923076922 0.3245192307692308 0.28846153846153844
7 0.6550480769230769 0.4014423076923077 0.31009615384615385 0.23557692307692307
0 0.45552884615384615 0.671875 0.0889423076923077 0.18990384615384615
0 0.38100961538461536 0.8725961538461539 0.23798076923076922 0.15865384615384615
0 0.40572328728135526 0.5666597860697525 0.17430143311950574 0.08391864663863548
0 0.2823441130676872 0.6969072098084615 0.1970205504518242 0.16455238155109259
0 0.14596789457109086 0.5627455417919084 0.24366295134384494 0.07831460112064917
0 0.15160153802715587 0.8451345316136648 0.2346883358506338 0.1924063898375453
0 0.06009615384615385 0.6598557692307693 0.1201923076923077 0.2283653846153846
0 0.8665865384615384 0.6334134615384616 0.23798076923076922 0.2283653846153846
0 0.9110576923076923 0.8713942307692307 0.1778846153846154 0.24759615384615385