7 0.27884615384615385 0.35096153846153844 0.5576923076923077 0.1971153846153846
12 0.6694711538461539 0.11298076923076923 0.22355769230769232 0.22596153846153846
12 0.8064903846153846 0.18269230769230768 0.2764423076923077 0.36538461538461536
12 0.671875 0.15745192307692307 0.2283653846153846 0.31490384615384615
7 0.31490384615384615 0.734375 0.4855769230769231 0.53125
17 0.6394230769230769 0.9158653846153846 0.16346153846153846 0.16826923076923078
17 0.8112980769230769 0.9483173076923077 0.18990384615384615 0.10336538461538461
17 0.7989410412534176 0.8002526564237116 0.16488739143055534 0.13516244114922835
17 0.750881008918019 0.6375493082135667 0.24113322844942978 0.2412461293443233
17 0.9675480769230769 0.7271634615384616 0.06490384615384616 0.2668269230769231
17 0.953125 0.8954326923076923 0.09375 0.2091346153846154
17 0.6466346153846154 0.8341346153846154 0.1778846153846154 0.10576923076923077
17 0.9101510722834749 0.6077360735489301 0.1555727600957975 0.11070395532612747