14 0.33413461538461536 0.24759615384615385 0.1875 0.30288461538461536
22 0.7860576923076923 0.20552884615384615 0.42788461538461536 0.3870192307692308
22 0.6490384615384616 0.28125 0.35096153846153844 0.23557692307692307
22 0.5060096153846154 0.19951923076923078 0.15625 0.39903846153846156
14 0.21394230769230768 0.8641826923076923 0.42788461538461536 0.27163461538461536
14 0.38822115384615385 0.5649038461538461 0.07932692307692307 0.3317307692307692
14 0.21033653846153846 0.4651442307692308 0.4206730769230769 0.13221153846153846
14 0.06370192307692307 0.6189903846153846 0.12740384615384615 0.33413461538461536
3 0.84375 0.5925480769230769 0.3125 0.3870192307692308
3 0.9110576923076923 0.875 0.1778846153846154 0.25
3 0.703125 0.796875 0.5504807692307693 0.40625