20 0.30288461538461536 0.3233173076923077 0.2692307692307692 0.3293269230769231
20 0.4963942307692308 0.09375 0.1466346153846154 0.1875
7 0.7848557692307693 0.2439903846153846 0.43028846153846156 0.4879807692307692
25 0.2512019230769231 0.8665865384615384 0.3581730769230769 0.2668269230769231
25 0.5360576923076923 0.5516826923076923 0.0673076923076923 0.12740384615384615
25 0.41947115384615385 0.7247596153846154 0.3004807692307692 0.2764423076923077
25 0.5144230769230769 0.9050480769230769 0.11057692307692307 0.18990384615384615
25 0.49278846153846156 0.6790865384615384 0.15384615384615385 0.25721153846153844
7 0.875 0.9399038461538461 0.25 0.1201923076923077
7 0.859375 0.8737980769230769 0.28125 0.19471153846153846
7 0.8689903846153846 0.8149038461538461 0.2620192307692308 0.14423076923076922
7 0.7787706356859025 0.678251891149561 0.3511815468615565 0.2507347498959741