7 0.38822115384615385 0.42427884615384615 0.38221153846153844 0.31009615384615385
7 0.27524038461538464 0.1622596153846154 0.31009615384615385 0.3245192307692308
7 0.4289369067350319 0.19088148252985265 0.21915726772510333 0.24788156860929433
7 0.40865384615384615 0.0889423076923077 0.25 0.1778846153846154
7 0.33052884615384615 0.09975961538461539 0.43990384615384615 0.19951923076923078
7 0.4543269230769231 0.055288461538461536 0.35096153846153844 0.11057692307692307
10 0.9495192307692307 0.28966346153846156 0.10096153846153846 0.5793269230769231
10 0.8653846153846154 0.28966346153846156 0.2692307692307692 0.5793269230769231
10 0.36177884615384615 0.9435096153846154 0.20432692307692307 0.11298076923076923
10 0.4416545774983887 0.8004884274310295 0.3467560707902788 0.16508515276977648
10 0.43674814363706077 0.6886046641080542 0.3632892954022368 0.14033438161032855
10 0.5026877693041925 0.8827658930703635 0.22590728002741128 0.2084279414090912
11 0.7800480769230769 0.7896634615384616 0.3004807692307692 0.4206730769230769