24 0.2512019230769231 0.039663461538461536 0.27163461538461536 0.07932692307692307
24 0.3641826923076923 0.15865384615384615 0.06971153846153846 0.3173076923076923
24 0.28966346153846156 0.18629807692307693 0.21875 0.21875
24 0.7295673076923077 0.41466346153846156 0.18509615384615385 0.10817307692307693
24 0.6522244080832709 0.25987146263427785 0.21789151263042614 0.22246632204536082
24 0.8292428770206915 0.2553970193062271 0.20872255367507597 0.20058689993277723
24 0.7891368193610062 0.12910304088696625 0.21635381292377487 0.2128159650402664
24 0.5581997002769113 0.12719603437038557 0.1904838471276495 0.19405269870251565
24 0.7031020227671372 0.11216195190478692 0.13256641183591944 0.15154361177077236
24 0.8880875275829851 0.08626272753037935 0.1380456574030683 0.17091427056038072
24 0.9639423076923077 0.052884615384615384 0.07211538461538461 0.10576923076923077
24 0.3545673076923077 0.8581730769230769 0.0889423076923077 0.27884615384615385
24 0.3449519230769231 0.6514423076923077 0.10817307692307693 0.21634615384615385
24 0.0829326923076923 0.8533653846153846 0.1658653846153846 0.22596153846153846
24 0.13679783080981947 0.711174285278706 0.23762594680578802 0.23744895720379397
24 0.2468901856868027 0.5904537786500875 0.2339782054963027 0.23614211695774154
24 0.038461538461538464 0.5757211538461539 0.07692307692307693 0.21394230769230768
24 0.09375 0.5048076923076923 0.1875 0.07211538461538461
19 0.5372596153846154 0.7199519230769231 0.2764423076923077 0.4110576923076923
19 0.7980769230769231 0.8052884615384616 0.40384615384615385 0.32211538461538464
19 0.7271634615384616 0.5997596153846154 0.39663461538461536 0.2620192307692308
19 0.8942307692307693 0.5480769230769231 0.21153846153846154 0.15865384615384615
19 0.9723557692307693 0.75 0.055288461538461536 0.3557692307692308