2 0.30528846153846156 0.3918269230769231 0.6057692307692307 0.3942307692307692
2 0.2403846153846154 0.3701923076923077 0.4807692307692308 0.30288461538461536
2 0.21634615384615385 0.24519230769230768 0.4326923076923077 0.28846153846153844
14 0.911454342652863 0.2907772799032067 0.11214415695538313 0.24435113754779864
14 0.9831730769230769 0.22956730769230768 0.03365384615384615 0.19471153846153846
14 0.9747596153846154 0.34615384615384615 0.05048076923076923 0.1201923076923077
14 0.8425480769230769 0.47475961538461536 0.31490384615384615 0.2283653846153846
21 0.33774038461538464 0.7355769230769231 0.40625 0.2932692307692308
21 0.08413461538461539 0.7584134615384616 0.16826923076923078 0.3389423076923077
21 0.2608173076923077 0.9098557692307693 0.41586538461538464 0.18028846153846154
21 0.7872596153846154 0.7944711538461539 0.3581730769230769 0.4110576923076923
21 0.9615384615384616 0.7560096153846154 0.07692307692307693 0.33413461538461536