7 0.08653846153846154 0.13942307692307693 0.17307692307692307 0.27884615384615385
7 0.1310096153846154 0.22235576923076922 0.2620192307692308 0.28125
7 0.12620192307692307 0.18990384615384615 0.25240384615384615 0.3798076923076923
7 0.2127403846153846 0.18990384615384615 0.2764423076923077 0.3798076923076923
7 0.33413461538461536 0.28365384615384615 0.1875 0.19230769230769232
17 0.7139423076923077 0.18990384615384615 0.5721153846153846 0.3798076923076923
20 0.27403846153846156 0.7920673076923077 0.15384615384615385 0.41586538461538464
20 0.06610576923076923 0.9002403846153846 0.13221153846153846 0.18509615384615385
20 0.014423076923076924 0.7692307692307693 0.028846153846153848 0.14903846153846154
7 0.8473943578930795 0.6787447622597025 0.15141686260587214 0.3171661035437434
7 0.6225961538461539 0.7860576923076923 0.34615384615384615 0.42788461538461536
7 0.6656539158669245 0.5054330861799687 0.2238382471967824 0.14165305129624953