2 0.2860576923076923 0.07091346153846154 0.375 0.14182692307692307
2 0.46634615384615385 0.3112980769230769 0.34615384615384615 0.4543269230769231
2 0.3629807692307692 0.41225961538461536 0.44711538461538464 0.25240384615384615
0 0.7139423076923077 0.11778846153846154 0.14903846153846154 0.23557692307692307
0 0.8425480769230769 0.46634615384615385 0.15144230769230768 0.14423076923076922
0 0.7163461538461539 0.5060096153846154 0.15384615384615385 0.06490384615384616
0 0.9266826923076923 0.41947115384615385 0.1466346153846154 0.18509615384615385
0 0.9591346153846154 0.47115384615384615 0.08173076923076923 0.1346153846153846
0 0.7990075004832461 0.29232616898166314 0.20915879627428452 0.11388473454359122
0 0.7151442307692307 0.38221153846153844 0.15144230769230768 0.14423076923076922
7 0.31850961538461536 0.7512019230769231 0.39663461538461536 0.4254807692307692