2 0.3004807692307692 0.046875 0.1346153846153846 0.09375
2 0.2531982024472761 0.13763582979071948 0.1243036380636754 0.127118944179988
2 0.21613240267553463 0.04207549699875038 0.09797222571287388 0.07980337162771314
2 0.12352938055122906 0.08971793081557607 0.13171100201618613 0.13565828359052795
14 0.8173076923076923 0.33533653846153844 0.36538461538461536 0.3293269230769231
14 0.7608173076923077 0.0733173076923077 0.25721153846153844 0.1466346153846154
14 0.6742788461538461 0.10697115384615384 0.21394230769230768 0.21394230769230768
11 0.35336538461538464 0.75 0.2932692307692308 0.5
11 0.25 0.7788461538461539 0.5 0.4423076923076923
11 0.23918269230769232 0.9483173076923077 0.33413461538461536 0.10336538461538461
11 0.75 0.75 0.5 0.5