10 0.1141826923076923 0.3485576923076923 0.2283653846153846 0.1201923076923077
10 0.10336538461538461 0.2848557692307692 0.20673076923076922 0.14182692307692307
10 0.10576923076923077 0.14783653846153846 0.21153846153846154 0.18990384615384615
18 0.6778846153846154 0.20432692307692307 0.6442307692307693 0.40865384615384615
18 0.12860576923076922 0.5709134615384616 0.25721153846153844 0.3245192307692308
18 0.2247596153846154 0.4891826923076923 0.2091346153846154 0.16105769230769232
18 0.26802884615384615 0.6935096153846154 0.12259615384615384 0.22355769230769232
18 0.11566778009677396 0.7325443113172334 0.20868349218574112 0.23530691745623392
18 0.026442307692307692 0.5372596153846154 0.052884615384615384 0.25240384615384615
18 0.04927884615384615 0.8834134615384616 0.0985576923076923 0.2091346153846154
18 0.1658653846153846 0.8810096153846154 0.3269230769230769 0.21875
1 0.7572115384615384 0.7043269230769231 0.4855769230769231 0.5913461538461539