15 0.22956730769230768 0.35697115384615385 0.18028846153846154 0.06490384615384616
15 0.35697115384615385 0.34615384615384615 0.19951923076923078 0.08653846153846154
15 0.4413728052503046 0.28819948194034195 0.17780575024845974 0.10456674772586777
15 0.5096153846153846 0.13701923076923078 0.09615384615384616 0.21634615384615385
15 0.3097613071243996 0.2319112572556386 0.19427800028395398 0.118880508008639
15 0.23068159374733727 0.26018611787536855 0.1543834705539941 0.11250119936184105
15 0.3392360995115994 0.07340023440839843 0.10630654747707101 0.10913933340301847
15 0.20149506596246086 0.1881212732426543 0.08615150548030802 0.09337151009641254
15 0.2360247603572137 0.06376837644308364 0.14333509467018796 0.10813901029033678
16 0.7788461538461539 0.2608173076923077 0.4423076923076923 0.25721153846153844
16 0.27884615384615385 0.6466346153846154 0.5576923076923077 0.4326923076923077
14 0.8677884615384616 0.6334134615384616 0.2644230769230769 0.4879807692307692