6 0.28846153846153844 0.21875 0.5192307692307693 0.27884615384615385
7 0.7740384615384616 0.17908653846153846 0.4519230769230769 0.3581730769230769
7 0.27976121458386705 0.6047745661141976 0.10214547762444298 0.13210049539734214
7 0.3871119548655499 0.8909992440508414 0.16258016300366337 0.1568242533540549
7 0.5120192307692307 0.6057692307692307 0.07211538461538461 0.17307692307692307
7 0.28125 0.3701923076923077 0.1346153846153846 0.02403846153846154
7 0.3222943434704838 0.42385675072223994 0.058014697717011836 0.06192743077657316
7 0.4110576923076923 0.4014423076923077 0.12980769230769232 0.08653846153846154
7 0.48805226474430036 0.40148005428930394 0.05793767498651233 0.060725507699650016
7 0.5348557692307693 0.38341346153846156 0.026442307692307692 0.05048076923076923
25 0.8365384615384616 0.7319711538461539 0.3269230769230769 0.5360576923076923