24 0.03245192307692308 0.22355769230769232 0.06490384615384616 0.20673076923076922
24 0.2560522459745855 0.26346729698386007 0.13712053484769543 0.13673302418957897
24 0.26509159743715816 0.40856380269567016 0.15412231987316716 0.1439192926597823
24 0.12268300556196064 0.3570991837021494 0.12146056245798566 0.1344384946760386
24 0.02283653846153846 0.4543269230769231 0.04567307692307692 0.14423076923076922
24 0.3425480769230769 0.08052884615384616 0.17067307692307693 0.16105769230769232
24 0.6730769230769231 0.4170673076923077 0.46634615384615385 0.5456730769230769
24 0.7403846153846154 0.09735576923076923 0.3269230769230769 0.19471153846153846
24 0.4891826923076923 0.11298076923076923 0.0985576923076923 0.22596153846153846
24 0.09495192307692307 0.8233173076923077 0.18990384615384615 0.2668269230769231
24 0.16466346153846154 0.9495192307692307 0.3245192307692308 0.10096153846153846
14 0.7199519230769231 0.8449519230769231 0.5600961538461539 0.31009615384615385