21 0.12980769230769232 0.5216346153846154 0.25961538461538464 0.15384615384615385
21 0.1856781410207668 0.39783495153287524 0.1451747680582679 0.17403306993549555
21 0.36658653846153844 0.49278846153846156 0.1658653846153846 0.1971153846153846
21 0.04807692307692308 0.203125 0.09615384615384616 0.15144230769230768
21 0.2098976083856712 0.22441453684851004 0.2486100785127266 0.1944899431328571
10 0.6672926730876433 0.2253714771714141 0.3393067234106418 0.2968002753040804
10 0.9290865384615384 0.5504807692307693 0.14182692307692307 0.09615384615384616
10 0.9483173076923077 0.41466346153846156 0.10336538461538461 0.21394230769230768
19 0.24519230769230768 0.8112980769230769 0.23557692307692307 0.37740384615384615
19 0.11298076923076923 0.8245192307692307 0.20192307692307693 0.35096153846153844
19 0.07932692307692307 0.8149038461538461 0.15865384615384615 0.3701923076923077
19 0.04447115384615385 0.8377403846153846 0.0889423076923077 0.3245192307692308
2 0.8161057692307693 0.7992788461538461 0.36778846153846156 0.4014423076923077