14 0.29447115384615385 0.15384615384615385 0.5889423076923077 0.3076923076923077
16 0.6418269230769231 0.18028846153846154 0.10576923076923077 0.2548076923076923
16 0.8004807692307693 0.2127403846153846 0.21634615384615385 0.18990384615384615
16 0.796875 0.25721153846153844 0.2283653846153846 0.10096153846153846
15 0.02283653846153846 0.4411057692307692 0.04567307692307692 0.2668269230769231
15 0.24899640209566234 0.480062629874179 0.10187144720412479 0.18323169517913704
15 0.4172804605713959 0.581713766863335 0.08993613028202674 0.19023343718721145
15 0.4918836051877595 0.5876245673133957 0.0874064133574815 0.17937417020421087
15 0.5600961538461539 0.46634615384615385 0.057692307692307696 0.18269230769230768
15 0.3317307692307692 0.39663461538461536 0.08173076923076923 0.1778846153846154
15 0.039663461538461536 0.8846153846153846 0.07932692307692307 0.23076923076923078
15 0.04326923076923077 0.8016826923076923 0.08653846153846154 0.20432692307692307
15 0.12476645442636056 0.6517366464817065 0.12771321439062788 0.23535496003910422
15 0.23352692827936722 0.7003292476312983 0.0971476687435652 0.19035931505929
15 0.18310294367866725 0.8094044493042711 0.08349296002055859 0.15286892357586404
15 0.35283898264209423 0.7258964935112341 0.13472895387552314 0.21865391483425953
15 0.4450942031655204 0.8024270404649064 0.12389766054202657 0.2172631749492188
15 0.3785976780467787 0.8733134390658441 0.11595886873867027 0.15463729707714025
15 0.5564903846153846 0.7524038461538461 0.06490384615384616 0.1778846153846154
15 0.5516826923076923 0.8894230769230769 0.07451923076923077 0.22115384615384615
16 0.7932692307692307 0.8665865384615384 0.375 0.2668269230769231
16 0.6875 0.6682692307692307 0.1971153846153846 0.4230769230769231
16 0.8365384615384616 0.6129807692307693 0.3269230769230769 0.3076923076923077