5 0.20432692307692307 0.3449519230769231 0.40865384615384615 0.4879807692307692
3 0.5507986409271998 0.5134573804095752 0.15763453161366486 0.24890683359694285
3 0.5278773901036232 0.29381637393719934 0.1146589893685448 0.29636192346477147
3 0.6065276352518274 0.5853123884030832 0.16396500450287116 0.09796880579845836
3 0.6440102119663302 0.4143536648667943 0.23127349816571283 0.30932214072260866
3 0.7829306242032238 0.5248806079274869 0.26908472632386327 0.20023278733582062
3 0.9254807692307693 0.5540865384615384 0.14903846153846154 0.11298076923076923
3 0.9459134615384616 0.37259615384615385 0.10817307692307693 0.36538461538461536
3 0.8307130574008869 0.2642231568581553 0.26398414684720967 0.35606255409096776
3 0.7067307692307693 0.12860576923076922 0.33653846153846156 0.25721153846153844
3 0.5564903846153846 0.09495192307692307 0.18028846153846154 0.18990384615384615
3 0.9302884615384616 0.11177884615384616 0.13942307692307693 0.22355769230769232
5 0.2403846153846154 0.8245192307692307 0.33653846153846156 0.35096153846153844
3 0.5961538461538461 0.9519230769230769 0.375 0.09615384615384616
3 0.47596153846153844 0.8317307692307693 0.1346153846153846 0.33653846153846156