24 0.09375 0.18870192307692307 0.1875 0.37740384615384615
24 0.53125 0.1778846153846154 0.24519230769230768 0.3317307692307692
24 0.6862980769230769 0.23557692307692307 0.5552884615384616 0.40865384615384615
19 0.07451923076923077 0.6286057692307693 0.14903846153846154 0.3004807692307692
19 0.11778846153846154 0.47836538461538464 0.23557692307692307 0.07692307692307693
19 0.19605675784750856 0.799809562116323 0.1563382639021364 0.1741258622132908
19 0.15985576923076922 0.5300480769230769 0.17548076923076922 0.18028846153846154
19 0.11288324490619789 0.756307732239113 0.09876691154943 0.10380799586568383
19 0.09254807692307693 0.8798076923076923 0.18509615384615385 0.2403846153846154
24 0.9002403846153846 0.7007211538461539 0.19951923076923078 0.36778846153846156
24 0.7451923076923077 0.4963942307692308 0.3798076923076923 0.11298076923076923
24 0.7338873684470811 0.8264867120670709 0.16463186014658093 0.14590974479409596
24 0.5168345533960127 0.7667309673381323 0.16737950148653788 0.30032778529021387