20 0.07572115384615384 0.2932692307692308 0.15144230769230768 0.32211538461538464
0 0.8173076923076923 0.4110576923076923 0.1778846153846154 0.15384615384615385
0 0.5935923549148913 0.30579162149940503 0.2557241327882066 0.3454638796792716
0 0.6837200737171059 0.216638917201451 0.19581013151153434 0.3436653933845895
0 0.8990384615384616 0.15384615384615385 0.20192307692307693 0.3076923076923077
0 0.7355769230769231 0.04567307692307692 0.16346153846153846 0.09134615384615384
0 0.12860576923076922 0.6598557692307693 0.25721153846153844 0.34375
0 0.2644230769230769 0.8629807692307693 0.3076923076923077 0.27403846153846156
20 0.7871973048090772 0.7059638728493094 0.2779037864729901 0.27528156799021003
20 0.7379807692307693 0.9050480769230769 0.16826923076923078 0.18990384615384615
20 0.7115384615384616 0.5865384615384616 0.39903846153846156 0.1971153846153846