2 0.4879807692307692 0.16706730769230768 0.16346153846153846 0.24278846153846154
2 0.4110576923076923 0.06370192307692307 0.1971153846153846 0.12740384615384615
11 0.7848557692307693 0.31850961538461536 0.43028846153846156 0.14182692307692307
11 0.7848557692307693 0.19471153846153846 0.43028846153846156 0.21153846153846154
21 0.2848557692307692 0.8112980769230769 0.5697115384615384 0.37740384615384615
2 0.9362980769230769 0.6598557692307693 0.12740384615384615 0.20432692307692307
2 0.9046893169379226 0.7495455267381507 0.15246422702210466 0.13527761107016845
2 0.8262347259045574 0.8413172789906924 0.17458137424968767 0.1640556639873497
2 0.7576053159400409 0.9205658795193585 0.12931299388037 0.11605195264904139
2 0.7199519230769231 0.9711538461538461 0.11778846153846154 0.057692307692307696
2 0.6634615384615384 0.9819711538461539 0.11057692307692307 0.036057692307692304