21 0.08052884615384616 0.39783653846153844 0.16105769230769232 0.31971153846153844
21 0.3269230769230769 0.4050480769230769 0.16346153846153846 0.30528846153846156
21 0.24759615384615385 0.4699519230769231 0.3076923076923077 0.17548076923076922
14 0.6165865384615384 0.4543269230769231 0.3245192307692308 0.20673076923076922
14 0.47716346153846156 0.3233173076923077 0.13701923076923078 0.3918269230769231
24 0.12620192307692307 0.8137019230769231 0.25240384615384615 0.37259615384615385
24 0.3425480769230769 0.6081730769230769 0.13221153846153846 0.10096153846153846
14 0.5288461538461539 0.9170673076923077 0.2403846153846154 0.1658653846153846
14 0.47475961538461536 0.7295673076923077 0.13221153846153846 0.19471153846153846
14 0.5953171401504066 0.8482916639649153 0.24252354470512982 0.16527460102232183
14 0.6690741792737309 0.7159813105688221 0.3053801664844072 0.2276636195034124
14 0.8030540401086917 0.8110083391661392 0.25265638052966194 0.2543847458774008
14 0.7980769230769231 0.9483173076923077 0.36538461538461536 0.10336538461538461