20 0.3704098791485866 0.16892756251494223 0.14068174202640849 0.2228398880186765
20 0.3293269230769231 0.5012019230769231 0.2932692307692308 0.09375
20 0.8316562548732361 0.4244663148210407 0.15609696450918656 0.1875099417820428
20 0.7286676684337016 0.28739773143950054 0.14506987929965695 0.15094842527130992
20 0.6514423076923077 0.2608173076923077 0.08653846153846154 0.10336538461538461
20 0.6850961538461539 0.3870192307692308 0.15384615384615385 0.17307692307692307
20 0.6237980769230769 0.3125 0.03125 0.15384615384615385
20 0.7055288461538461 0.48677884615384615 0.1658653846153846 0.12259615384615384
20 0.6262019230769231 0.4579326923076923 0.036057692307692304 0.18028846153846154
17 0.09254807692307693 0.7403846153846154 0.18509615384615385 0.38461538461538464
17 0.5240384615384616 0.6706730769230769 0.16826923076923078 0.24519230769230768