10 0.2668269230769231 0.3004807692307692 0.36538461538461536 0.40384615384615385
10 0.7572115384615384 0.15985576923076922 0.3894230769230769 0.31971153846153844
10 0.6110621907953904 0.2298849157467753 0.23182127996290774 0.40304865688360947
10 0.5108173076923077 0.35336538461538464 0.12259615384615384 0.3125
10 0.7007211538461539 0.39302884615384615 0.40625 0.23317307692307693
11 0.04927884615384615 0.7548076923076923 0.0985576923076923 0.2644230769230769
11 0.06370192307692307 0.5456730769230769 0.12740384615384615 0.07211538461538461
11 0.38461538461538464 0.9014423076923077 0.11057692307692307 0.1971153846153846
11 0.3785785547789334 0.6666440517266625 0.1400597493296505 0.2739860868208596
11 0.21350482726301018 0.8001457507333117 0.22400028354663185 0.29950111969874327
11 0.24639423076923078 0.578125 0.25240384615384615 0.13701923076923078
10 0.7043269230769231 0.7127403846153846 0.5096153846153846 0.2956730769230769
10 0.7848557692307693 0.578125 0.43028846153846156 0.13701923076923078
10 0.8677884615384616 0.5841346153846154 0.2644230769230769 0.14903846153846154