11 0.1141826923076923 0.27884615384615385 0.2283653846153846 0.5576923076923077
6 0.5168269230769231 0.34375 0.4951923076923077 0.42788461538461536
7 0.591016834341368 0.29086538461538464 0.09228472571485387 0.07091346153846154
7 0.6736575772354247 0.3329326923076923 0.061851535139279434 0.06490384615384616
7 0.6963419126416203 0.42908653846153844 0.05245107720703091 0.10576923076923077
7 0.5081431808501566 0.15865384615384615 0.08066675010648275 0.039663461538461536
7 0.6174771259476941 0.421875 0.07316141982565269 0.09134615384615384
6 0.7620192307692307 0.09375 0.3125 0.1875
10 0.1141826923076923 0.7584134615384616 0.2283653846153846 0.4014423076923077
10 0.1141826923076923 0.8377403846153846 0.2283653846153846 0.3245192307692308
10 0.5492788461538461 0.7788461538461539 0.6418269230769231 0.4423076923076923
10 0.8209134615384616 0.6430288461538461 0.3485576923076923 0.17067307692307693