2 0.390625 0.1778846153846154 0.07451923076923077 0.3076923076923077
2 0.24158653846153846 0.1466346153846154 0.35336538461538464 0.2932692307692308
2 0.34375 0.31850961538461536 0.16826923076923078 0.19951923076923078
2 0.8846153846153846 0.05889423076923077 0.23076923076923078 0.11778846153846154
2 0.6057692307692307 0.25721153846153844 0.3557692307692308 0.32211538461538464
21 0.3161057692307692 0.5384615384615384 0.22355769230769232 0.2403846153846154
21 0.3894230769230769 0.49399038461538464 0.07692307692307693 0.15144230769230768
21 0.2608173076923077 0.5492788461538461 0.33413461538461536 0.2620192307692308
21 0.203125 0.5108173076923077 0.25721153846153844 0.18509615384615385
21 0.2439903846153846 0.5925480769230769 0.36778846153846156 0.3485576923076923
2 0.9519230769230769 0.8329326923076923 0.09615384615384616 0.33413461538461536
2 0.8581730769230769 0.7319711538461539 0.28365384615384615 0.5360576923076923