24 0.19951923076923078 0.2620192307692308 0.39903846153846156 0.5240384615384616
24 0.7199519230769231 0.25721153846153844 0.5600961538461539 0.5144230769230769
24 0.14903846153846154 0.6730769230769231 0.2980769230769231 0.14903846153846154
24 0.184902111630551 0.8256739822633127 0.31348032774824175 0.2715355114329435
24 0.10336538461538461 0.9314903846153846 0.20673076923076922 0.13701923076923078
14 0.8125 0.9338942307692307 0.1971153846153846 0.13221153846153846
14 0.6796284363384071 0.885843273876723 0.20653394989000587 0.1899767855550197
14 0.6370192307692307 0.6838942307692307 0.1971153846153846 0.17067307692307693
14 0.8227797738692627 0.8287891908877953 0.15651916364368823 0.2061906566486467
14 0.9435096153846154 0.7211538461538461 0.11298076923076923 0.18269230769230768
14 0.8194679442700997 0.7084741934523952 0.18965806993549555 0.15875136317685473