19 0.09615384615384616 0.07211538461538461 0.12980769230769232 0.14423076923076922
19 0.026442307692307692 0.3798076923076923 0.052884615384615384 0.09615384615384616
19 0.04447115384615385 0.31971153846153844 0.0889423076923077 0.11538461538461539
19 0.0829326923076923 0.38221153846153844 0.1466346153846154 0.09134615384615384
19 0.11235409752950151 0.26636989809988815 0.1313466597761393 0.15523579508602153
19 0.17025529578889845 0.1369091182228386 0.14167393913636786 0.147263105059675
19 0.25763492747186906 0.2424640984511751 0.1445203965405131 0.23730938660399126
19 0.7692307692307693 0.21514423076923078 0.46153846153846156 0.4254807692307692
19 0.9483173076923077 0.039663461538461536 0.10336538461538461 0.07932692307692307
24 0.27949253084447956 0.5866365178722248 0.17719418603020068 0.22185375267587057
24 0.4543269230769231 0.5757211538461539 0.16826923076923078 0.20432692307692307
24 0.20432692307692307 0.47836538461538464 0.27884615384615385 0.10096153846153846
19 0.7692307692307693 0.7139423076923077 0.46153846153846156 0.5721153846153846