0 0.25961538461538464 0.07692307692307693 0.25961538461538464 0.15384615384615385
0 0.2548076923076923 0.31490384615384615 0.2692307692307692 0.25
0 0.0625 0.06971153846153846 0.125 0.13942307692307693
0 0.055288461538461536 0.29447115384615385 0.11057692307692307 0.25721153846153844
7 0.5901442307692307 0.3088942307692308 0.22355769230769232 0.2620192307692308
7 0.7728365384615384 0.22956730769230768 0.19471153846153846 0.4206730769230769
7 0.9639423076923077 0.28125 0.07211538461538461 0.3173076923076923
24 0.19471153846153846 0.6310096153846154 0.3894230769230769 0.38221153846153844
24 0.16466346153846154 0.859375 0.3293269230769231 0.28125
7 0.8300916271249347 0.5652330500238919 0.09905512050382889 0.1001885327972594
7 0.5846895229791628 0.5843866482939126 0.10339517732172268 0.1423607576586963
7 0.4593869948833213 0.7430019089673846 0.13344325424479958 0.14323506740144018
7 0.8852034384396332 0.7113909137793623 0.09561718843583095 0.10969900024351467
7 0.7177706637154448 0.8748359773234446 0.09918099837590742 0.10740007125879786