17 0.06490384615384616 0.4110576923076923 0.12980769230769232 0.1778846153846154
17 0.18389423076923078 0.4110576923076923 0.20432692307692307 0.1778846153846154
17 0.29413092130013957 0.36609776314999787 0.18051302557864773 0.2598110137596506
17 0.44167377123756724 0.30354920300457644 0.18497808127487758 0.20130923147544919
17 0.5168269230769231 0.22115384615384615 0.18269230769230768 0.19230769230769232
17 0.5480769230769231 0.14543269230769232 0.1201923076923077 0.18509615384615385
15 0.8040865384615384 0.25 0.3918269230769231 0.5
3 0.3401442307692308 0.7716346153846154 0.44471153846153844 0.4567307692307692
3 0.26322115384615385 0.5709134615384616 0.5264423076923077 0.14182692307692307
3 0.1141826923076923 0.6730769230769231 0.2283653846153846 0.34615384615384615
16 0.8461538461538461 0.6490384615384616 0.3076923076923077 0.2980769230769231
16 0.7872596153846154 0.765625 0.3581730769230769 0.45913461538461536