21 0.23918269230769232 0.12379807692307693 0.47836538461538464 0.24759615384615385
21 0.8377403846153846 0.2091346153846154 0.3245192307692308 0.4182692307692308
21 0.6310096153846154 0.33413461538461536 0.30528846153846156 0.16826923076923078
21 0.6057692307692307 0.14302884615384615 0.2548076923076923 0.2860576923076923
21 0.6346153846153846 0.07451923076923077 0.3125 0.14903846153846154
2 0.08533653846153846 0.6862980769230769 0.17067307692307693 0.21875
2 0.2541440965181457 0.6279798641627247 0.2487972834587454 0.2462691922747837
2 0.08413461538461539 0.8810096153846154 0.16826923076923078 0.22355769230769232
2 0.26358704104851916 0.8471217274317561 0.2707016575852976 0.2652497063677064
2 0.09495192307692307 0.96875 0.18990384615384615 0.0625
2 0.3088942307692308 0.9627403846153846 0.2668269230769231 0.07451923076923077
22 0.7391826923076923 0.7307692307692307 0.5216346153846154 0.5384615384615384