17 0.15384615384615385 0.008413461538461538 0.057692307692307696 0.016826923076923076
17 0.15448576711211415 0.08479432233735906 0.10370847949066112 0.09310748363566877
17 0.22329011559266723 0.19943153259903226 0.08109274289347222 0.08096238635610493
17 0.11298076923076923 0.24759615384615385 0.22596153846153846 0.2403846153846154
3 0.59375 0.18389423076923078 0.5913461538461539 0.36778846153846156
14 0.23677884615384615 0.6105769230769231 0.12259615384615384 0.16346153846153846
14 0.2247596153846154 0.7379807692307693 0.1466346153846154 0.14903846153846154
14 0.12323596547819694 0.6886763568067417 0.2134757296096074 0.15741776151253553
14 0.07091346153846154 0.5300480769230769 0.14182692307692307 0.3245192307692308
17 0.5829326923076923 0.6838942307692307 0.5697115384615384 0.6322115384615384
17 0.96875 0.6838942307692307 0.0625 0.6322115384615384