4 0.17668269230769232 0.39903846153846156 0.18509615384615385 0.3605769230769231
4 0.020432692307692308 0.3088942307692308 0.040865384615384616 0.4735576923076923
4 0.13221153846153846 0.15865384615384615 0.2644230769230769 0.3173076923076923
23 0.5877403846153846 0.18870192307692307 0.47836538461538464 0.37740384615384615
23 0.9014423076923077 0.1466346153846154 0.1971153846153846 0.2932692307692308
23 0.8028846153846154 0.375 0.3942307692307692 0.3125
23 0.5228365384615384 0.43990384615384615 0.4014423076923077 0.27884615384615385
23 0.828125 0.5036057692307693 0.34375 0.15144230769230768
23 0.1346153846153846 0.7896634615384616 0.2692307692307692 0.4206730769230769
9 0.42788461538461536 0.7896634615384616 0.27403846153846156 0.4206730769230769
9 0.6322115384615384 0.9447115384615384 0.13942307692307693 0.11057692307692307
9 0.6394230769230769 0.7572115384615384 0.3076923076923077 0.3557692307692308