15 0.5420673076923077 0.036057692307692304 0.11298076923076923 0.07211538461538461
15 0.5612980769230769 0.0985576923076923 0.07451923076923077 0.08173076923076923
15 0.5100015794405904 0.13630307078228654 0.0714938460027755 0.10264911751959169
15 0.23903045817202836 0.054774281662085075 0.1075095828070236 0.09690681743176992
15 0.3564910696219916 0.20026412886911898 0.11854366060046054 0.13460720432850037
15 0.44591346153846156 0.4074519230769231 0.14182692307692307 0.040865384615384616
15 0.17075939199541396 0.3052109630307579 0.11361010178243515 0.11277669049405585
15 0.1310096153846154 0.4014423076923077 0.0889423076923077 0.052884615384615384
15 0.11818864153148212 0.15467264059718785 0.13815202936222926 0.20029464428166194
15 0.7079326923076923 0.15144230769230768 0.21875 0.25
15 0.6766826923076923 0.3293269230769231 0.15625 0.1971153846153846
16 0.25597625517537725 0.6638105495183267 0.28391337311356923 0.2627109570043707
16 0.4559569964824963 0.7350076869273505 0.28407420254343935 0.2903551877736014
16 0.18946571743312837 0.803572358585162 0.2609999162290494 0.24855928552152962
15 0.7788461538461539 0.7139423076923077 0.3605769230769231 0.5721153846153846