24 0.2644230769230769 0.2692307692307692 0.5288461538461539 0.3798076923076923
24 0.41225961538461536 0.109375 0.23317307692307693 0.19471153846153846
24 0.9435096153846154 0.35336538461538464 0.11298076923076923 0.21153846153846154
24 0.21769699227774528 0.6395185096969404 0.17564195501576416 0.15736037079126974
24 0.30307432506485665 0.7613210235862998 0.19332797888240968 0.14957649043354893
24 0.35538959719105073 0.8375611095828883 0.2041677288092248 0.17996034398635408
24 0.3125 0.9411057692307693 0.27403846153846156 0.11778846153846154
24 0.4879807692307692 0.7668269230769231 0.08173076923076923 0.21153846153846154
24 0.6225961538461539 0.9242788461538461 0.1875 0.15144230769230768
24 0.7115384615384616 0.8930288461538461 0.20192307692307693 0.21394230769230768
24 0.6402617269955886 0.595821950012328 0.13529284890290136 0.1391483691167173
24 0.546875 0.5829326923076923 0.036057692307692304 0.15625
24 0.578125 0.7283653846153846 0.0985576923076923 0.125
24 0.8149038461538461 0.5264423076923077 0.15865384615384615 0.1346153846153846