18 0.1310096153846154 0.056490384615384616 0.2620192307692308 0.11298076923076923
18 0.33653846153846156 0.10336538461538461 0.2692307692307692 0.20673076923076922
18 0.13581730769230768 0.1814903846153846 0.27163461538461536 0.21394230769230768
14 0.5661057692307693 0.03245192307692308 0.10336538461538461 0.06490384615384616
14 0.546875 0.10336538461538461 0.14182692307692307 0.125
14 0.5625 0.2848557692307692 0.11057692307692307 0.14182692307692307
23 0.7391826923076923 0.203125 0.24278846153846154 0.31009615384615385
1 0.2127403846153846 0.7055288461538461 0.4254807692307692 0.5889423076923077
23 0.703125 0.7115384615384616 0.17067307692307693 0.3269230769230769
23 0.875 0.6947115384615384 0.25 0.375
23 0.7536057692307693 0.453125 0.27163461538461536 0.18990384615384615
23 0.8894230769230769 0.47836538461538464 0.22115384615384615 0.10576923076923077