24 0.22867177399637886 0.2054398962481835 0.276753807882944 0.31015712868167766
24 0.3629807692307692 0.12620192307692307 0.17307692307692307 0.25240384615384615
24 0.3545673076923077 0.3701923076923077 0.18990384615384615 0.1971153846153846
11 0.5372596153846154 0.21875 0.17548076923076922 0.35096153846153844
11 0.6610576923076923 0.16706730769230768 0.20673076923076922 0.33413461538461536
11 0.7848557692307693 0.15144230769230768 0.21875 0.30288461538461536
11 0.48197115384615385 0.16826923076923078 0.06490384615384616 0.33653846153846156
19 0.171875 0.7956730769230769 0.34375 0.375
19 0.1346153846153846 0.7127403846153846 0.2692307692307692 0.4206730769230769
19 0.125 0.5528846153846154 0.25 0.16826923076923078
2 0.8377403846153846 0.7463942307692307 0.3245192307692308 0.3581730769230769
2 0.8125 0.5540865384615384 0.36538461538461536 0.17067307692307693
2 0.7920673076923077 0.8834134615384616 0.34375 0.23317307692307693