7 0.12860576923076922 0.18629807692307693 0.25721153846153844 0.37259615384615385
7 0.23317307692307693 0.2620192307692308 0.3701923076923077 0.3125
7 0.3004807692307692 0.27163461538461536 0.23557692307692307 0.2932692307692308
0 0.8197115384615384 0.125 0.3605769230769231 0.25
0 0.6153846153846154 0.21875 0.3942307692307692 0.39903846153846156
0 0.38822115384615385 0.7848557692307693 0.06009615384615385 0.43028846153846156
0 0.22596153846153846 0.5661057692307693 0.38461538461538464 0.2956730769230769
0 0.10336538461538461 0.7355769230769231 0.20673076923076922 0.5048076923076923
17 0.6526442307692307 0.6706730769230769 0.46875 0.5048076923076923
17 0.8942307692307693 0.4387019230769231 0.11057692307692307 0.040865384615384616
17 0.9339860957440228 0.5531456840446396 0.05179334011742726 0.07399437075844066
17 0.8617788461538461 0.9326923076923077 0.15144230769230768 0.1346153846153846
17 0.7331730769230769 0.9867788461538461 0.08173076923076923 0.026442307692307692
17 0.42788461538461536 0.9110576923076923 0.019230769230769232 0.10096153846153846