10 0.20793269230769232 0.28966346153846156 0.41586538461538464 0.5168269230769231
10 0.2403846153846154 0.24759615384615385 0.36538461538461536 0.4951923076923077
23 0.8125 0.45072115384615385 0.22115384615384615 0.19471153846153846
23 0.6586538461538461 0.44591346153846156 0.24519230769230768 0.20432692307692307
23 0.5745192307692307 0.35336538461538464 0.21153846153846154 0.2980769230769231
23 0.8066911089919695 0.2687267869940869 0.2552424584832902 0.26293293112471466
23 0.7896634615384616 0.08774038461538461 0.27163461538461536 0.17548076923076922
23 0.6225961538461539 0.17307692307692307 0.3076923076923077 0.34615384615384615
12 0.7295673076923077 0.9014423076923077 0.5216346153846154 0.1971153846153846
12 0.7043269230769231 0.7692307692307693 0.47115384615384615 0.25961538461538464
12 0.5829326923076923 0.8413461538461539 0.2283653846153846 0.23557692307692307
12 0.5709134615384616 0.6971153846153846 0.20432692307692307 0.2403846153846154