23 0.24879807692307693 0.3894230769230769 0.49759615384615385 0.39903846153846156
23 0.3473557692307692 0.18269230769230768 0.4831730769230769 0.36538461538461536
23 0.5216346153846154 0.26322115384615385 0.1346153846153846 0.5264423076923077
23 0.47475961538461536 0.48197115384615385 0.2283653846153846 0.21394230769230768
18 0.7944711538461539 0.3125 0.4110576923076923 0.5528846153846154
12 0.3641826923076923 0.6466346153846154 0.15144230769230768 0.11538461538461539
12 0.26236266873584274 0.7444244146386656 0.2268635817855929 0.16689021935722567
12 0.29440283071737877 0.8818794654335682 0.2344457271942234 0.2309700831501323
12 0.06009615384615385 0.6322115384615384 0.1201923076923077 0.08653846153846154
12 0.03245192307692308 0.7139423076923077 0.06490384615384616 0.14903846153846154
23 0.7896634615384616 0.7944711538461539 0.4014423076923077 0.4110576923076923