21 0.2283653846153846 0.45552884615384615 0.40865384615384615 0.20432692307692307
21 0.2778609967569976 0.35022870871281875 0.3826641642790066 0.3039508318970177
21 0.3599284717684827 0.2897540649630775 0.32869053103707296 0.3565750706597563
21 0.18028846153846154 0.5360576923076923 0.24519230769230768 0.04326923076923077
21 0.6802884615384616 0.41586538461538464 0.24519230769230768 0.28365384615384615
21 0.8665865384615384 0.24759615384615385 0.2668269230769231 0.4182692307692308
21 0.6947115384615384 0.15865384615384615 0.27403846153846156 0.3173076923076923
21 0.9110576923076923 0.06009615384615385 0.1778846153846154 0.1201923076923077
2 0.030048076923076924 0.7247596153846154 0.06009615384615385 0.28125
2 0.04447115384615385 0.921875 0.0889423076923077 0.15625
2 0.18990384615384615 0.7788461538461539 0.3798076923076923 0.4423076923076923
14 0.8185096153846154 0.8629807692307693 0.3629807692307692 0.27403846153846156