22 0.09975961538461539 0.12980769230769232 0.19951923076923078 0.25961538461538464
2 0.6767818527215669 0.25711027071196063 0.20589898673406937 0.18501392412964918
2 0.6382211538461539 0.38100961538461536 0.18509615384615385 0.09375
2 0.8293269230769231 0.3233173076923077 0.19230769230769232 0.2091346153846154
19 0.11899038461538461 0.6802884615384616 0.23798076923076922 0.5048076923076923
19 0.28966346153846156 0.734375 0.036057692307692304 0.09375
19 0.22209239719264195 0.7689328604392341 0.12426359932776385 0.1179851025804189
10 0.5360576923076923 0.8882211538461539 0.4567307692307692 0.22355769230769232
10 0.6069711538461539 0.9050480769230769 0.3918269230769231 0.18990384615384615
10 0.7279837554187301 0.7209809660676962 0.15833716626877029 0.13039593130293609
10 0.5048076923076923 0.7548076923076923 0.3942307692307692 0.22115384615384615
10 0.8383393804350412 0.6572222583607039 0.12212685285205592 0.1600104533491601
10 0.7512858162849555 0.604170657347137 0.16148124263366326 0.11721673438034859
10 0.5204326923076923 0.625 0.4254807692307692 0.2548076923076923