7 0.3545673076923077 0.13942307692307693 0.10817307692307693 0.21153846153846154
7 0.24639423076923078 0.04447115384615385 0.10817307692307693 0.0889423076923077
7 0.3204371419282478 0.056490384615384616 0.07993070243811587 0.10336538461538461
7 0.23788553281669825 0.1935096153846154 0.06677949337138145 0.10576923076923077
7 0.1800533355655515 0.18870192307692307 0.04257903171116258 0.05889423076923077
7 0.15999609080853963 0.11899038461538461 0.06827405739277409 0.07451923076923077
6 0.8449519230769231 0.0829326923076923 0.31009615384615385 0.1658653846153846
6 0.6814903846153846 0.20072115384615385 0.3293269230769231 0.19471153846153846
7 0.12379807692307693 0.6490384615384616 0.24759615384615385 0.7019230769230769
20 0.6057692307692307 0.7716346153846154 0.3942307692307692 0.42788461538461536
20 0.5661057692307693 0.32572115384615385 0.14182692307692307 0.055288461538461536
20 0.5120192307692307 0.3762019230769231 0.1346153846153846 0.15625