7 0.32425601157930256 0.39101199618035515 0.15592571198670305 0.3013268718835644
7 0.14182692307692307 0.41466346153846156 0.28365384615384615 0.2668269230769231
7 0.13878971715292548 0.20727779348584513 0.22191317310954545 0.12626565768723902
7 0.7776442307692307 0.02283653846153846 0.44471153846153844 0.04567307692307692
7 0.828125 0.057692307692307696 0.34375 0.11538461538461539
7 0.8245192307692307 0.18509615384615385 0.35096153846153844 0.18269230769230768
7 0.84375 0.2956730769230769 0.3125 0.24519230769230768
7 0.8016826923076923 0.39783653846153844 0.3581730769230769 0.3004807692307692
7 0.6682692307692307 0.40625 0.21153846153846154 0.28365384615384615
7 0.59375 0.39663461538461536 0.09134615384615384 0.30288461538461536
17 0.2704326923076923 0.7740384615384616 0.49278846153846156 0.4519230769230769
7 0.8401442307692307 0.7283653846153846 0.31971153846153844 0.33653846153846156