11 0.3161057692307692 0.3713942307692308 0.2668269230769231 0.4831730769230769
7 0.7652333872587158 0.0829364199477034 0.12004588421507816 0.09297162724904787
7 0.9033762185566128 0.14554323943919892 0.08803489197346928 0.10025184266217615
7 0.9284020787657953 0.2554486092566653 0.05438615662926502 0.0762820580753046
7 0.9364018239207788 0.40809284002589596 0.05312635424265339 0.05224359653684292
7 0.49986545854568026 0.07414143111138667 0.09050683905628805 0.07874314351370898
7 0.8634998930155746 0.5334591510673088 0.22029408812541199 0.17445439354633135
7 0.609375 0.5012019230769231 0.31971153846153844 0.25240384615384615
7 0.6225961538461539 0.6189903846153846 0.34615384615384615 0.18028846153846154
7 0.5012019230769231 0.6334134615384616 0.10336538461538461 0.15144230769230768
10 0.09975961538461539 0.8545673076923077 0.19951923076923078 0.29086538461538464
10 0.20552884615384615 0.8545673076923077 0.4110576923076923 0.29086538461538464
10 0.2247596153846154 0.8545673076923077 0.4495192307692308 0.29086538461538464
10 0.7247596153846154 0.7800480769230769 0.5504807692307693 0.14182692307692307
10 0.7247596153846154 0.8545673076923077 0.5504807692307693 0.29086538461538464
10 0.7728365384615384 0.8545673076923077 0.4543269230769231 0.29086538461538464