11 0.13221153846153846 0.09254807692307693 0.2644230769230769 0.18509615384615385
11 0.08582452984213443 0.24135738590289313 0.09118712974437411 0.12912322043991672
11 0.16218115634085814 0.20935298819604362 0.109656548450495 0.1544684938139123
11 0.21983758803465037 0.13878216326904452 0.15588117944475607 0.11748158920168546
11 0.35336538461538464 0.15985576923076922 0.13942307692307693 0.31971153846153844
11 0.4807692307692308 0.12740384615384615 0.18269230769230768 0.2548076923076923
10 0.8978365384615384 0.31971153846153844 0.20432692307692307 0.6394230769230769
10 0.7692307692307693 0.31971153846153844 0.3798076923076923 0.6394230769230769
10 0.6646634615384616 0.22235576923076922 0.17067307692307693 0.44471153846153844
11 0.28365384615384615 0.9230769230769231 0.3557692307692308 0.15384615384615385
11 0.25142599212900724 0.8163381272100122 0.37118716408458086 0.19685126913720224
11 0.30528846153846156 0.7427884615384616 0.3798076923076923 0.20673076923076922
10 0.8509615384615384 0.8689903846153846 0.2980769230769231 0.2620192307692308
10 0.8100961538461539 0.8197115384615384 0.3798076923076923 0.3605769230769231
10 0.7668269230769231 0.7680288461538461 0.375 0.25721153846153844
22 0.6826923076923077 0.8689903846153846 0.20673076923076922 0.2620192307692308