25 0.1814903846153846 0.44350961538461536 0.3629807692307692 0.4110576923076923
25 0.29086538461538464 0.2620192307692308 0.2980769230769231 0.5240384615384616
25 0.1894507956234859 0.3435438226371413 0.21797540379985436 0.5599104272005059
24 0.6264354585139665 0.22464121544249005 0.20063473414927843 0.17024247721514302
24 0.5298583305929389 0.11120132260854049 0.1503637992567677 0.17539708195347797
24 0.9447115384615384 0.40625 0.11057692307692307 0.21634615384615385
24 0.9206730769230769 0.25 0.15865384615384615 0.16826923076923078
24 0.8282150327875399 0.11373164188254749 0.15306028635508334 0.14429400579084967
24 0.9519230769230769 0.12139423076923077 0.09615384615384616 0.15625
17 0.23197115384615385 0.8245192307692307 0.41586538461538464 0.35096153846153844
25 0.5997596153846154 0.8245192307692307 0.31971153846153844 0.35096153846153844