20 0.4675480769230769 0.5456730769230769 0.17067307692307693 0.0673076923076923
20 0.452635146766579 0.48528258428752424 0.16423695197396965 0.13978854395495743
20 0.46714600111038934 0.2813542744721831 0.16864875723856196 0.1891093493994966
20 0.3073983529087156 0.48755173950830044 0.16847939116668278 0.1554764828909967
20 0.29927884615384615 0.06370192307692307 0.1658653846153846 0.12740384615384615
20 0.2777849658370148 0.23240837287506538 0.1607515742026225 0.172156548450495
20 0.2959525555413483 0.3540333797431068 0.1519728481424528 0.133569132116878
20 0.43990384615384615 0.05889423076923077 0.16346153846153846 0.11778846153846154
20 0.40943534132701626 0.19146788273928672 0.16840388417627603 0.18309973401488122
20 0.4467806355062196 0.3710789123344856 0.15717642749324506 0.08441616383511039
18 0.8293269230769231 0.33533653846153844 0.34134615384615385 0.4879807692307692
4 0.40384615384615385 0.7896634615384616 0.5096153846153846 0.4206730769230769
23 0.8293269230769231 0.7896634615384616 0.34134615384615385 0.4206730769230769