5 0.054086538461538464 0.46875 0.10817307692307693 0.10096153846153846
5 0.26699413648514536 0.4124580216540419 0.0894816951791373 0.10692180023640073
5 0.2183866389823845 0.45494215708713115 0.0940795910333653 0.09529501795219932
5 0.12355178071654833 0.33148717503933056 0.2381783990998786 0.16826843730489913
5 0.7560096153846154 0.3016826923076923 0.4879807692307692 0.43509615384615385
5 0.6009615384615384 0.10096153846153846 0.21153846153846154 0.20192307692307693
5 0.49278846153846156 0.19110576923076922 0.1875 0.19951923076923078
5 0.19951923076923078 0.7596153846153846 0.39903846153846156 0.4807692307692308
8 0.7872596153846154 0.7355769230769231 0.28125 0.4326923076923077
8 0.5997596153846154 0.9146634615384616 0.4014423076923077 0.17067307692307693
4 0.7764423076923077 0.9651442307692307 0.3125 0.06971153846153846
4 0.484375 0.6382211538461539 0.17067307692307693 0.23798076923076922