11 0.36899038461538464 0.17908653846153846 0.7379807692307693 0.3581730769230769
14 0.8990384615384616 0.078125 0.20192307692307693 0.15625
14 0.8689903846153846 0.16466346153846154 0.2620192307692308 0.3293269230769231
11 0.18558417676622382 0.7829968325835401 0.15751102858434918 0.3797729796428584
11 0.2761609380387631 0.7528324543444834 0.15061785472086286 0.26664528657471737
11 0.3641826923076923 0.9002403846153846 0.18509615384615385 0.19951923076923078
11 0.25600961538461536 0.9663461538461539 0.16105769230769232 0.0673076923076923
11 0.14423076923076922 0.9747596153846154 0.16346153846153846 0.05048076923076923
11 0.4771176498767583 0.6700365140699819 0.10792104401377965 0.24329655975409908
11 0.8689903846153846 0.6105769230769231 0.2620192307692308 0.2548076923076923
11 0.8689903846153846 0.44350961538461536 0.2620192307692308 0.17067307692307693