16 0.07692307692307693 0.328125 0.15384615384615385 0.23317307692307693
16 0.0889423076923077 0.4855769230769231 0.1778846153846154 0.0673076923076923
16 0.17041382023407997 0.33506142362370167 0.1801450782654156 0.15363018510017395
16 0.27164453195890026 0.39934992239369677 0.14323868279305266 0.08973946225775105
16 0.14182692307692307 0.4495192307692308 0.28365384615384615 0.13942307692307693
22 0.6237980769230769 0.203125 0.53125 0.40625
16 0.140625 0.8149038461538461 0.28125 0.3701923076923077
16 0.08653846153846154 0.6766826923076923 0.17307692307692307 0.31490384615384615
16 0.17908653846153846 0.6514423076923077 0.3581730769230769 0.2644230769230769
14 0.5658717825331074 0.7983899866424571 0.3393784543206508 0.2831100273193679
14 0.8641826923076923 0.7908653846153846 0.27163461538461536 0.28365384615384615