19 0.23918269230769232 0.18389423076923078 0.43509615384615385 0.36778846153846156
19 0.4639423076923077 0.28365384615384615 0.1875 0.16826923076923078
19 0.4170673076923077 0.125 0.28125 0.25
19 0.7788461538461539 0.2247596153846154 0.4423076923076923 0.2860576923076923
24 0.5 0.9711538461538461 0.11538461538461539 0.057692307692307696
24 0.5240384615384616 0.9182692307692307 0.0673076923076923 0.10096153846153846
24 0.5288461538461539 0.8100961538461539 0.057692307692307696 0.11057692307692307
24 0.5264423076923077 0.7115384615384616 0.0625 0.07692307692307693
24 0.5180288461538461 0.6466346153846154 0.07932692307692307 0.11057692307692307
24 0.5120192307692307 0.5649038461538461 0.09134615384615384 0.10576923076923077
24 0.22115384615384615 0.9591346153846154 0.1346153846153846 0.08173076923076923
24 0.09495192307692307 0.8707352215027289 0.13822115384615385 0.14944488719825097
24 0.16947115384615385 0.7364546502105616 0.16706730769230768 0.15458823489447446
24 0.2283653846153846 0.6047597384076948 0.13221153846153846 0.11812495899230686
24 0.33413461538461536 0.555452078906157 0.13942307692307693 0.1458531036086705
24 0.4266826923076923 0.4930771076115422 0.0985576923076923 0.11412759180825109
24 0.4423076923076923 0.7416933711991647 0.09975961538461539 0.09611273129559382
24 0.4567307692307692 0.6537851588895145 0.12139423076923077 0.1047779343754538
24 0.3737980769230769 0.8807117065930803 0.11658653846153846 0.10832776104146766
24 0.3004807692307692 0.734930215320982 0.1310096153846154 0.12892828104342569
24 0.24278846153846154 0.8569957568672752 0.109375 0.125070770271258
24 0.3245192307692308 0.9591346153846154 0.12980769230769232 0.08173076923076923
24 0.484375 0.8409634891421719 0.08173076923076923 0.09710486975468481
24 0.3425480769230769 0.6635272563409124 0.11298076923076923 0.10468003488713219
24 0.359375 0.7823218419796537 0.12139423076923077 0.09275870360622303
21 0.8125 0.7451923076923077 0.22596153846153846 0.5096153846153846
21 0.7367788461538461 0.7026872347965768 0.2776442307692308 0.5597210677299983
21 0.7608173076923077 0.49759615384615385 0.07451923076923077 0.25961538461538464