14 0.109375 0.39903846153846156 0.21875 0.10096153846153846
14 0.06370192307692307 0.23798076923076922 0.12740384615384615 0.3125
14 0.18206691382003123 0.22727078854094543 0.19361155150921514 0.31081625961062626
14 0.3401442307692308 0.28725961538461536 0.2860576923076923 0.3245192307692308
14 0.4879807692307692 0.24158653846153846 0.28365384615384615 0.3581730769230769
15 0.8149038461538461 0.3425480769230769 0.3701923076923077 0.21394230769230768
15 0.8149038461538461 0.15625 0.3701923076923077 0.3125
15 0.8149038461538461 0.052884615384615384 0.3701923076923077 0.10576923076923077
15 0.23798076923076922 0.4855769230769231 0.25 0.07211538461538461
15 0.5244268198597285 0.6336978768760275 0.17714298628503292 0.10990613540648066
15 0.3146903217338235 0.6917221279975398 0.1693618480989298 0.08194695404059697
15 0.4687800004685258 0.8380094675240243 0.19002560859812034 0.08662355529998596
15 0.4483173076923077 0.9242788461538461 0.3629807692307692 0.15144230769230768
16 0.8149038461538461 0.7103365384615384 0.3701923076923077 0.5216346153846154