2 0.21634615384615385 0.33774038461538464 0.36538461538461536 0.16105769230769232
2 0.17067307692307693 0.18629807692307693 0.2403846153846154 0.37259615384615385
2 0.3786057692307692 0.27283653846153844 0.18028846153846154 0.29086538461538464
2 0.3942307692307692 0.13701923076923078 0.14903846153846154 0.27403846153846156
1 0.40384615384615385 0.09975961538461539 0.12980769230769232 0.19951923076923078
1 0.25600961538461536 0.037259615384615384 0.06490384615384616 0.07451923076923077
1 0.21454469502772378 0.3193149445093777 0.06677817585315182 0.08393031259769729
1 0.38100961538461536 0.39903846153846156 0.06009615384615385 0.038461538461538464
2 0.734375 0.15985576923076922 0.53125 0.31971153846153844
11 0.1201923076923077 0.5348557692307693 0.2403846153846154 0.22355769230769232
11 0.13341346153846154 0.6346153846153846 0.2668269230769231 0.13942307692307693
11 0.10096153846153846 0.7451923076923077 0.20192307692307693 0.14423076923076922
11 0.316293555209348 0.5153476150732328 0.3016297569845622 0.1682657803632142
11 0.3545673076923077 0.6237980769230769 0.2283653846153846 0.13701923076923078
11 0.34615384615384615 0.7704326923076923 0.24519230769230768 0.1658653846153846
14 0.84375 0.8473557692307693 0.2932692307692308 0.30528846153846156
14 0.6442307692307693 0.8413461538461539 0.21634615384615385 0.3173076923076923
14 0.5240384615384616 0.8533653846153846 0.11057692307692307 0.2932692307692308