18 0.25 0.36538461538461536 0.21634615384615385 0.22596153846153846
18 0.17908653846153846 0.1875 0.3581730769230769 0.375
18 0.7920673076923077 0.1045673076923077 0.28125 0.2091346153846154
18 0.7824519230769231 0.40865384615384615 0.2668269230769231 0.13942307692307693
18 0.7336577449882865 0.27839681314447245 0.2748444749506656 0.2792639349803325
18 0.47836538461538464 0.1935096153846154 0.2403846153846154 0.30528846153846156
18 0.5685096153846154 0.09014423076923077 0.22355769230769232 0.18028846153846154
18 0.5366527874412121 0.33153997932841806 0.32503266454364305 0.21517642885487476
18 0.5564903846153846 0.41586538461538464 0.39663461538461536 0.125
18 0.4170673076923077 0.039663461538461536 0.11778846153846154 0.07932692307692307
23 0.29086538461538464 0.7391826923076923 0.1346153846153846 0.5216346153846154
24 0.13701923076923078 0.7776442307692307 0.27403846153846156 0.44471153846153844
24 0.1466346153846154 0.578125 0.2932692307692308 0.19951923076923078
18 0.6790865384615384 0.7391826923076923 0.6418269230769231 0.5216346153846154