5 0.578125 0.19230769230769232 0.14182692307692307 0.21153846153846154
5 0.5673076923076923 0.36177884615384615 0.16346153846153846 0.15625
5 0.3545673076923077 0.2283653846153846 0.34375 0.4230769230769231
5 0.8353365384615384 0.21754807692307693 0.2860576923076923 0.43509615384615385
5 0.6790865384615384 0.2824519230769231 0.06009615384615385 0.31490384615384615
8 0.20545384441284037 0.629286554697395 0.23951974654653904 0.1939109584150115
8 0.3717125021731347 0.5650303477804737 0.20275383049728413 0.24850709165704138
8 0.1658653846153846 0.4879807692307692 0.2403846153846154 0.09615384615384616
7 0.25841346153846156 0.4879807692307692 0.12740384615384615 0.09615384615384616
7 0.32346871238041375 0.746325832295563 0.17918185384234706 0.14242316620761442
7 0.4620457033003572 0.5670626436102617 0.11750583620328665 0.13414166583340867
5 0.9375 0.7199519230769231 0.125 0.5600961538461539