5 0.15264423076923078 0.1622596153846154 0.30528846153846156 0.3245192307692308
5 0.046875 0.35096153846153844 0.09375 0.30288461538461536
5 0.17510743153102556 0.45695201634198146 0.3351201892944987 0.3009539507130772
5 0.2704326923076923 0.08533653846153846 0.23798076923076922 0.17067307692307693
5 0.32211538461538464 0.19951923076923078 0.1346153846153846 0.25961538461538464
5 0.3401442307692308 0.4651442307692308 0.0985576923076923 0.24278846153846154
5 0.28725961538461536 0.5877403846153846 0.20432692307692307 0.10336538461538461
5 0.7728365384615384 0.21033653846153846 0.4543269230769231 0.4206730769230769
5 0.6057692307692307 0.390625 0.4326923076923077 0.49278846153846156
5 0.5985576923076923 0.1346153846153846 0.4182692307692308 0.2692307692307692
16 0.0733173076923077 0.8004807692307693 0.1466346153846154 0.32211538461538464
16 0.8149038461538461 0.7680288461538461 0.3701923076923077 0.25721153846153844
16 0.9447115384615384 0.8725961538461539 0.11057692307692307 0.2548076923076923