20 0.30528846153846156 0.20432692307692307 0.3076923076923077 0.40865384615384615
0 0.8930288461538461 0.48677884615384615 0.18990384615384615 0.10336538461538461
0 0.7091346153846154 0.5036057692307693 0.1971153846153846 0.06971153846153846
0 0.6177884615384616 0.44471153846153844 0.07692307692307693 0.1875
0 0.9423076923076923 0.4387019230769231 0.11538461538461539 0.11778846153846154
0 0.9411057692307693 0.29086538461538464 0.11778846153846154 0.14903846153846154
0 0.9783653846153846 0.23317307692307693 0.04326923076923077 0.21634615384615385
0 0.9212611545523722 0.1599988263295149 0.13640578205376877 0.0668679608766757
0 0.8490716403393166 0.320560045179782 0.1648590906827274 0.17996061144996334
0 0.723850640108884 0.39071131507233703 0.1902467426630396 0.1524772101106027
0 0.7344231634132558 0.240603789551193 0.15919296690555412 0.15469924908285643
0 0.6310096153846154 0.18870192307692307 0.10336538461538461 0.12740384615384615
0 0.5985576923076923 0.2668269230769231 0.038461538461538464 0.13942307692307693
20 0.40865384615384615 0.7692307692307693 0.34134615384615385 0.46153846153846156
20 0.8016826923076923 0.8149038461538461 0.39663461538461536 0.3701923076923077
20 0.9158653846153846 0.6875 0.16826923076923078 0.2980769230769231