19 0.31009615384615385 0.38221153846153844 0.18269230769230768 0.17307692307692307
19 0.4411057692307692 0.4423076923076923 0.07451923076923077 0.052884615384615384
24 0.5216346153846154 0.23557692307692307 0.08653846153846154 0.27884615384615385
24 0.6382211538461539 0.11298076923076923 0.25721153846153844 0.22596153846153846
24 0.5384615384615384 0.3870192307692308 0.1201923076923077 0.16346153846153846
24 0.6694711538461539 0.3293269230769231 0.28125 0.27884615384615385
24 0.8075222480002912 0.17687400934909123 0.16625684126999937 0.3058845412603778
24 0.8157157011387347 0.40166327193088264 0.09823838158991932 0.13269234332209834
19 0.3016826923076923 0.7379807692307693 0.35336538461538464 0.5240384615384616
19 0.22716346153846154 0.609375 0.31490384615384615 0.28125
19 0.24519230769230768 0.9026442307692307 0.30288461538461536 0.19471153846153846
24 0.7379807692307693 0.6923076923076923 0.5192307692307693 0.44711538461538464
24 0.9399038461538461 0.6225961538461539 0.1201923076923077 0.3076923076923077
24 0.8257211538461539 0.8786057692307693 0.3485576923076923 0.24278846153846154