12 0.21754807692307693 0.17908653846153846 0.3245192307692308 0.3581730769230769
12 0.8473557692307693 0.17908653846153846 0.30528846153846156 0.3581730769230769
12 0.421875 0.8413461538461539 0.17548076923076922 0.3173076923076923
12 0.31518601835889015 0.6307772574053724 0.2924023582633014 0.502852172879069
18 0.9831730769230769 0.8016826923076923 0.03365384615384615 0.12740384615384615
18 0.5336538461538461 0.8737980769230769 0.04807692307692308 0.16105769230769232
18 0.5955582267777039 0.8696662611889538 0.12068365259626687 0.16655065783830955
18 0.6912863967324443 0.8246426932141157 0.1743505981508771 0.14282686257568117
18 0.8491430163631267 0.8693927490614161 0.18038119318083873 0.14406374857214116
18 0.7316753327970388 0.9205517989312029 0.13026316121313614 0.09570012955501475
18 0.7779656324961534 0.7472231428336135 0.19130339909987845 0.150136297211923
18 0.889723499004653 0.7477747556071486 0.10293362512410144 0.11356814627899066
18 0.8756090334695951 0.6613271976594832 0.1608567089152197 0.12712494415269965
18 0.6128764947585862 0.7037169655666806 0.17221948738653425 0.15843787740786625
18 0.5276442307692307 0.7307692307692307 0.036057692307692304 0.14903846153846154
18 0.5576923076923077 0.6069711538461539 0.09615384615384616 0.16105769230769232
18 0.7216938573952245 0.5973253948296914 0.18238034278092577 0.18974381807912538