2 0.15144230769230768 0.24759615384615385 0.30288461538461536 0.32211538461538464
2 0.14903846153846154 0.06490384615384616 0.2980769230769231 0.12980769230769232
8 0.7259615384615384 0.3161057692307692 0.3942307692307692 0.18509615384615385
8 0.046875 0.5348557692307693 0.09375 0.25240384615384615
8 0.21634615384615385 0.5456730769230769 0.28365384615384615 0.27403846153846156
8 0.18464552072378956 0.8450998027648987 0.30186815559244695 0.29988486765780537
19 0.47596153846153844 0.8088942307692307 0.23557692307692307 0.3389423076923077
19 0.765519478018719 0.78472706051107 0.40576411463366924 0.26629362982565874
19 0.5204326923076923 0.6730769230769231 0.3245192307692308 0.15865384615384615
19 0.8130177840869339 0.8871671104572064 0.25034448738653425 0.16898389927985122
19 0.6212136032675557 0.9249701390240812 0.10727976523417262 0.09146474263485817