19 0.43509615384615385 0.35216346153846156 0.16826923076923078 0.4110576923076923
19 0.171875 0.3161057692307692 0.34375 0.4831730769230769
19 0.32211538461538464 0.08533653846153846 0.3942307692307692 0.17067307692307693
19 0.9194711538461539 0.21033653846153846 0.16105769230769232 0.2668269230769231
19 0.8541456164609927 0.33052884615384615 0.17657054895723417 0.2439903846153846
19 0.8365384615384616 0.4675480769230769 0.21153846153846154 0.18028846153846154
2 0.4170673076923077 0.8028846153846154 0.20432692307692307 0.3701923076923077
2 0.20552884615384615 0.7199519230769231 0.3389423076923077 0.3245192307692308
2 0.21153846153846154 0.9362980769230769 0.3557692307692308 0.12740384615384615
19 0.9014423076923077 0.7391826923076923 0.1971153846153846 0.3629807692307692
19 0.6610576923076923 0.7788461538461539 0.28365384615384615 0.4423076923076923