17 0.2644230769230769 0.2439903846153846 0.5288461538461539 0.4879807692307692
17 0.5456730769230769 0.4254807692307692 0.03365384615384615 0.07211538461538461
17 0.5540865384615384 0.328125 0.05048076923076923 0.0889423076923077
17 0.8269230769230769 0.31009615384615385 0.34134615384615385 0.3557692307692308
17 0.6418269230769231 0.057692307692307696 0.22596153846153846 0.11538461538461539
17 0.5961538461538461 0.14423076923076922 0.1346153846153846 0.28846153846153844
22 0.3641826923076923 0.7680288461538461 0.3293269230769231 0.4639423076923077
22 0.171875 0.7439903846153846 0.34375 0.5120192307692307
3 0.7151442307692307 0.6418269230769231 0.37259615384615385 0.3076923076923077
3 0.8389423076923077 0.5276442307692307 0.32211538461538464 0.07932692307692307
3 0.7367788461538461 0.8701923076923077 0.39663461538461536 0.25961538461538464
3 0.9266826923076923 0.9014423076923077 0.1466346153846154 0.1971153846153846