20 0.38822115384615385 0.2692307692307692 0.31971153846153844 0.38461538461538464
25 0.828125 0.23677884615384615 0.34375 0.4735576923076923
7 0.24519230769230768 0.7884615384615384 0.4519230769230769 0.4230769230769231
20 0.7739887120959603 0.6758742822347721 0.16765468474052897 0.10582270063119435
20 0.6190175535958649 0.6671645666611765 0.1266284706952744 0.07698940861183196
20 0.5817307692307693 0.8137019230769231 0.0673076923076923 0.1466346153846154
20 0.8040865384615384 0.9759615384615384 0.13701923076923078 0.04807692307692308
20 0.6814903846153846 0.9555288461538461 0.2668269230769231 0.0889423076923077
24 0.6862980769230769 0.9783653846153846 0.18990384615384615 0.04326923076923077
11 0.9194711538461539 0.9591346153846154 0.11298076923076923 0.08173076923076923
11 0.7211538461538461 0.9158653846153846 0.34615384615384615 0.11538461538461539
11 0.9254807692307693 0.7920673076923077 0.14903846153846154 0.2956730769230769