6 0.34974057735154235 0.1844359302800166 0.3009160082382503 0.26832219068720364
6 0.14783653846153846 0.17307692307692307 0.23798076923076922 0.34615384615384615
6 0.07211538461538461 0.06009615384615385 0.14423076923076922 0.1201923076923077
6 0.49759615384615385 0.07572115384615384 0.125 0.15144230769230768
6 0.4809171783651093 0.2625859046340174 0.15918698464964884 0.2651584219172997
6 0.46274038461538464 0.3786057692307692 0.18509615384615385 0.07932692307692307
6 0.16346153846153846 0.35697115384615385 0.23557692307692307 0.12259615384615384
6 0.040865384615384616 0.31850961538461536 0.08173076923076923 0.19951923076923078
6 0.9314903846153846 0.24519230769230768 0.13701923076923078 0.34615384615384615
7 0.3870192307692308 0.6947115384615384 0.46153846153846156 0.5528846153846154
24 0.7536057692307693 0.6382211538461539 0.27163461538461536 0.43990384615384615