21 0.19591346153846154 0.19591346153846154 0.3918269230769231 0.3918269230769231
21 0.32572115384615385 0.40865384615384615 0.2668269230769231 0.08173076923076923
21 0.44350961538461536 0.3473557692307692 0.15144230769230768 0.20432692307692307
22 0.640625 0.27524038461538464 0.24278846153846154 0.3485576923076923
22 0.9663461538461539 0.27524038461538464 0.0673076923076923 0.25721153846153844
1 0.7574973129582462 0.3786057692307692 0.1665918235153587 0.13581730769230768
1 0.8567814441659126 0.24278846153846154 0.11409900503040103 0.14543269230769232
1 0.8065332775671029 0.06009615384615385 0.06244693524410066 0.057692307692307696
1 0.8689169762511232 0.15144230769230768 0.05383757525581027 0.052884615384615384
1 0.8884599452477011 0.055288461538461536 0.0463811637319856 0.046875
1 0.9675480769230769 0.11057692307692307 0.06490384615384616 0.11057692307692307
10 0.203125 0.5612980769230769 0.40625 0.22355769230769232
10 0.27163461538461536 0.5997596153846154 0.4951923076923077 0.3004807692307692
2 0.7704326923076923 0.8834134615384616 0.19951923076923078 0.23317307692307693
2 0.7580176816042103 0.6754807692307693 0.15493376712439372 0.23317307692307693
2 0.8858888316481213 0.6935096153846154 0.1908710679726642 0.20072115384615385
2 0.8076801443708299 0.5480769230769231 0.17662144726490858 0.17548076923076922