16 0.33052884615384615 0.27403846153846156 0.65625 0.5480769230769231
16 0.8641826923076923 0.33774038461538464 0.27163461538461536 0.4206730769230769
16 0.8978365384615384 0.09014423076923077 0.20432692307692307 0.18028846153846154
16 0.7932692307692307 0.13701923076923078 0.12980769230769232 0.27403846153846156
3 0.578125 0.6298076923076923 0.3004807692307692 0.16346153846153846
3 0.28365384615384615 0.6189903846153846 0.33653846153846156 0.14182692307692307
3 0.3481432758992051 0.8241234224893741 0.3776460563818098 0.3178836297923755
3 0.11658653846153846 0.7007211538461539 0.23317307692307693 0.30528846153846156
15 0.8641826923076923 0.7439903846153846 0.27163461538461536 0.27163461538461536
15 0.8641826923076923 0.8329326923076923 0.27163461538461536 0.21875
15 0.8149038461538461 0.9050480769230769 0.17307692307692307 0.18990384615384615