2 0.2848557692307692 0.17668269230769232 0.2668269230769231 0.27163461538461536
2 0.3088942307692308 0.39783653846153844 0.21875 0.2668269230769231
2 0.22115384615384615 0.5516826923076923 0.2644230769230769 0.19471153846153846
2 0.3641826923076923 0.5516826923076923 0.10817307692307693 0.19471153846153846
2 0.3125 0.06009615384615385 0.21153846153846154 0.1201923076923077
14 0.5829326923076923 0.44471153846153844 0.3293269230769231 0.40865384615384615
14 0.8197115384615384 0.4519230769230769 0.3605769230769231 0.3942307692307692
14 0.7367788461538461 0.2439903846153846 0.5264423076923077 0.4879807692307692
21 0.33774038461538464 0.8185096153846154 0.16105769230769232 0.3389423076923077
21 0.23918269230769232 0.7355769230769231 0.23798076923076922 0.17307692307692307
21 0.7091346153846154 0.8245192307692307 0.5817307692307693 0.35096153846153844