18 0.33533653846153844 0.234375 0.6706730769230769 0.46875
23 0.8389423076923077 0.2127403846153846 0.32211538461538464 0.18028846153846154
23 0.8389423076923077 0.36778846153846156 0.32211538461538464 0.20192307692307693
18 0.5733173076923077 0.8533653846153846 0.2091346153846154 0.2932692307692308
18 0.3317307692307692 0.8617788461538461 0.33653846153846156 0.2764423076923077
18 0.078125 0.9206730769230769 0.15625 0.15865384615384615
18 0.12139423076923077 0.8221153846153846 0.24278846153846154 0.23557692307692307
18 0.2980769230769231 0.9819711538461539 0.41346153846153844 0.036057692307692304
18 0.6370192307692307 0.6778846153846154 0.08173076923076923 0.15865384615384615
18 0.4314382752789854 0.6885427905414985 0.29514637450663056 0.16015833293579876
18 0.17496652351137312 0.6977370936763487 0.2986912625152628 0.12208190812675773
23 0.8810096153846154 0.734375 0.23798076923076922 0.53125