24 0.6286057692307693 0.078125 0.1466346153846154 0.15625
24 0.6358017198141941 0.2230101155144203 0.15596410541494604 0.16015829732661074
24 0.631286914675463 0.37932305445045955 0.1703731971702083 0.15800620691692138
24 0.6213942307692307 0.5324519230769231 0.1466346153846154 0.17067307692307693
24 0.5865384615384616 0.5769230769230769 0.14903846153846154 0.08173076923076923
24 0.2837781099538805 0.20511869006245842 0.12942390154793484 0.14286982205206641
19 0.8641826923076923 0.2764423076923077 0.0889423076923077 0.36538461538461536
19 0.515625 0.6899038461538461 0.43509615384615385 0.14423076923076922
19 0.3628315209032656 0.8287279501774176 0.22626302092470604 0.26233665521824123
19 0.33774038461538464 0.6850961538461539 0.21394230769230768 0.1346153846153846
19 0.9098557692307693 0.9098557692307693 0.18028846153846154 0.18028846153846154