8 0.21995192307692307 0.4411057692307692 0.43990384615384615 0.17548076923076922
8 0.2245991987951994 0.15857538711008892 0.20054426390680768 0.12114520479388798
8 0.8416548305849413 0.3444058285433673 0.22971780770743885 0.24650185876477693
8 0.9471153846153846 0.22115384615384615 0.10576923076923077 0.2644230769230769
8 0.90625 0.08173076923076923 0.1875 0.16346153846153846
8 0.7331730769230769 0.019230769230769232 0.16346153846153846 0.038461538461538464
8 0.701030390551381 0.1702860064913009 0.19785421117330976 0.25434886987888533
7 0.8243494575719699 0.14842942806886653 0.13746417403897893 0.16326055506906598
7 0.8987335417431198 0.3538053334131103 0.14226362967170603 0.11172472027879857
7 0.8533653846153846 0.02283653846153846 0.1346153846153846 0.04567307692307692
8 0.040865384615384616 0.6574519230769231 0.08173076923076923 0.25721153846153844
8 0.14543269230769232 0.5757211538461539 0.2283653846153846 0.09375
8 0.31009615384615385 0.5877403846153846 0.20192307692307693 0.11778846153846154
8 0.4182692307692308 0.6045673076923077 0.04326923076923077 0.0985576923076923
8 0.135395954514575 0.6823438430278613 0.237937905956624 0.26105081355993237
8 0.32879625325888473 0.7013255862832877 0.19952690747775612 0.22676757804569384
8 0.42788461538461536 0.7067307692307693 0.02403846153846154 0.22596153846153846
8 0.12860576923076922 0.8930288461538461 0.25721153846153844 0.21394230769230768
8 0.328125 0.9194711538461539 0.22355769230769232 0.16105769230769232
16 0.7199519230769231 0.8762019230769231 0.5600961538461539 0.24759615384615385