9 0.17427884615384615 0.18509615384615385 0.3485576923076923 0.3701923076923077
4 0.6742788461538461 0.2800480769230769 0.6514423076923077 0.41586538461538464
9 0.09495192307692307 0.5612980769230769 0.10817307692307693 0.1466346153846154
9 0.23197115384615385 0.5324519230769231 0.13221153846153846 0.0889423076923077
9 0.3088942307692308 0.5721153846153846 0.07932692307692307 0.16826923076923078
9 0.18779433878939883 0.6563311835708701 0.1325079832652024 0.23480923917941568
9 0.21359844406032244 0.8280863182768529 0.16296684003421602 0.12346572225056954
9 0.12379807692307693 0.9002403846153846 0.13701923076923078 0.19951923076923078
9 0.055288461538461536 0.7740384615384616 0.11057692307692307 0.23557692307692307
9 0.030048076923076924 0.6646634615384616 0.06009615384615385 0.19471153846153846
1 0.5889423076923077 0.7439903846153846 0.4807692307692308 0.5120192307692307
1 0.8653846153846154 0.7439903846153846 0.10576923076923077 0.5120192307692307
1 0.4026442307692308 0.859375 0.10817307692307693 0.28125