15 0.25240384615384615 0.026442307692307692 0.20192307692307693 0.052884615384615384
15 0.3425480769230769 0.04927884615384615 0.11298076923076923 0.0985576923076923
15 0.056490384615384616 0.039663461538461536 0.11298076923076923 0.07932692307692307
15 0.3245192307692308 0.23918269230769232 0.09134615384615384 0.16105769230769232
15 0.2838069587608055 0.16250029119461057 0.0836815734421738 0.16899975981264698
15 0.19093850178503552 0.1370456560383317 0.10369593647225873 0.18901412284273178
15 0.07933311184651068 0.1577803763076517 0.1089444002920661 0.20002732898486833
15 0.038461538461538464 0.12139423076923077 0.07692307692307693 0.12740384615384615
15 0.125 0.27403846153846156 0.16826923076923078 0.09134615384615384
15 0.19951923076923078 0.5769230769230769 0.39903846153846156 0.5144230769230769
15 0.19951923076923078 0.6790865384615384 0.39903846153846156 0.6418269230769231
5 0.6995192307692307 0.6526442307692307 0.6009615384615384 0.6658653846153846