12 0.49759615384615385 0.23918269230769232 0.2644230769230769 0.47836538461538464
12 0.5841346153846154 0.22716346153846154 0.09134615384615384 0.4543269230769231
12 0.3161057692307692 0.22355769230769232 0.22355769230769232 0.44711538461538464
12 0.3161057692307692 0.028846153846153848 0.25240384615384615 0.057692307692307696
18 0.7439903846153846 0.3545673076923077 0.2283653846153846 0.24759615384615385
18 0.6971153846153846 0.16105769230769232 0.1346153846153846 0.1875
20 0.12259615384615384 0.5288461538461539 0.24519230769230768 0.10096153846153846
20 0.5588942307692307 0.5564903846153846 0.14182692307692307 0.15625
20 0.6105769230769231 0.7391826923076923 0.038461538461538464 0.3870192307692308
20 0.3449519230769231 0.6418269230769231 0.3918269230769231 0.3269230769230769
20 0.06610576923076923 0.7007211538461539 0.13221153846153846 0.31971153846153844
20 0.16466346153846154 0.8990384615384616 0.3293269230769231 0.20192307692307693
20 0.45913461538461536 0.8737980769230769 0.34134615384615385 0.25240384615384615
23 0.7331730769230769 0.9134615384615384 0.20673076923076922 0.17307692307692307
23 0.7295673076923077 0.6538461538461539 0.19951923076923078 0.35096153846153844