25 0.2446679560117502 0.4057386033640914 0.2804683977179811 0.3240308642588977
25 0.3112980769230769 0.17307692307692307 0.33413461538461536 0.34615384615384615
25 0.3449519230769231 0.31971153846153844 0.2668269230769231 0.6394230769230769
2 0.8209134615384616 0.3545673076923077 0.3581730769230769 0.5697115384615384
11 0.3161057692307692 0.6899038461538461 0.3245192307692308 0.10096153846153846
11 0.34975961538461536 0.7283653846153846 0.25721153846153844 0.1778846153846154
11 0.28725961538461536 0.8413461538461539 0.38221153846153844 0.1346153846153846
11 0.2764423076923077 0.9206730769230769 0.40384615384615385 0.15865384615384615
11 0.2439903846153846 0.9807692307692307 0.39663461538461536 0.038461538461538464
11 0.054086538461538464 0.8798076923076923 0.10817307692307693 0.2403846153846154
11 0.06370192307692307 0.7367788461538461 0.12740384615384615 0.17067307692307693
11 0.7415865384615384 0.8197115384615384 0.5168269230769231 0.3605769230769231