11 0.32572115384615385 0.19951923076923078 0.6514423076923077 0.39903846153846156
10 0.9266826923076923 0.18870192307692307 0.1466346153846154 0.37740384615384615
10 0.8689903846153846 0.20072115384615385 0.2620192307692308 0.39663461538461536
22 0.8689903846153846 0.09014423076923077 0.2620192307692308 0.18028846153846154
22 0.8569711538461539 0.27524038461538464 0.23798076923076922 0.24759615384615385
11 0.42437253531559765 0.6104764318665491 0.29194396311755055 0.3211371544916353
11 0.13757276195958465 0.7559586600752901 0.11825082976300608 0.1518632457737025
11 0.29206141323510937 0.8157844238837748 0.127628458478181 0.13215916374393652
11 0.48190931682420035 0.8349821691805116 0.15781639181314602 0.14645530163168713
11 0.6658653846153846 0.6935096153846154 0.14423076923076922 0.24759615384615385
11 0.19831730769230768 0.515625 0.22355769230769232 0.23317307692307693
10 0.8569711538461539 0.7884615384615384 0.23798076923076922 0.4230769230769231
10 0.9567307692307693 0.7956730769230769 0.08653846153846154 0.40865384615384615
10 0.9362980769230769 0.9002403846153846 0.12740384615384615 0.19951923076923078