16 0.1346153846153846 0.4110576923076923 0.2692307692307692 0.1778846153846154
16 0.2800480769230769 0.38461538461538464 0.31971153846153844 0.23076923076923078
16 0.1346153846153846 0.28846153846153844 0.2692307692307692 0.22596153846153846
16 0.051682692307692304 0.2439903846153846 0.10336538461538461 0.24278846153846154
16 0.40024038461538464 0.33413461538461536 0.07932692307692307 0.24519230769230768
16 0.27508081193741735 0.21143661064839786 0.25833275399664973 0.1920329663015494
3 0.640625 0.13822115384615385 0.4014423076923077 0.2668269230769231
3 0.9086538461538461 0.1875 0.18269230769230768 0.375
3 0.8149038461538461 0.3076923076923077 0.3701923076923077 0.38461538461538464
16 0.3125 0.8185096153846154 0.2548076923076923 0.3629807692307692
16 0.3942307692307692 0.8016826923076923 0.09134615384615384 0.34375
16 0.8629807692307693 0.5997596153846154 0.27403846153846156 0.19951923076923078
16 0.9435096153846154 0.7692307692307693 0.11298076923076923 0.24519230769230768
16 0.8299140665729637 0.8200562837546479 0.31291002704659765 0.3133163017292736
16 0.648934242865663 0.7114325908922011 0.21911344492716667 0.3291351173421475