25 0.06129807692307692 0.0625 0.12259615384615384 0.125
25 0.23918269230769232 0.07091346153846154 0.21394230769230768 0.14182692307692307
25 0.4387019230769231 0.06971153846153846 0.23317307692307693 0.13942307692307693
25 0.5961538461538461 0.06129807692307692 0.16346153846153846 0.12259615384615384
25 0.12612455105995982 0.19403072022710802 0.25191157467130615 0.25304349370078927
25 0.3628215388959211 0.18852074429455604 0.25551734390207553 0.25325350584310896
25 0.5625 0.2091346153846154 0.23076923076923078 0.2644230769230769
25 0.12139423076923077 0.4230769230769231 0.24278846153846154 0.3317307692307692
25 0.3367659358273784 0.366697230139376 0.26845848155846963 0.24921585805725555
25 0.5588942307692307 0.38100961538461536 0.23798076923076922 0.2764423076923077
7 0.8521634615384616 0.23798076923076922 0.2956730769230769 0.40384615384615385
7 0.8016826923076923 0.44711538461538464 0.24759615384615385 0.28365384615384615
20 0.328125 0.7536057692307693 0.6418269230769231 0.3293269230769231
20 0.8834134615384616 0.7944711538461539 0.23317307692307693 0.4110576923076923