16 0.07451923076923077 0.18269230769230768 0.14903846153846154 0.3269230769230769
3 0.7091346153846154 0.5108173076923077 0.2980769230769231 0.21394230769230768
3 0.7948928527673473 0.3106295573835482 0.30233579108224534 0.2700687362433041
3 0.8521634615384616 0.11538461538461539 0.29086538461538464 0.23076923076923078
3 0.580671726393359 0.38233685398347667 0.1927300149834348 0.24727850982400257
3 0.6544058972237807 0.1929146490968671 0.223791198175317 0.23919522286688005
3 0.7536057692307693 0.04807692307692308 0.2764423076923077 0.09615384615384616
3 0.4927546915542113 0.24196629522186688 0.15496688811050555 0.21517256202435867
3 0.5661057692307693 0.09375 0.17548076923076922 0.1875
3 0.41862526098557085 0.1328909584569094 0.14661636550808316 0.2180422487495011
3 0.4807692307692308 0.025240384615384616 0.16826923076923078 0.05048076923076923
15 0.05889423076923077 0.765625 0.11778846153846154 0.2956730769230769
15 0.055288461538461536 0.7379807692307693 0.11057692307692307 0.2403846153846154
15 0.1045673076923077 0.7247596153846154 0.2091346153846154 0.21394230769230768
15 0.16105769230769232 0.7043269230769231 0.09615384615384616 0.17307692307692307
14 0.5576923076923077 0.8088942307692307 0.4423076923076923 0.38221153846153844