24 0.546875 0.14423076923076922 0.10336538461538461 0.2403846153846154
24 0.8581730769230769 0.06370192307692307 0.28365384615384615 0.12740384615384615
24 0.7776442307692307 0.22115384615384615 0.3581730769230769 0.33653846153846156
24 0.9362980769230769 0.2439903846153846 0.12740384615384615 0.29086538461538464
24 0.24158653846153846 0.5 0.4831730769230769 0.22115384615384615
24 0.484375 0.4543269230769231 0.2283653846153846 0.12980769230769232
24 0.3557692307692308 0.7608173076923077 0.4855769230769231 0.47836538461538464
24 0.9483173076923077 0.5841346153846154 0.10336538461538461 0.3894230769230769
24 0.8369141114686597 0.7218794721699168 0.17915577463793328 0.2089186466386355
24 0.8094181166853092 0.8542868029808623 0.11698834351261277 0.16409786359711157
24 0.9627403846153846 0.9651442307692307 0.07451923076923077 0.06971153846153846
24 0.9126155598996802 0.850079671534057 0.15081013106747237 0.1678994251772881
24 0.8569711538461539 0.9651442307692307 0.1658653846153846 0.06971153846153846