9 0.2439903846153846 0.22716346153846154 0.4879807692307692 0.4543269230769231
5 0.5721153846153846 0.41466346153846156 0.16826923076923078 0.0889423076923077
5 0.5564903846153846 0.21875 0.13701923076923078 0.1971153846153846
5 0.7728365384615384 0.39903846153846156 0.07451923076923077 0.1201923076923077
5 0.7860576923076923 0.046875 0.17307692307692307 0.09375
3 0.2439903846153846 0.9242788461538461 0.37259615384615385 0.15144230769230768
3 0.33533653846153844 0.7007211538461539 0.30528846153846156 0.33413461538461536
3 0.12139423076923077 0.6466346153846154 0.24278846153846154 0.375
3 0.09615384615384616 0.8161057692307693 0.19230769230769232 0.3245192307692308
3 0.16826923076923078 0.5168269230769231 0.33653846153846156 0.11538461538461539
16 0.7439903846153846 0.7295673076923077 0.5120192307692307 0.5408653846153846