6 0.3161057692307692 0.1346153846153846 0.5264423076923077 0.2692307692307692
7 0.11221809267845388 0.04062971801840312 0.08996865986301585 0.06494558949511141
7 0.44711538461538464 0.23677884615384615 0.07211538461538461 0.06490384615384616
0 0.8665865384615384 0.04927884615384615 0.2668269230769231 0.0985576923076923
0 0.8016826923076923 0.2127403846153846 0.23317307692307693 0.11298076923076923
0 0.7582667239921992 0.13930384370848642 0.2135793116094328 0.15259313082012063
7 0.16466346153846154 0.6346153846153846 0.3293269230769231 0.7307692307692307
20 0.846054525689364 0.712461294777818 0.21905148158018883 0.22599448516139867
20 0.6826923076923077 0.5336538461538461 0.20673076923076922 0.25961538461538464
20 0.9567307692307693 0.5 0.08653846153846154 0.2644230769230769
20 0.640625 0.36778846153846156 0.12259615384615384 0.1971153846153846
20 0.7572115384615384 0.3485576923076923 0.24519230769230768 0.15865384615384615
20 0.9254807692307693 0.34134615384615385 0.14903846153846154 0.14423076923076922