11 0.28725961538461536 0.15985576923076922 0.25240384615384615 0.31971153846153844
14 0.6959134615384616 0.15985576923076922 0.5552884615384616 0.31971153846153844
21 0.22716346153846154 0.35216346153846156 0.38221153846153844 0.06490384615384616
21 0.28966346153846156 0.5216346153846154 0.25721153846153844 0.3701923076923077
21 0.10096153846153846 0.5384615384615384 0.20192307692307693 0.42788461538461536
21 0.2439903846153846 0.8221153846153846 0.3485576923076923 0.3557692307692308
14 0.09254807692307693 0.9651442307692307 0.18509615384615385 0.06971153846153846
2 0.8088942307692307 0.7307692307692307 0.38221153846153844 0.5384615384615384
2 0.8485576923076923 0.3713942307692308 0.30288461538461536 0.10336538461538461
2 0.6153846153846154 0.5649038461538461 0.3942307692307692 0.49038461538461536
2 0.49759615384615385 0.8353365384615384 0.15865384615384615 0.3293269230769231
2 0.6153846153846154 0.9759615384615384 0.25961538461538464 0.04807692307692308