4 0.17067307692307693 0.07692307692307693 0.33653846153846156 0.15384615384615385
4 0.18219903965548012 0.479791730037383 0.20455148711710927 0.25346901719757864
4 0.32091346153846156 0.5456730769230769 0.13701923076923078 0.14423076923076922
4 0.3786057692307692 0.11658653846153846 0.14182692307692307 0.23317307692307693
4 0.38100961538461536 0.27403846153846156 0.13701923076923078 0.39903846153846156
1 0.7247596153846154 0.29086538461538464 0.5504807692307693 0.5817307692307693
4 0.25240384615384615 0.8088942307692307 0.3942307692307692 0.38221153846153844
23 0.8269230769230769 0.7103365384615384 0.34615384615384615 0.18509615384615385
23 0.6009615384615384 0.7800480769230769 0.30288461538461536 0.25721153846153844
23 0.6514423076923077 0.8882211538461539 0.28846153846153844 0.22355769230769232
23 0.7055288461538461 0.9519230769230769 0.29086538461538464 0.09615384615384616