6 0.18389423076923078 0.328125 0.36778846153846156 0.4206730769230769
6 0.19831730769230768 0.1141826923076923 0.39663461538461536 0.2283653846153846
25 0.6165865384615384 0.2692307692307692 0.21394230769230768 0.5384615384615384
25 0.8786057692307693 0.41225961538461536 0.24278846153846154 0.25240384615384615
25 0.8417105521356021 0.3304614123414748 0.28607468514024414 0.21794595548347354
25 0.8834134615384616 0.203125 0.23317307692307693 0.2860576923076923
25 0.8557692307692307 0.109375 0.28846153846153844 0.21875
6 0.3918269230769231 0.7920673076923077 0.23557692307692307 0.37259615384615385
6 0.3389423076923077 0.9675480769230769 0.34134615384615385 0.06490384615384616
6 0.2127403846153846 0.7475961538461539 0.4254807692307692 0.4182692307692308
0 0.7548076923076923 0.7331730769230769 0.49038461538461536 0.3894230769230769