21 0.2644230769230769 0.2692307692307692 0.5288461538461539 0.5384615384615384
14 0.7584134615384616 0.4110576923076923 0.45913461538461536 0.2548076923076923
14 0.9182692307692307 0.2536057692307692 0.16346153846153846 0.18028846153846154
14 0.6670673076923077 0.24158653846153846 0.2764423076923077 0.21875
11 0.03365384615384615 0.8329326923076923 0.0673076923076923 0.2956730769230769
11 0.18269230769230768 0.9146634615384616 0.10576923076923077 0.17067307692307693
11 0.2975401938571902 0.8955144990909033 0.1335522050889488 0.13038722220908122
11 0.45552884615384615 0.9194711538461539 0.1466346153846154 0.16105769230769232
11 0.3004807692307692 0.9483173076923077 0.18269230769230768 0.10336538461538461
11 0.4230769230769231 0.9651442307692307 0.1971153846153846 0.06971153846153846
21 0.7229474476148494 0.8795038924452304 0.20230260339240827 0.19991363405630863
21 0.9014423076923077 0.8617788461538461 0.1971153846153846 0.21875
21 0.59375 0.8016826923076923 0.12980769230769232 0.24278846153846154
21 0.7312486979807732 0.7302720676174926 0.2610764427022171 0.1716640434279138
21 0.9194711538461539 0.7800480769230769 0.16105769230769232 0.2283653846153846