10 0.47596153846153844 0.42788461538461536 0.20673076923076922 0.34615384615384615
10 0.421875 0.6790865384615384 0.2956730769230769 0.18028846153846154
10 0.2893416101297755 0.5423993057326253 0.30901164979223333 0.333516522820306
10 0.2889671198198086 0.23765648121747227 0.4061886702842949 0.28772135919989156
10 0.4098557692307692 0.1045673076923077 0.3389423076923077 0.2091346153846154
10 0.7247596153846154 0.39302884615384615 0.29086538461538464 0.7524038461538461
10 0.625 0.41586538461538464 0.09134615384615384 0.7067307692307693
20 0.06370192307692307 0.8954326923076923 0.12740384615384615 0.2091346153846154
20 0.07211538461538461 0.7980769230769231 0.14423076923076922 0.057692307692307696
20 0.28125 0.8557692307692307 0.3125 0.17307692307692307
20 0.39663461538461536 0.9507211538461539 0.36538461538461536 0.0985576923076923
20 0.16105769230769232 0.9735576923076923 0.19230769230769232 0.052884615384615384
11 0.7788461538461539 0.8497596153846154 0.39903846153846156 0.16105769230769232