18 0.14783653846153846 0.5456730769230769 0.2956730769230769 0.125
18 0.046875 0.42908653846153844 0.09375 0.25721153846153844
18 0.04326923076923077 0.19831730769230768 0.08653846153846154 0.2620192307692308
18 0.040865384615384616 0.07211538461538461 0.08173076923076923 0.14423076923076922
18 0.12139423076923077 0.33052884615384615 0.24278846153846154 0.3293269230769231
18 0.13581730769230768 0.09254807692307693 0.23317307692307693 0.18509615384615385
18 0.3894230769230769 0.5444711538461539 0.22115384615384615 0.12740384615384615
18 0.3242658950382656 0.3505815118834668 0.20394393367231495 0.3602955879546815
18 0.3112980769230769 0.030048076923076924 0.25721153846153844 0.06009615384615385
18 0.3737980769230769 0.1201923076923077 0.25240384615384615 0.2403846153846154
18 0.4206730769230769 0.29086538461538464 0.15865384615384615 0.3894230769230769
18 0.9170673076923077 0.31971153846153844 0.1658653846153846 0.4951923076923077
18 0.7500683231287751 0.3384119204645492 0.4031275204139907 0.3153890535252871
18 0.6105769230769231 0.43990384615384615 0.22115384615384615 0.22596153846153846
18 0.7764423076923077 0.515625 0.3269230769230769 0.18509615384615385
18 0.7957422014070015 0.13453099226226067 0.39615292845015426 0.14913855525740516
12 0.1045673076923077 0.8954326923076923 0.2091346153846154 0.2091346153846154
12 0.1141826923076923 0.7211538461538461 0.2283653846153846 0.22596153846153846
9 0.75 0.8473557692307693 0.5 0.30528846153846156