10 0.2091346153846154 0.25721153846153844 0.32211538461538464 0.5144230769230769
10 0.40024038461538464 0.35697115384615385 0.15625 0.5024038461538461
10 0.23076923076923078 0.5841346153846154 0.30288461538461536 0.21153846153846154
6 0.7800480769230769 0.38100961538461536 0.43990384615384615 0.6129807692307693
7 0.8414366186526251 0.22858674323497308 0.08489114613143861 0.06779018059730277
7 0.9243214767438163 0.26777470906773154 0.05710702580336884 0.06282165885974035
7 0.9546236091309883 0.3589600334840152 0.04620691150485028 0.10121327148220488
7 0.7511910838049296 0.10168636312245957 0.07563834723994298 0.03889507866379724
7 0.7516184106817071 0.6534599590209482 0.06503087388589371 0.04604368387016896
7 0.8775256702593628 0.35339794346947334 0.06621993513602521 0.08690906848555358
11 0.2800480769230769 0.8449519230769231 0.39663461538461536 0.31009615384615385
11 0.7415865384615384 0.8449519230769231 0.3870192307692308 0.31009615384615385