2 0.07692307692307693 0.27163461538461536 0.15384615384615385 0.13942307692307693
2 0.13284481422989416 0.16233459598244365 0.1345630098977827 0.12765642976055863
2 0.16466346153846154 0.03485576923076923 0.15625 0.06971153846153846
2 0.20947531151517929 0.23059331189097462 0.1686722374753328 0.13405764309846055
2 0.25711762336024446 0.09400763599859675 0.16182500415275752 0.13878142155902007
11 0.8261113858777664 0.14392813751649977 0.34577444845614325 0.17334517645545247
11 0.7668269230769231 0.051682692307692304 0.375 0.10336538461538461
11 0.5591740357325332 0.20578311389118667 0.18541092308406834 0.29156550874013887
11 0.7548076923076923 0.25961538461538464 0.34615384615384615 0.1971153846153846
2 0.0625 0.4375 0.125 0.15865384615384615
2 0.08533653846153846 0.7740384615384616 0.17067307692307693 0.21153846153846154
2 0.7445075556823237 0.7853643047054504 0.11507694318808384 0.10821587591195744
2 0.6272834832275997 0.792421159048598 0.11904701755781624 0.11306552514321612
2 0.7841172230949067 0.7389088739411144 0.1140751040559354 0.09499472206580346