11 0.24158653846153846 0.44471153846153844 0.15144230769230768 0.14903846153846154
11 0.2681796809491832 0.29703079115224307 0.17718893356482057 0.2396053331769233
11 0.16706730769230768 0.1346153846153846 0.2283653846153846 0.2692307692307692
0 0.6237980769230769 0.31009615384615385 0.3485576923076923 0.4182692307692308
0 0.5793269230769231 0.09134615384615384 0.27884615384615385 0.18269230769230768
10 0.36658653846153844 0.734375 0.1466346153846154 0.20432692307692307
10 0.2012313723811942 0.8205127661050745 0.16106923513749813 0.34856070712483994
10 0.08774038461538461 0.8185096153846154 0.13701923076923078 0.3629807692307692
10 0.280732215913066 0.8775326671749996 0.20582529095751012 0.2282575040910257
11 0.6778846153846154 0.6622596153846154 0.2980769230769231 0.2860576923076923
11 0.8720966196357521 0.7847308047425743 0.17407450923801038 0.4053308424416133
11 0.9591346153846154 0.6370192307692307 0.08173076923076923 0.23557692307692307