19 0.08653846153846154 0.0889423076923077 0.17307692307692307 0.1778846153846154
19 0.078125 0.27524038461538464 0.15625 0.30528846153846156
19 0.06129807692307692 0.45552884615384615 0.12259615384615384 0.20432692307692307
19 0.8858173076923077 0.1201923076923077 0.2283653846153846 0.2403846153846154
19 0.640625 0.3557692307692308 0.5841346153846154 0.3125
19 0.9134615384615384 0.3317307692307692 0.17307692307692307 0.24519230769230768
19 0.5901442307692307 0.21033653846153846 0.4831730769230769 0.4206730769230769
19 0.4423076923076923 0.025240384615384616 0.1875 0.05048076923076923
19 0.09495192307692307 0.6538461538461539 0.18990384615384615 0.19230769230769232
19 0.1259823114090707 0.8702493554828005 0.16981385198926433 0.216556314243606
24 0.41346153846153844 0.6009615384615384 0.12980769230769232 0.08653846153846154
24 0.4110576923076923 0.7139423076923077 0.125 0.12980769230769232
24 0.5222490559304919 0.6463039564188926 0.14827754709198915 0.15817836197689716
24 0.5207531932219626 0.7680410094753239 0.15276652378015745 0.1104442611871746
24 0.6598557692307693 0.6274038461538461 0.16105769230769232 0.13942307692307693
24 0.451066629114425 0.8978527919264584 0.17503876876990396 0.14848747037110555
24 0.39302884615384615 0.9555288461538461 0.0889423076923077 0.0889423076923077
24 0.5348557692307693 0.9819711538461539 0.15625 0.036057692307692304