2 0.1814903846153846 0.4963942307692308 0.34375 0.1466346153846154
2 0.2548076923076923 0.24639423076923078 0.5096153846153846 0.49278846153846156
2 0.38461538461538464 0.14302884615384615 0.25 0.2860576923076923
21 0.7584134615384616 0.49278846153846156 0.2620192307692308 0.15384615384615385
21 0.7235520844315402 0.32921068784961716 0.26138695119181105 0.25264552863673867
21 0.5889423076923077 0.4387019230769231 0.15865384615384615 0.2620192307692308
21 0.6550480769230769 0.09975961538461539 0.29086538461538464 0.19951923076923078
21 0.9206730769230769 0.15384615384615385 0.15865384615384615 0.3076923076923077
2 0.15745192307692307 0.7067307692307693 0.31490384615384615 0.27403846153846156
2 0.16346153846153846 0.9050480769230769 0.3269230769230769 0.18990384615384615
2 0.3016826923076923 0.7716346153846154 0.33413461538461536 0.40384615384615385
21 0.6514423076923077 0.7584134615384616 0.28365384615384615 0.24278846153846154
21 0.5853365384615384 0.6213942307692307 0.15144230769230768 0.10336538461538461