0 0.16826923076923078 0.14783653846153846 0.33653846153846156 0.2956730769230769
0 0.39663461538461536 0.11057692307692307 0.28365384615384615 0.22115384615384615
10 0.7692307692307693 0.07572115384615384 0.46153846153846156 0.15144230769230768
10 0.7536057692307693 0.1310096153846154 0.43028846153846156 0.2620192307692308
10 0.7692307692307693 0.20072115384615385 0.46153846153846156 0.3581730769230769
10 0.7692307692307693 0.27283653846153844 0.46153846153846156 0.21394230769230768
10 0.32091346153846156 0.6899038461538461 0.3004807692307692 0.6201923076923077
10 0.2764423076923077 0.6622596153846154 0.5240384615384616 0.5649038461538461
10 0.1310096153846154 0.6201923076923077 0.2620192307692308 0.4807692307692308
10 0.7692307692307693 0.484375 0.46153846153846156 0.2091346153846154
10 0.7692307692307693 0.6237980769230769 0.46153846153846156 0.4879807692307692
10 0.7692307692307693 0.7872596153846154 0.46153846153846156 0.4254807692307692