19 0.23918269230769232 0.3173076923076923 0.25721153846153844 0.2644230769230769
19 0.33653846153846156 0.12259615384615384 0.28365384615384615 0.24519230769230768
19 0.5399580984953116 0.24187328410268052 0.159436942037649 0.18423127516075483
19 0.49038461538461536 0.030048076923076924 0.1778846153846154 0.06009615384615385
19 0.4507536087063974 0.2063282070927271 0.10043206345868341 0.11009762744005841
19 0.4230769230769231 0.33052884615384615 0.20673076923076922 0.23798076923076922
24 0.8701923076923077 0.3858173076923077 0.21634615384615385 0.12740384615384615
24 0.8497596153846154 0.18389423076923078 0.3004807692307692 0.36778846153846156
24 0.26322115384615385 0.5120192307692307 0.2764423076923077 0.125
24 0.25465794802321173 0.6881571096935404 0.3169739588760965 0.37793792684201427
24 0.4958869890073351 0.7723639722760564 0.26296574296281494 0.30769006454184694
24 0.6165865384615384 0.6370192307692307 0.1658653846153846 0.3125
24 0.8112980769230769 0.6237980769230769 0.22355769230769232 0.3485576923076923
24 0.9375 0.6947115384615384 0.125 0.3076923076923077