15 0.27403846153846156 0.34134615384615385 0.12980769230769232 0.1346153846153846
15 0.1141826923076923 0.2932692307692308 0.2283653846153846 0.23076923076923078
8 0.6694711538461539 0.22716346153846154 0.6610576923076923 0.3629807692307692
8 0.06490384615384616 0.47596153846153844 0.12980769230769232 0.1346153846153846
8 0.20192307692307693 0.5420673076923077 0.2403846153846154 0.2668269230769231
8 0.16503912194363743 0.740236201249783 0.27260484999100826 0.29415184068086475
8 0.021634615384615384 0.8245192307692307 0.04326923076923077 0.1875
7 0.046875 0.6165865384615384 0.09375 0.17548076923076922
7 0.07091346153846154 0.43509615384615385 0.14182692307692307 0.052884615384615384
7 0.07440364700011716 0.7697870818245144 0.1412639534014622 0.09401019691988921
8 0.8653846153846154 0.6478365384615384 0.2692307692307692 0.21875
8 0.8153885142190558 0.8021763965797378 0.15803708235250669 0.14150098205693867
8 0.7207843843140795 0.9066943516597363 0.1558512515187278 0.11265482821078511
8 0.4835666687035457 0.8164250823960584 0.19409619406847553 0.22222741680897437
8 0.953125 0.9074519230769231 0.09375 0.18509615384615385
4 0.8100961538461539 0.5264423076923077 0.33653846153846156 0.23557692307692307
4 0.49278846153846156 0.5360576923076923 0.3076923076923077 0.22596153846153846
4 0.5974374305898768 0.6796494789099788 0.281417060010742 0.18916633644969713
4 0.6242827449882865 0.8110772908334543 0.2518975094208169 0.21054738276911833
4 0.6574519230769231 0.9387019230769231 0.19951923076923078 0.12259615384615384
4 0.9338942307692307 0.7704326923076923 0.13221153846153846 0.20432692307692307
4 0.8599342323829341 0.8965948482564443 0.18462567986371015 0.17627443755087505