15 0.19334029087269344 0.2187622537421864 0.25841233996323115 0.1428330204339015
15 0.021634615384615384 0.23557692307692307 0.04326923076923077 0.125
15 0.453125 0.15144230769230768 0.05048076923076923 0.125
15 0.375 0.06850961538461539 0.20673076923076922 0.13221153846153846
15 0.7391826923076923 0.28966346153846156 0.5216346153846154 0.5793269230769231
17 0.11057692307692307 0.9615384615384616 0.08653846153846154 0.07692307692307693
17 0.31971153846153844 0.9879807692307693 0.1875 0.02403846153846154
17 0.42788461538461536 0.9771634615384616 0.10096153846153846 0.04567307692307692
3 0.9831730769230769 0.7139423076923077 0.03365384615384615 0.14903846153846154
3 0.9326923076923077 0.8653846153846154 0.1346153846153846 0.07692307692307693
3 0.8092838170615975 0.8654643364031434 0.2107091456643976 0.10451635238298242
3 0.9146634615384616 0.8137019230769231 0.17067307692307693 0.12740384615384615
3 0.9002403846153846 0.6165865384615384 0.18990384615384615 0.07451923076923077
3 0.8393448698303498 0.7183191260606688 0.21783770423282078 0.2474541222520878
3 0.6426376552291594 0.7609909438121296 0.2080360160160066 0.2024365106974892
24 0.6334134615384616 0.640625 0.25721153846153844 0.12259615384615384
24 0.5132211538461539 0.6778846153846154 0.06971153846153846 0.17307692307692307