23 0.171875 0.16466346153846154 0.34375 0.3293269230769231
23 0.26555086146748574 0.44178038228829336 0.3131039087670607 0.3833788349392815
23 0.6610576923076923 0.4723557692307692 0.3125 0.3918269230769231
23 0.6646634615384616 0.15745192307692307 0.3581730769230769 0.31490384615384615
23 0.8485576923076923 0.5456730769230769 0.16826923076923078 0.24519230769230768
23 0.9122596153846154 0.34134615384615385 0.17548076923076922 0.3317307692307692
23 0.8798076923076923 0.14302884615384615 0.09134615384615384 0.2860576923076923
1 0.15625 0.7199519230769231 0.3125 0.10336538461538461
9 0.6526442307692307 0.8341346153846154 0.3485576923076923 0.3317307692307692
9 0.5384615384615384 0.8377403846153846 0.1201923076923077 0.13221153846153846
9 0.5324519230769231 0.7199519230769231 0.0985576923076923 0.10336538461538461
9 0.5120192307692307 0.7608173076923077 0.0673076923076923 0.08413461538461539