7 0.28966346153846156 0.2247596153846154 0.5793269230769231 0.4495192307692308
20 0.9411057692307693 0.21394230769230768 0.11778846153846154 0.23557692307692307
20 0.9387019230769231 0.03485576923076923 0.12259615384615384 0.06971153846153846
20 0.7067307692307693 0.2091346153846154 0.2548076923076923 0.3076923076923077
20 0.7379807692307693 0.07211538461538461 0.3173076923076923 0.14423076923076922
7 0.19951923076923078 0.7319711538461539 0.39903846153846156 0.5360576923076923
25 0.8461538461538461 0.6935096153846154 0.3076923076923077 0.4879807692307692
15 0.8980424875665235 0.5505566549287924 0.08150465924750705 0.06786819864951929
15 0.9308687171758537 0.6642078209038458 0.06990604705292004 0.0723961402558227
15 0.7992439746252129 0.5913960743521365 0.07408281149864657 0.06529650207483985
15 0.8336497039806261 0.5303767431913993 0.06279966323504259 0.07343021291191248