14 0.18389423076923078 0.08052884615384616 0.36778846153846156 0.16105769230769232
14 0.1466346153846154 0.24879807692307693 0.2932692307692308 0.4110576923076923
14 0.5120192307692307 0.2439903846153846 0.16826923076923078 0.4879807692307692
14 0.5540865384615384 0.3798076923076923 0.25240384615384615 0.21634615384615385
14 0.7139423076923077 0.3858173076923077 0.3173076923076923 0.20432692307692307
14 0.7632211538461539 0.21514423076923078 0.4735576923076923 0.43028846153846156
22 0.13942307692307693 0.6598557692307693 0.27884615384615385 0.34375
22 0.1310096153846154 0.9146634615384616 0.2620192307692308 0.17067307692307693
17 0.921875 0.75 0.15625 0.5
17 0.6225961538461539 0.9639423076923077 0.3125 0.07211538461538461
17 0.6735805545049252 0.8163575507536657 0.2144777819944918 0.2029647707627567
17 0.49038461538461536 0.8028846153846154 0.125 0.18269230769230768
17 0.5793269230769231 0.5985576923076923 0.30288461538461536 0.22115384615384615
17 0.7980769230769231 0.5444711538461539 0.28846153846153844 0.11298076923076923