14 0.33533653846153844 0.25600961538461536 0.2668269230769231 0.4831730769230769
14 0.18509615384615385 0.12860576923076922 0.17307692307692307 0.25721153846153844
14 0.11566494128022078 0.28215156307196465 0.20618856974715433 0.24175986621729256
14 0.2462040826823926 0.44356039719208684 0.1779799498941859 0.24849323061719686
14 0.12139423076923077 0.5132211538461539 0.24278846153846154 0.29086538461538464
14 0.2283653846153846 0.5889423076923077 0.2644230769230769 0.13942307692307693
14 0.3858173076923077 0.5516826923076923 0.1658653846153846 0.21394230769230768
21 0.6105769230769231 0.055288461538461536 0.25961538461538464 0.11057692307692307
21 0.6495740849129965 0.1986729358056592 0.2603661844934334 0.24611197142901042
21 0.8052884615384616 0.109375 0.21634615384615385 0.21875
21 0.7524038461538461 0.49158653846153844 0.35096153846153844 0.33413461538461536
14 0.3137019230769231 0.8293269230769231 0.31009615384615385 0.34134615384615385
24 0.4963942307692308 0.8197115384615384 0.055288461538461536 0.16826923076923078
24 0.5012019230769231 0.8786057692307693 0.06490384615384616 0.10336538461538461
24 0.5108173076923077 0.9579326923076923 0.08413461538461539 0.08413461538461539
24 0.5132211538461539 0.7487980769230769 0.0889423076923077 0.11298076923076923