16 0.20552884615384615 0.07692307692307693 0.23798076923076922 0.15384615384615385
16 0.4387019230769231 0.08173076923076923 0.24278846153846154 0.16346153846153846
16 0.17908653846153846 0.2091346153846154 0.31490384615384615 0.1971153846153846
16 0.4411057692307692 0.18389423076923078 0.25721153846153844 0.24759615384615385
16 0.7848557692307693 0.23798076923076922 0.43028846153846156 0.13942307692307693
16 0.3162524450691437 0.5931699217375921 0.4115124590680648 0.39347264794807957
16 0.4206730769230769 0.7259615384615384 0.2980769230769231 0.30288461538461536
16 0.1706943055058649 0.7081883383076539 0.3041723330777758 0.3471608192741001
16 0.46153846153846156 0.8990384615384616 0.21634615384615385 0.20192307692307693
16 0.24519230769230768 0.8834134615384616 0.34615384615384615 0.23317307692307693
14 0.7620192307692307 0.4891826923076923 0.38461538461538464 0.3629807692307692
14 0.8762019230769231 0.6971153846153846 0.24759615384615385 0.3125
14 0.7848557692307693 0.828125 0.43028846153846156 0.34375