17 0.13942307692307693 0.4795673076923077 0.27884615384615385 0.25721153846153844
17 0.015625 0.2920673076923077 0.03125 0.12740384615384615
6 0.6574519230769231 0.3329326923076923 0.5408653846153846 0.5504807692307693
20 0.028846153846153848 0.7139423076923077 0.057692307692307696 0.21153846153846154
7 0.33533653846153844 0.8918269230769231 0.11298076923076923 0.21634615384615385
7 0.3858173076923077 0.9278846153846154 0.12740384615384615 0.14423076923076922
7 0.4639423076923077 0.9375 0.11538461538461539 0.125
7 0.4913322707241979 0.8516389697791669 0.10152180617440461 0.15376423851383555
7 0.5504807692307693 0.9483173076923077 0.10096153846153846 0.10336538461538461
7 0.6262019230769231 0.9519230769230769 0.0889423076923077 0.09615384615384616
7 0.8319520132938479 0.8186905300130882 0.13075871590853083 0.08475207680576934