19 0.28966346153846156 0.08774038461538461 0.23798076923076922 0.17548076923076922
19 0.3004807692307692 0.40384615384615385 0.21153846153846154 0.28846153846153844
19 0.2590071372637048 0.22962352659837065 0.1435422799282584 0.20385532738375645
19 0.3425480769230769 0.19591346153846154 0.13221153846153846 0.24759615384615385
22 0.5024038461538461 0.2403846153846154 0.1875 0.4807692307692308
22 0.7584134615384616 0.24278846153846154 0.4831730769230769 0.4855769230769231
8 0.16346153846153846 0.5985576923076923 0.3269230769230769 0.10096153846153846
8 0.3088942307692308 0.7103365384615384 0.19951923076923078 0.28125
8 0.05048076923076923 0.7115384615384616 0.10096153846153846 0.3269230769230769
8 0.11298076923076923 0.9086538461538461 0.22115384615384615 0.18269230769230768
8 0.34615384615384615 0.9110576923076923 0.125 0.1778846153846154
19 0.7680288461538461 0.6670673076923077 0.4639423076923077 0.23798076923076922
19 0.953125 0.8569711538461539 0.09375 0.12259615384615384