19 0.33052884615384615 0.17908653846153846 0.22355769230769232 0.23798076923076922
19 0.25 0.06610576923076923 0.25 0.13221153846153846
19 0.06490384615384616 0.15264423076923078 0.12980769230769232 0.17548076923076922
19 0.1435094103461497 0.1092142728916674 0.08885923591048886 0.10383013514109671
19 0.16105769230769232 0.20432692307692307 0.1778846153846154 0.1875
24 0.8088942307692307 0.038461538461538464 0.29086538461538464 0.07692307692307693
24 0.7872596153846154 0.11899038461538461 0.2620192307692308 0.23798076923076922
24 0.8004807692307693 0.2127403846153846 0.2644230769230769 0.17067307692307693
24 0.9278846153846154 0.17067307692307693 0.14423076923076922 0.21634615384615385
19 0.375 0.6286057692307693 0.44711538461538464 0.6610576923076923
19 0.5456730769230769 0.9122596153846154 0.10576923076923077 0.17548076923076922
24 0.8668679354159425 0.44548358254138276 0.2636004502888797 0.26200124998212193
24 0.8158022954511858 0.7098309261215109 0.19591514566908957 0.2236606668601848
24 0.7872596153846154 0.9182692307692307 0.13701923076923078 0.16346153846153846
24 0.6237980769230769 0.9362980769230769 0.05048076923076923 0.12740384615384615
24 0.6213942307692307 0.7776442307692307 0.04567307692307692 0.17067307692307693
24 0.6286057692307693 0.5709134615384616 0.06009615384615385 0.21875
24 0.6622596153846154 0.3858173076923077 0.12740384615384615 0.17548076923076922
24 0.8942307692307693 0.3137019230769231 0.21153846153846154 0.03125