19 0.20673076923076922 0.3870192307692308 0.41346153846153844 0.10576923076923077
19 0.10336538461538461 0.21514423076923078 0.20673076923076922 0.3004807692307692
19 0.45913461538461536 0.14182692307692307 0.1971153846153846 0.1778846153846154
19 0.32572115384615385 0.30288461538461536 0.4254807692307692 0.27403846153846156
19 0.5384615384615384 0.27884615384615385 0.038461538461538464 0.27403846153846156
19 0.5 0.3737980769230769 0.11538461538461539 0.13221153846153846
19 0.3190397252362139 0.12082267009786268 0.22346484901731664 0.12399792217024587
19 0.09014423076923077 0.20432692307692307 0.18028846153846154 0.28365384615384615
21 0.7788461538461539 0.22596153846153846 0.4423076923076923 0.42788461538461536
2 0.3894230769230769 0.5649038461538461 0.30288461538461536 0.25
2 0.3439708731463711 0.8150077069220083 0.2773239575568388 0.27644733238755353
2 0.46153846153846156 0.7391826923076923 0.19230769230769232 0.31971153846153844
10 0.8641826923076923 0.7692307692307693 0.27163461538461536 0.2932692307692308
10 0.6117788461538461 0.9206730769230769 0.10817307692307693 0.15865384615384615