18 0.21995192307692307 0.3088942307692308 0.43990384615384615 0.5793269230769231
25 0.8269230769230769 0.3088942307692308 0.34615384615384615 0.5793269230769231
25 0.33413461538461536 0.7427884615384616 0.3076923076923077 0.28846153846153844
25 0.3954326923076923 0.8786057692307693 0.31490384615384615 0.24278846153846154
25 0.5252403846153846 0.6995192307692307 0.0889423076923077 0.20192307692307693
25 0.5504807692307693 0.8305288461538461 0.038461538461538464 0.21875
20 0.9567307692307693 0.9302884615384616 0.08653846153846154 0.13942307692307693
20 0.9447115384615384 0.7680288461538461 0.11057692307692307 0.25721153846153844
20 0.8877646141028012 0.8494562014129138 0.19642541814081008 0.24443067348034914
20 0.8810096153846154 0.6682692307692307 0.22355769230769232 0.13942307692307693
20 0.7728365384615384 0.6995192307692307 0.1466346153846154 0.20192307692307693