2 0.2860576923076923 0.34615384615384615 0.25 0.14423076923076922
2 0.25600961538461536 0.14423076923076922 0.2860576923076923 0.28846153846153844
2 0.1201923076923077 0.3233173076923077 0.2403846153846154 0.18990384615384615
2 0.12259615384615384 0.12379807692307693 0.24519230769230768 0.24759615384615385
1 0.7800480769230769 0.057692307692307696 0.17067307692307693 0.11538461538461539
19 0.21394230769230768 0.5576923076923077 0.42788461538461536 0.27884615384615385
19 0.2127403846153846 0.7896634615384616 0.4254807692307692 0.34375
19 0.9086538461538461 0.9182692307692307 0.18269230769230768 0.16346153846153846
19 0.9002403846153846 0.7860576923076923 0.19951923076923078 0.21153846153846154
19 0.8882211538461539 0.5745192307692307 0.22355769230769232 0.3125
19 0.8027237995371264 0.6912363035607814 0.176188185496635 0.4541387521935434