19 0.24759615384615385 0.22235576923076922 0.2548076923076923 0.44471153846153844
19 0.28125 0.4639423076923077 0.34134615384615385 0.04807692307692308
19 0.3954326923076923 0.056490384615384616 0.24759615384615385 0.11298076923076923
19 0.328125 0.17668269230769232 0.24278846153846154 0.35336538461538464
19 0.34975961538461536 0.35336538461538464 0.28125 0.2692307692307692
19 0.2692307692307692 0.4230769230769231 0.2692307692307692 0.12980769230769232
24 0.7415865384615384 0.056490384615384616 0.27163461538461536 0.11298076923076923
24 0.6057692307692307 0.037259615384615384 0.17307692307692307 0.07451923076923077
24 0.3317307692307692 0.5132211538461539 0.25961538461538464 0.05048076923076923
24 0.14182692307692307 0.5276442307692307 0.20192307692307693 0.07932692307692307
24 0.41346153846153844 0.8930288461538461 0.21153846153846154 0.21394230769230768
24 0.3220459702900375 0.7922067652322154 0.2128952484559601 0.24145228454816184
24 0.19151715976598174 0.7083832882643233 0.22133504326425013 0.21649167905045522
24 0.09495192307692307 0.6129807692307693 0.18990384615384615 0.21153846153846154
24 0.16826923076923078 0.9278846153846154 0.25 0.14423076923076922
24 0.08173076923076923 0.8629807692307693 0.16346153846153846 0.18269230769230768
19 0.7403846153846154 0.7439903846153846 0.4423076923076923 0.5120192307692307
19 0.9002403846153846 0.859375 0.19951923076923078 0.28125