15 0.22956730769230768 0.07091346153846154 0.4495192307692308 0.14182692307692307
15 0.2379713725814136 0.198470872256459 0.44352440190757964 0.21685512487209627
15 0.19230769230769232 0.3293269230769231 0.38461538461538464 0.1778846153846154
16 0.8197115384615384 0.07572115384615384 0.3605769230769231 0.15144230769230768
16 0.8774038461538461 0.16947115384615385 0.24519230769230768 0.3389423076923077
16 0.24519230769230768 0.7091346153846154 0.49038461538461536 0.5817307692307693
16 0.9026442307692307 0.9074519230769231 0.19471153846153846 0.18509615384615385
16 0.8712108208773396 0.7536063929853183 0.2559195131489687 0.19555345404420932
16 0.9747596153846154 0.6502403846153846 0.05048076923076923 0.24759615384615385
16 0.8578785870438168 0.5663581487294752 0.25844922581314794 0.21723002871951752
16 0.7331730769230769 0.875 0.1875 0.25
16 0.71875 0.6899038461538461 0.15865384615384615 0.13942307692307693