22 0.32091346153846156 0.28966346153846156 0.5360576923076923 0.5793269230769231
14 0.7079326923076923 0.0673076923076923 0.19951923076923078 0.1346153846153846
14 0.6973065235078313 0.10882600034994071 0.2038067073860968 0.17745401567668134
14 0.7535006143004076 0.2850638310020759 0.20534782719239458 0.23629927183345492
14 0.8901016485307784 0.30742488528666523 0.2007673706800677 0.29249580877409626
14 0.9014423076923077 0.06850961538461539 0.1971153846153846 0.13701923076923078
17 0.4375 0.9639423076923077 0.1201923076923077 0.07211538461538461
17 0.5396634615384616 0.8665865384615384 0.0985576923076923 0.0985576923076923
17 0.4362980769230769 0.7932692307692307 0.30528846153846156 0.3942307692307692
3 0.7235576923076923 0.8605769230769231 0.2692307692307692 0.27884615384615385
3 0.8942307692307693 0.6814903846153846 0.21153846153846154 0.20432692307692307