16 0.14783653846153846 0.2608173076923077 0.2956730769230769 0.24278846153846154
16 0.2512019230769231 0.027644230769230768 0.15625 0.055288461538461536
16 0.5480769230769231 0.051682692307692304 0.0625 0.10336538461538461
16 0.09254807692307693 0.0673076923076923 0.18509615384615385 0.1346153846153846
16 0.2512019230769231 0.0985576923076923 0.21875 0.1971153846153846
16 0.41974187467700147 0.10623190597719082 0.18313646016128615 0.14227753901629278
16 0.3950281924780631 0.24769515314230836 0.2886889218417247 0.19754003536271397
16 0.22292396669222073 0.3411903626939108 0.1840607329272799 0.1567006159393697
16 0.33089641603486786 0.32805514393627205 0.12416520666155588 0.13970483750256443
16 0.026442307692307692 0.25 0.052884615384615384 0.15865384615384615
16 0.0673076923076923 0.1045673076923077 0.1346153846153846 0.20432692307692307
16 0.7896634615384616 0.31971153846153844 0.4206730769230769 0.6394230769230769
15 0.33653846153846156 0.8197115384615384 0.4855769230769231 0.3605769230769231
16 0.7896634615384616 0.8197115384615384 0.4206730769230769 0.3605769230769231