10 0.06370192307692307 0.21754807692307693 0.12740384615384615 0.25721153846153844
10 0.20192307692307693 0.109375 0.32211538461538464 0.21875
10 0.3557692307692308 0.14783653846153846 0.22596153846153846 0.2091346153846154
10 0.2668269230769231 0.03125 0.25 0.0625
10 0.07692307692307693 0.05889423076923077 0.15384615384615385 0.11778846153846154
10 0.29297842573830085 0.3301666924488886 0.342776902179434 0.2778211152725775
10 0.11778846153846154 0.44350961538461536 0.23557692307692307 0.29086538461538464
11 0.6850961538461539 0.5817307692307693 0.22596153846153846 0.21634615384615385
11 0.7733869954128736 0.32908977454921523 0.28190046118653866 0.3973618093871912
11 0.5925480769230769 0.1658653846153846 0.1658653846153846 0.3317307692307692
11 0.5288461538461539 0.5420673076923077 0.1201923076923077 0.2956730769230769
11 0.5084134615384616 0.37259615384615385 0.07932692307692307 0.42788461538461536
11 0.5492788461538461 0.7487980769230769 0.16105769230769232 0.11778846153846154