25 0.39783653846153844 0.3942307692307692 0.23798076923076922 0.7884615384615384
25 0.31490384615384615 0.31850961538461536 0.6298076923076923 0.5697115384615384
25 0.15069795953509357 0.6463080465623349 0.2243366689543239 0.260164277156595
25 0.18389633678349604 0.5527763872466711 0.23233053758585706 0.2364686379053341
25 0.18304225461647036 0.4350369003206668 0.19937510302062014 0.20630016952283534
25 0.08533653846153846 0.4026442307692308 0.17067307692307693 0.21875
25 0.06610576923076923 0.35216346153846156 0.13221153846153846 0.2283653846153846
0 0.9350961538461539 0.6646634615384616 0.12980769230769232 0.24759615384615385
25 0.2644230769230769 0.8942307692307693 0.5288461538461539 0.21153846153846154
25 0.1502403846153846 0.8942307692307693 0.3004807692307692 0.21153846153846154
6 0.9411057692307693 0.9242788461538461 0.11778846153846154 0.15144230769230768