15 0.22734134472151787 0.15551936384773501 0.14855120697215904 0.25317925966627747
15 0.1570140211229298 0.13945768247906218 0.10018775370551826 0.14204117361781735
15 0.05048076923076923 0.3858173076923077 0.10096153846153846 0.16105769230769232
15 0.0673076923076923 0.5132211538461539 0.1346153846153846 0.12259615384615384
15 0.2754941318295309 0.46818872991961424 0.19711224883698938 0.39431644802535715
15 0.2776442307692308 0.7463942307692307 0.2091346153846154 0.1658653846153846
15 0.13942307692307693 0.7403846153846154 0.20192307692307693 0.1778846153846154
15 0.1497630718311248 0.39588562714128506 0.118638110325572 0.17758258742298771
15 0.6778846153846154 0.7536057692307693 0.14903846153846154 0.15144230769230768
15 0.6081730769230769 0.7860576923076923 0.10096153846153846 0.08653846153846154
15 0.515625 0.5564903846153846 0.03125 0.16105769230769232
15 0.5252403846153846 0.42908653846153844 0.05048076923076923 0.12259615384615384
15 0.6980705446307611 0.49463103761192195 0.19711224883698938 0.39431644802535715
15 0.6690628990893366 0.15515000918258479 0.2089009298835068 0.28682901567668134
15 0.5649038461538461 0.14903846153846154 0.12980769230769232 0.2980769230769231
15 0.5786652774038641 0.5581452425259005 0.118638110325572 0.17758258742298758
16 0.20673076923076922 0.9146634615384616 0.41346153846153844 0.17067307692307693
5 0.7487980769230769 0.9146634615384616 0.49759615384615385 0.17067307692307693