1 0.2644230769230769 0.05889423076923077 0.5288461538461539 0.11778846153846154
20 0.6814903846153846 0.05889423076923077 0.27163461538461536 0.11778846153846154
20 0.7151442307692307 0.09735576923076923 0.3004807692307692 0.040865384615384616
20 0.828125 0.05889423076923077 0.14182692307692307 0.11778846153846154
23 0.2704326923076923 0.703125 0.5168269230769231 0.59375
23 0.4723557692307692 0.44591346153846156 0.11298076923076923 0.65625
23 0.22235576923076922 0.3269230769230769 0.44471153846153844 0.4182692307692308
23 0.6105769230769231 0.8100961538461539 0.16346153846153846 0.3076923076923077
23 0.7842146628395453 0.7743941690134857 0.30182439568141844 0.3774684966768022
23 0.5961538461538461 0.5805288461538461 0.1346153846153846 0.28125
23 0.7043087698276731 0.470826883935518 0.33865554114621604 0.32191785304173426
23 0.5697115384615384 0.29927884615384615 0.08173076923076923 0.3581730769230769
23 0.6862980769230769 0.2764423076923077 0.31490384615384615 0.24519230769230768