16 0.22596153846153846 0.4795673076923077 0.11057692307692307 0.15625
16 0.3769427870970358 0.29070888301815245 0.30181530897612513 0.2970391097254534
16 0.6045673076923077 0.03485576923076923 0.22355769230769232 0.06971153846153846
16 0.5360576923076923 0.47475961538461536 0.20673076923076922 0.1658653846153846
16 0.5767158959369195 0.343669783482579 0.2031830523507083 0.19769538558918798
16 0.65625 0.4675480769230769 0.16346153846153846 0.18028846153846154
15 0.9122596153846154 0.22596153846153846 0.17548076923076922 0.4519230769230769
15 0.33533653846153844 0.7223557692307693 0.29086538461538464 0.3293269230769231
15 0.5444711538461539 0.7788461538461539 0.3629807692307692 0.4423076923076923
15 0.27283653846153844 0.6394230769230769 0.5456730769230769 0.16346153846153846
15 0.2439903846153846 0.9447115384615384 0.3004807692307692 0.11057692307692307
15 0.8197115384615384 0.7728365384615384 0.16346153846153846 0.4014423076923077