10 0.5949519230769231 0.2668269230769231 0.10817307692307693 0.18269230769230768
10 0.4466542694949075 0.13512708541014123 0.18316978338655332 0.19176495129749968
10 0.2680880996793332 0.2077852110357184 0.1586558376711428 0.32705776785614715
10 0.1624657927474741 0.2023332330144646 0.13520507148216795 0.3410612518722957
10 0.3415564213524547 0.2643953902310041 0.1972235056444802 0.2124284197040027
10 0.8245192307692307 0.28966346153846156 0.35096153846153844 0.5793269230769231
10 0.9002403846153846 0.28966346153846156 0.19951923076923078 0.5793269230769231
10 0.8245192307692307 0.28966346153846156 0.35096153846153844 0.5793269230769231
10 0.7019230769230769 0.2764423076923077 0.10576923076923077 0.5528846153846154
11 0.36538461538461536 0.8942307692307693 0.20673076923076922 0.21153846153846154
11 0.38985168511371415 0.7310833016948781 0.12033105124279495 0.12340827672248664
11 0.40005067493514335 0.6578918718746488 0.13281758590209045 0.10561020666745104
11 0.42908653846153844 0.6129807692307693 0.11298076923076923 0.0673076923076923
10 0.8930288461538461 0.7980769230769231 0.21394230769230768 0.40384615384615385