19 0.09014423076923077 0.21033653846153846 0.18028846153846154 0.21875
19 0.46033653846153844 0.18629807692307693 0.2764423076923077 0.1658653846153846
19 0.31009615384615385 0.2644230769230769 0.39903846153846156 0.11057692307692307
19 0.5444711538461539 0.25600961538461536 0.10817307692307693 0.12740384615384615
19 0.278999348536651 0.16149629957642947 0.2102479942939975 0.11535832823286588
19 0.07692307692307693 0.2091346153846154 0.15384615384615385 0.22115384615384615
11 0.8918269230769231 0.15985576923076922 0.21634615384615385 0.31971153846153844
11 0.9110576923076923 0.14903846153846154 0.1778846153846154 0.2980769230769231
2 0.25721153846153844 0.6286057692307693 0.42788461538461536 0.6177884615384616
21 0.7572115384615384 0.7980769230769231 0.3173076923076923 0.34615384615384615
21 0.8449519230769231 0.5600961538461539 0.31009615384615385 0.36538461538461536