0 0.2800480769230769 0.19951923076923078 0.5360576923076923 0.39903846153846156
0 0.4182692307692308 0.15745192307692307 0.25961538461538464 0.31490384615384615
10 0.6971153846153846 0.10697115384615384 0.2980769230769231 0.21394230769230768
10 0.6490384615384616 0.23076923076923078 0.20192307692307693 0.33653846153846156
7 0.14903846153846154 0.7644230769230769 0.2980769230769231 0.3173076923076923
7 0.17668269230769232 0.7043269230769231 0.35336538461538464 0.27403846153846156
7 0.22115384615384615 0.6430288461538461 0.4423076923076923 0.2668269230769231
7 0.042067307692307696 0.7860576923076923 0.08413461538461539 0.2692307692307692
7 0.25721153846153844 0.953125 0.4230769230769231 0.09375
7 0.453125 0.6742788461538461 0.18990384615384615 0.17067307692307693
10 0.8918269230769231 0.6274038461538461 0.21634615384615385 0.4567307692307692
10 0.8557692307692307 0.6995192307692307 0.28846153846153844 0.6009615384615384