20 0.25721153846153844 0.2704326923076923 0.3173076923076923 0.5408653846153846
24 0.8978365384615384 0.3076923076923077 0.20432692307692307 0.2692307692307692
24 0.8377403846153846 0.5336538461538461 0.30528846153846156 0.23076923076923078
24 0.6646634615384616 0.21634615384615385 0.17067307692307693 0.2692307692307692
24 0.640625 0.5420673076923077 0.12259615384615384 0.21394230769230768
24 0.6917245057043329 0.3695965391647854 0.21764766054202658 0.22391068639907383
7 0.055288461538461536 0.8016826923076923 0.11057692307692307 0.30528846153846156
7 0.1502403846153846 0.8245192307692307 0.24278846153846154 0.35096153846153844
7 0.22235576923076922 0.8245192307692307 0.2860576923076923 0.35096153846153844
7 0.2764423076923077 0.8245192307692307 0.39903846153846156 0.35096153846153844
7 0.19831730769230768 0.8245192307692307 0.39663461538461536 0.35096153846153844
24 0.7896634615384616 0.7127403846153846 0.4206730769230769 0.12740384615384615
24 0.84375 0.828125 0.3125 0.34375