24 0.06850961538461539 0.26322115384615385 0.13701923076923078 0.17067307692307693
24 0.2620192307692308 0.3088942307692308 0.16346153846153846 0.07932692307692307
24 0.19831730769230768 0.1466346153846154 0.39663461538461536 0.2932692307692308
25 0.9146634615384616 0.17668269230769232 0.17067307692307693 0.34375
25 0.7980769230769231 0.15745192307692307 0.21634615384615385 0.31490384615384615
7 0.24879807692307693 0.8485576923076923 0.3245192307692308 0.30288461538461536
7 0.328125 0.5793269230769231 0.2620192307692308 0.34615384615384615
7 0.2620192307692308 0.45072115384615385 0.3701923076923077 0.20432692307692307
7 0.15745192307692307 0.4182692307692308 0.31490384615384615 0.13942307692307693
20 0.5600961538461539 0.8665865384615384 0.20192307692307693 0.2668269230769231
20 0.7300870806286721 0.6844866800910447 0.24671293598262276 0.2514833200313272
20 0.7513937787716151 0.4646186708612545 0.20570964741460157 0.211372317974824
20 0.5973557692307693 0.3858173076923077 0.2764423076923077 0.07451923076923077