8 0.7487980769230769 0.04807692307692308 0.4495192307692308 0.09615384615384616
8 0.9290865384615384 0.14783653846153846 0.14182692307692307 0.2860576923076923
8 0.5552884615384616 0.1622596153846154 0.375 0.3245192307692308
8 0.7539154969119201 0.3808010149901814 0.21278328752195108 0.24847389275952927
8 0.5204326923076923 0.40024038461538464 0.30528846153846156 0.23798076923076922
8 0.9627403846153846 0.3858173076923077 0.07451923076923077 0.2668269230769231
8 0.8557692307692307 0.47836538461538464 0.28846153846153844 0.08173076923076923
13 0.18389423076923078 0.7596153846153846 0.36778846153846156 0.4807692307692308
19 0.5096153846153846 0.6514423076923077 0.28365384615384615 0.2644230769230769
19 0.8052884615384616 0.6177884615384616 0.3894230769230769 0.1971153846153846
19 0.5612980769230769 0.5420673076923077 0.33413461538461536 0.04567307692307692
19 0.860445434876733 0.6803846945240057 0.2450343080733367 0.16947541207098354
19 0.6754908891617644 0.7233476725049817 0.10602611376177233 0.09067417651065927