7 0.5132211538461539 0.020432692307692308 0.11778846153846154 0.040865384615384616
7 0.1658653846153846 0.03125 0.07211538461538461 0.0625
7 0.056490384615384616 0.09375 0.11298076923076923 0.1201923076923077
7 0.5168269230769231 0.4266826923076923 0.14423076923076922 0.16105769230769232
7 0.24969464568771882 0.38286736700490565 0.443531804984738 0.2298035433287468
7 0.3088942307692308 0.49158653846153844 0.3389423076923077 0.15625
7 0.12379807692307693 0.4987980769230769 0.24759615384615385 0.14182692307692307
11 0.6899038461538461 0.12620192307692307 0.20192307692307693 0.23798076923076922
11 0.6598557692307693 0.28365384615384615 0.14182692307692307 0.21634615384615385
11 0.6478365384615384 0.453125 0.11778846153846154 0.18990384615384615
11 0.42788461538461536 0.9182692307692307 0.24519230769230768 0.16346153846153846
11 0.41319772453294934 0.7757852316398425 0.2521528068997465 0.22286201048789736
11 0.4206730769230769 0.6141826923076923 0.2932692307692308 0.0889423076923077
11 0.6850961538461539 0.7848557692307693 0.19230769230769232 0.43028846153846156