2 0.4266826923076923 0.26322115384615385 0.1658653846153846 0.35336538461538464
2 0.25600961538461536 0.09375 0.14182692307692307 0.1875
2 0.23317307692307693 0.3317307692307692 0.22596153846153846 0.21634615384615385
14 0.9122596153846154 0.08413461538461539 0.17548076923076922 0.16826923076923078
14 0.6334134615384616 0.10576923076923077 0.24759615384615385 0.21153846153846154
14 0.19471153846153846 0.5516826923076923 0.3894230769230769 0.22355769230769232
14 0.12379807692307693 0.75 0.24759615384615385 0.3173076923076923
14 0.29639359374238244 0.7633362505585581 0.2189762964549629 0.3393474266707294
2 0.6923076923076923 0.875 0.3317307692307692 0.25
2 0.65625 0.5024038461538461 0.1875 0.125
2 0.6930587066053175 0.6431406289389029 0.12223421130587298 0.18107881593121983
2 0.6133689989227995 0.5747759356128201 0.07809787078293641 0.10454428834982685
2 0.7838873917274856 0.6833572672927144 0.19676742771629263 0.18575152796242228
2 0.8461538461538461 0.5324519230769231 0.22596153846153846 0.18509615384615385