25 0.18028846153846154 0.3449519230769231 0.28365384615384615 0.6899038461538461
25 0.46274038461538464 0.578125 0.13221153846153846 0.22355769230769232
25 0.4519230769230769 0.3942307692307692 0.15384615384615385 0.2548076923076923
25 0.4230769230769231 0.30288461538461536 0.21153846153846154 0.1875
25 0.453125 0.18389423076923078 0.15144230769230768 0.24759615384615385
25 0.4254807692307692 0.09735576923076923 0.20673076923076922 0.19471153846153846
20 0.5685096153846154 0.4675480769230769 0.07932692307692307 0.19471153846153846
20 0.6105769230769231 0.6033653846153846 0.16346153846153846 0.125
20 0.6490600649383569 0.34615384615384615 0.21785060501891843 0.15504807692307693
20 0.8140260545726599 0.19110576923076922 0.22596426823035273 0.20673076923076922
20 0.8220530694338943 0.35096153846153844 0.2320787818417 0.2127403846153846
20 0.9603365384615384 0.32091346153846156 0.07932692307692307 0.23317307692307693
20 0.9136211863178672 0.47596153846153844 0.17164695367000357 0.1935096153846154
7 0.3425480769230769 0.8786057692307693 0.3004807692307692 0.24278846153846154
25 0.7896634615384616 0.8449519230769231 0.35336538461538464 0.31009615384615385