21 0.2283653846153846 0.18389423076923078 0.4567307692307692 0.36778846153846156
21 0.15625 0.14302884615384615 0.3125 0.2860576923076923
14 0.7644230769230769 0.10576923076923077 0.47115384615384615 0.21153846153846154
14 0.49399038461538464 0.4735576923076923 0.06971153846153846 0.21153846153846154
14 0.4567307692307692 0.8257211538461539 0.14423076923076922 0.22355769230769232
14 0.19364694560056128 0.6366247405127884 0.34608644414384426 0.330043279612663
14 0.2932692307692308 0.859375 0.375 0.28125
14 0.12860576923076922 0.8521634615384616 0.25721153846153844 0.2956730769230769
11 0.6875 0.6514423076923077 0.3173076923076923 0.21634615384615385
11 0.6911057692307693 0.8064903846153846 0.3245192307692308 0.18028846153846154
11 0.6682692307692307 0.9182692307692307 0.27884615384615385 0.16346153846153846