2 0.3088942307692308 0.25721153846153844 0.11778846153846154 0.36538461538461536
2 0.15144230769230768 0.07932692307692307 0.14423076923076922 0.15865384615384615
2 0.13221153846153846 0.32211538461538464 0.23557692307692307 0.23557692307692307
2 0.6971153846153846 0.29447115384615385 0.11298076923076923 0.14423076923076922
2 0.8004807692307693 0.2403846153846154 0.1346153846153846 0.1310096153846154
2 0.6983173076923077 0.20192307692307693 0.08413461538461539 0.1045673076923077
2 0.7524038461538461 0.10216346153846154 0.14423076923076922 0.13822115384615385
14 0.054086538461538464 0.8822115384615384 0.10817307692307693 0.23557692307692307
14 0.8185096153846154 0.6658653846153846 0.3485576923076923 0.3918269230769231
14 0.7163461538461539 0.8894230769230769 0.22115384615384615 0.22115384615384615
14 0.6478365384615384 0.7235576923076923 0.20552884615384615 0.234375
14 0.515625 0.8533653846153846 0.2956730769230769 0.2932692307692308