23 0.19230769230769232 0.2956730769230769 0.38461538461538464 0.39903846153846156
23 0.4338942307692308 0.24759615384615385 0.2283653846153846 0.22115384615384615
23 0.453125 0.44591346153846156 0.18990384615384615 0.3245192307692308
23 0.39783653846153844 0.11177884615384616 0.3004807692307692 0.15625
10 0.7992788461538461 0.0829326923076923 0.4014423076923077 0.1658653846153846
10 0.8064903846153846 0.16346153846153846 0.3870192307692308 0.14903846153846154
10 0.8016826923076923 0.29927884615384615 0.39663461538461536 0.19951923076923078
10 0.8040865384615384 0.4855769230769231 0.3918269230769231 0.1971153846153846
9 0.29927884615384615 0.8040865384615384 0.49759615384615385 0.3918269230769231
10 0.8377403846153846 0.8100961538461539 0.27163461538461536 0.3798076923076923
10 0.625 0.8425480769230769 0.15384615384615385 0.31490384615384615
10 0.5889423076923077 0.6706730769230769 0.08173076923076923 0.125
10 0.6947706439689646 0.7886104538162069 0.15886570304690267 0.3438132365600804
10 0.953125 0.8149038461538461 0.09375 0.3701923076923077