10 0.16826923076923078 0.13942307692307693 0.33653846153846156 0.27884615384615385
10 0.19951923076923078 0.14783653846153846 0.39903846153846156 0.2620192307692308
10 0.5865384615384616 0.13221153846153846 0.2932692307692308 0.2644230769230769
10 0.4723557692307692 0.13942307692307693 0.1466346153846154 0.27884615384615385
10 0.7800480769230769 0.09375 0.2956730769230769 0.1875
10 0.7079326923076923 0.1141826923076923 0.19471153846153846 0.2283653846153846
10 0.4963942307692308 0.13942307692307693 0.19471153846153846 0.27884615384615385
10 0.203125 0.8870192307692307 0.3918269230769231 0.22596153846153846
10 0.19951923076923078 0.7055288461538461 0.39903846153846156 0.37259615384615385
10 0.15985576923076922 0.4675480769230769 0.31971153846153844 0.37740384615384615
11 0.5096153846153846 0.6706730769230769 0.22115384615384615 0.6105769230769231
11 0.698413832884902 0.6510956445557008 0.1874488610955008 0.627369779521106