10 0.20673076923076922 0.17427884615384615 0.41346153846153844 0.3485576923076923
10 0.26802884615384615 0.17427884615384615 0.5360576923076923 0.3485576923076923
10 0.2776442307692308 0.234375 0.5264423076923077 0.2283653846153846
12 0.8473557692307693 0.17427884615384615 0.30528846153846156 0.3485576923076923
10 0.2403846153846154 0.5564903846153846 0.4807692307692308 0.31009615384615385
10 0.22355769230769232 0.6598557692307693 0.44711538461538464 0.31971153846153844
10 0.07211538461538461 0.8112980769230769 0.14423076923076922 0.17067307692307693
10 0.078125 0.9170673076923077 0.15625 0.1658653846153846
10 0.4254807692307692 0.9483173076923077 0.3269230769230769 0.10336538461538461
10 0.46274038461538464 0.6610576923076923 0.25240384615384615 0.3076923076923077
10 0.5300480769230769 0.8461538461538461 0.11778846153846154 0.15384615384615385
10 0.3894230769230769 0.46274038461538464 0.39903846153846156 0.11778846153846154
12 0.8894230769230769 0.6899038461538461 0.22115384615384615 0.41346153846153844