15 0.4855769230769231 0.35697115384615385 0.34615384615384615 0.27163461538461536
15 0.3329326923076923 0.2956730769230769 0.6514423076923077 0.5913461538461539
22 0.8521634615384616 0.2127403846153846 0.2956730769230769 0.4254807692307692
15 0.6021634615384616 0.6802884615384616 0.11298076923076923 0.125
15 0.5159050804839749 0.7062427873835602 0.20774504549154543 0.14148283637123227
15 0.5120192307692307 0.8737980769230769 0.2932692307692308 0.25240384615384615
15 0.3581730769230769 0.8725961538461539 0.1778846153846154 0.2548076923076923
15 0.234375 0.8341346153846154 0.2283653846153846 0.3317307692307692
15 0.0733173076923077 0.9158653846153846 0.1466346153846154 0.16826923076923078
15 0.08653846153846154 0.8185096153846154 0.17307692307692307 0.20432692307692307
15 0.09495192307692307 0.7223557692307693 0.18990384615384615 0.2091346153846154
15 0.3004807692307692 0.6634615384615384 0.35096153846153844 0.09134615384615384
14 0.8557692307692307 0.8088942307692307 0.28846153846153844 0.38221153846153844