0 0.28125 0.1502403846153846 0.5625 0.3004807692307692
0 0.29927884615384615 0.3425480769230769 0.5985576923076923 0.23317307692307693
20 0.703125 0.19471153846153846 0.2091346153846154 0.3894230769230769
0 0.5180288461538461 0.6370192307692307 0.16105769230769232 0.3557692307692308
0 0.38461538461538464 0.7295673076923077 0.39903846153846156 0.5408653846153846
20 0.7248664481222415 0.9288138223334939 0.0840375579616078 0.09688220291650641
20 0.7297169394188143 0.8219265936977567 0.07572199591146787 0.10509983896399583
20 0.9483173076923077 0.6334134615384616 0.10336538461538461 0.11778846153846154
20 0.9723557692307693 0.7572115384615384 0.055288461538461536 0.07692307692307693
20 0.9867788461538461 0.8834134615384616 0.026442307692307692 0.0985576923076923
20 0.9651442307692307 0.9723557692307693 0.06971153846153846 0.055288461538461536
20 0.8708742358493029 0.6761332402954063 0.10072462462664279 0.08525462312922016