2 0.2692307692307692 0.328125 0.25961538461538464 0.2620192307692308
2 0.31971153846153844 0.14182692307692307 0.15865384615384615 0.28365384615384615
11 0.9447115384615384 0.28846153846153844 0.11057692307692307 0.34134615384615385
11 0.6442307692307693 0.19471153846153846 0.49038461538461536 0.3894230769230769
21 0.055288461538461536 0.9146634615384616 0.11057692307692307 0.17067307692307693
21 0.08774038461538461 0.7235576923076923 0.17548076923076922 0.25961538461538464
21 0.09254807692307693 0.5072115384615384 0.18509615384615385 0.09615384615384616
14 0.8942307692307693 0.8317307692307693 0.21153846153846154 0.33653846153846156
14 0.640625 0.9086538461538461 0.4735576923076923 0.18269230769230768
14 0.7115384615384616 0.6682692307692307 0.5096153846153846 0.4182692307692308
14 0.4326923076923077 0.9110576923076923 0.0673076923076923 0.1778846153846154
14 0.4675480769230769 0.6995192307692307 0.13701923076923078 0.4375