18 0.3449519230769231 0.3918269230769231 0.5264423076923077 0.2932692307692308
16 0.4651442307692308 0.0985576923076923 0.2860576923076923 0.1875
16 0.21373872140384373 0.24040822439301465 0.2563950088546717 0.29214471082658544
12 0.8040865384615384 0.421875 0.3918269230769231 0.23317307692307693
23 0.23386213730931169 0.7893765595337761 0.1886118208412763 0.20531366965033235
23 0.16706730769230768 0.6165865384615384 0.33413461538461536 0.15625
23 0.5084134615384616 0.6177884615384616 0.19951923076923078 0.15865384615384615
23 0.4254807692307692 0.6394230769230769 0.17307692307692307 0.20192307692307693
23 0.35096153846153844 0.6478365384615384 0.15865384615384615 0.21875
12 0.6574519230769231 0.7692307692307693 0.0985576923076923 0.46153846153846156
12 0.8040865384615384 0.7560096153846154 0.3918269230769231 0.3389423076923077
12 0.7427884615384616 0.8221153846153846 0.2692307692307692 0.28846153846153844