4 0.30288461538461536 0.25 0.3701923076923077 0.5
18 0.7439903846153846 0.19591346153846154 0.5120192307692307 0.3918269230769231
23 0.1045673076923077 0.7512019230769231 0.2091346153846154 0.3581730769230769
23 0.12860576923076922 0.5444711538461539 0.25721153846153844 0.0889423076923077
23 0.28846153846153844 0.6887019230769231 0.3125 0.37740384615384615
18 0.8641826923076923 0.578125 0.27163461538461536 0.15625
18 0.6466346153846154 0.5372596153846154 0.25961538461538464 0.07451923076923077
18 0.5216346153846154 0.5733173076923077 0.0673076923076923 0.1466346153846154
18 0.693829284847809 0.7079326923076923 0.33459902875738945 0.26802884615384615
18 0.9170673076923077 0.7716346153846154 0.1658653846153846 0.16346153846153846
18 0.7523415941300511 0.8545673076923077 0.2910992482654453 0.15985576923076922
18 0.5180288461538461 0.7536057692307693 0.06009615384615385 0.17548076923076922
18 0.5324519230769231 0.8653846153846154 0.0889423076923077 0.12980769230769232