19 0.22956730769230768 0.3016826923076923 0.45913461538461536 0.6033653846153846
19 0.8629807692307693 0.49399038461538464 0.27403846153846156 0.34375
19 0.8689903846153846 0.17908653846153846 0.2620192307692308 0.3581730769230769
19 0.7590133202094259 0.4087856819921471 0.1566927630294117 0.33866557180806633
19 0.9435096153846154 0.11658653846153846 0.11298076923076923 0.23317307692307693
19 0.9807692307692307 0.2980769230769231 0.038461538461538464 0.10576923076923077
19 0.35336538461538464 0.9266826923076923 0.21153846153846154 0.1466346153846154
19 0.2439903846153846 0.8846153846153846 0.24759615384615385 0.23076923076923078
19 0.06610576923076923 0.8209134615384616 0.13221153846153846 0.10336538461538461
19 0.018028846153846152 0.9134615384615384 0.036057692307692304 0.17307692307692307
19 0.08413461538461539 0.8882211538461539 0.16826923076923078 0.22355769230769232
8 0.7295673076923077 0.8846153846153846 0.5408653846153846 0.23076923076923078