14 0.057692307692307696 0.13701923076923078 0.11538461538461539 0.27403846153846156
14 0.1141826923076923 0.23557692307692307 0.2283653846153846 0.3605769230769231
14 0.2764423076923077 0.26802884615384615 0.08653846153846154 0.1466346153846154
14 0.23918269230769232 0.3870192307692308 0.16105769230769232 0.16346153846153846
14 0.10336538461538461 0.3605769230769231 0.20673076923076922 0.21634615384615385
11 0.4074519230769231 0.05048076923076923 0.17548076923076922 0.10096153846153846
11 0.4254807692307692 0.15985576923076922 0.21153846153846154 0.1466346153846154
11 0.38822115384615385 0.2692307692307692 0.13701923076923078 0.1201923076923077
11 0.4026442307692308 0.4326923076923077 0.1658653846153846 0.07211538461538461
11 0.7355769230769231 0.15264423076923078 0.28846153846153844 0.30528846153846156
21 0.18629807692307693 0.921875 0.2668269230769231 0.15625
21 0.1778846153846154 0.6213942307692307 0.28365384615384615 0.30528846153846156
21 0.16105769230769232 0.8173076923076923 0.3173076923076923 0.36538461538461536
21 0.8317307692307693 0.9134615384615384 0.3125 0.17307692307692307
21 0.823439257363355 0.763157120097408 0.34481606748242544 0.20467909030258533
21 0.7608173076923077 0.6009615384615384 0.3629807692307692 0.2644230769230769
21 0.5901442307692307 0.5661057692307693 0.38221153846153844 0.19471153846153846