11 0.20552884615384615 0.1141826923076923 0.22355769230769232 0.2283653846153846
11 0.41225961538461536 0.1141826923076923 0.21875 0.2283653846153846
11 0.609375 0.1141826923076923 0.17067307692307693 0.2283653846153846
10 0.8689903846153846 0.1141826923076923 0.2620192307692308 0.2283653846153846
10 0.8689903846153846 0.1141826923076923 0.2620192307692308 0.2283653846153846
10 0.8882211538461539 0.15384615384615385 0.22355769230769232 0.14903846153846154
11 0.4031668049600527 0.511831037715662 0.32318787704762997 0.3010438661317592
11 0.2478003270343063 0.8068774550471607 0.1528706371983427 0.12154990134764723
11 0.18900486205190076 0.6491047539978639 0.1330048559646255 0.13201055506906612
11 0.17392978029332415 0.45327521104078805 0.14666182983645132 0.16347035152253014
11 0.3233173076923077 0.2824519230769231 0.24759615384615385 0.10817307692307693
11 0.5523431287600852 0.7414105119923244 0.35084744024578696 0.23307972152615072
20 0.8978365384615384 0.5324519230769231 0.20432692307692307 0.6081730769230769
20 0.9026442307692307 0.8521634615384616 0.19471153846153846 0.2956730769230769