25 0.4831730769230769 0.03125 0.14903846153846154 0.0625
25 0.4855769230769231 0.18028846153846154 0.14423076923076922 0.20673076923076922
25 0.49759615384615385 0.37740384615384615 0.1201923076923077 0.22596153846153846
25 0.515625 0.5228365384615384 0.08413461538461539 0.13221153846153846
25 0.35096153846153844 0.09615384615384616 0.25 0.19230769230769232
25 0.38308138851049134 0.30699793004818726 0.2505158029775543 0.2474931638934688
25 0.38341346153846156 0.49158653846153844 0.2620192307692308 0.19471153846153846
25 0.14182692307692307 0.09495192307692307 0.28365384615384615 0.18990384615384615
25 0.20317597849765537 0.2851190903194969 0.24646399210182898 0.26174835250168155
25 0.21394230769230768 0.4891826923076923 0.27884615384615385 0.19951923076923078
24 0.7824519230769231 0.234375 0.43509615384615385 0.46875
6 0.41947115384615385 0.7764423076923077 0.2764423076923077 0.2932692307692308
11 0.3918269230769231 0.9387019230769231 0.22115384615384615 0.12259615384615384
11 0.09375 0.9122596153846154 0.1778846153846154 0.17548076923076922
11 0.0829326923076923 0.9387019230769231 0.1658653846153846 0.12259615384615384
24 0.7572115384615384 0.9675480769230769 0.22596153846153846 0.06490384615384616
24 0.6793775954136064 0.8843292900913929 0.1926498573561812 0.17348903573586227
24 0.5985576923076923 0.7427884615384616 0.08173076923076923 0.14903846153846154
24 0.7348227020485817 0.7518964535692425 0.19442380231672154 0.1615537491240636
24 0.8389423076923077 0.6682692307692307 0.1875 0.15865384615384615
24 0.8719525806275474 0.8274688158451848 0.21440023136017372 0.22223751207224204
24 0.9507211538461539 0.9050480769230769 0.0985576923076923 0.18990384615384615
24 0.9867788461538461 0.6850961538461539 0.026442307692307692 0.1875