10 0.17908653846153846 0.2800480769230769 0.3581730769230769 0.2956730769230769
10 0.18990384615384615 0.09254807692307693 0.3798076923076923 0.18509615384615385
10 0.5060096153846154 0.21394230769230768 0.19471153846153846 0.42788461538461536
10 0.5745192307692307 0.21394230769230768 0.3317307692307692 0.42788461538461536
10 0.6995192307692307 0.21394230769230768 0.4375 0.42788461538461536
11 0.31490384615384615 0.7091346153846154 0.1875 0.27884615384615385
11 0.30649038461538464 0.8894230769230769 0.20432692307692307 0.22115384615384615
11 0.20432692307692307 0.7211538461538461 0.40865384615384615 0.5576923076923077
10 0.45913461538461536 0.7055288461538461 0.10096153846153846 0.5552884615384616
10 0.5552884615384616 0.7139423076923077 0.25 0.5721153846153846
10 0.7247596153846154 0.7139423076923077 0.23798076923076922 0.5721153846153846