21 0.23076923076923078 0.09735576923076923 0.46153846153846156 0.19471153846153846
21 0.4735576923076923 0.1346153846153846 0.23076923076923078 0.2692307692307692
0 0.6346153846153846 0.22956730769230768 0.09134615384615384 0.07932692307692307
0 0.6538461538461539 0.08413461538461539 0.12980769230769232 0.10576923076923077
0 0.7321628372361104 0.17070525853202473 0.18858380979521228 0.13790116822943949
2 0.14182692307692307 0.6466346153846154 0.28365384615384615 0.3076923076923077
2 0.37605741987099733 0.7583888585173401 0.2883093585470876 0.2759693220878305
2 0.5384615384615384 0.7836538461538461 0.10096153846153846 0.2644230769230769
2 0.4879807692307692 0.6117788461538461 0.20192307692307693 0.2091346153846154
14 0.8665865384615384 0.8990384615384616 0.2668269230769231 0.20192307692307693
14 0.9375 0.7956730769230769 0.125 0.3942307692307692
14 0.8449519230769231 0.6286057692307693 0.31009615384615385 0.30528846153846156
14 0.8413461538461539 0.39783653846153844 0.3173076923076923 0.25721153846153844
14 0.9699519230769231 0.5084134615384616 0.06009615384615385 0.21875
14 0.6995192307692307 0.44711538461538464 0.22115384615384615 0.2932692307692308
14 0.6959134615384616 0.7536057692307693 0.21394230769230768 0.31009615384615385