24 0.3701923076923077 0.03365384615384615 0.3269230769230769 0.0673076923076923
24 0.29927884615384615 0.22596153846153846 0.3485576923076923 0.3076923076923077
24 0.4362980769230769 0.35216346153846156 0.35336538461538464 0.055288461538461536
24 0.5372596153846154 0.2704326923076923 0.16105769230769232 0.21875
7 0.8088942307692307 0.057692307692307696 0.38221153846153844 0.11538461538461539
20 0.12980769230769232 0.7956730769230769 0.25961538461538464 0.3894230769230769
20 0.26322115384615385 0.9266826923076923 0.3389423076923077 0.1466346153846154
20 0.3545673076923077 0.5120192307692307 0.4110576923076923 0.2644230769230769
20 0.44711538461538464 0.4326923076923077 0.34134615384615385 0.10576923076923077
20 0.4699519230769231 0.6778846153846154 0.2956730769230769 0.23076923076923078
0 0.8088942307692307 0.796875 0.38221153846153844 0.40625
0 0.8689903846153846 0.6514423076923077 0.2620192307692308 0.5432692307692307