16 0.37719576669171506 0.22679697923784753 0.20873728631161972 0.20099031748984222
16 0.533665201420059 0.2648175090689353 0.1816395132508337 0.20594527716246183
16 0.4177534791105683 0.3311191058100533 0.1620071567222391 0.15178520420150113
14 0.859375 0.3581730769230769 0.25240384615384615 0.16346153846153846
14 0.872564549320398 0.23057439508929636 0.24861876317014867 0.175578087887695
14 0.8425480769230769 0.109375 0.27163461538461536 0.21875
16 0.5072115384615384 0.671875 0.28365384615384615 0.2956730769230769
16 0.3063540306544249 0.6043476960244554 0.3268556096467354 0.3253031359088749
16 0.5432692307692307 0.5492788461538461 0.21153846153846154 0.21875
15 0.8245192307692307 0.7199519230769231 0.35096153846153844 0.5600961538461539
15 0.8245192307692307 0.7115384615384616 0.35096153846153844 0.5432692307692307
16 0.9543269230769231 0.5600961538461539 0.09134615384615384 0.2403846153846154
16 0.953125 0.8149038461538461 0.09375 0.3701923076923077