10 0.171875 0.19951923076923078 0.34375 0.39903846153846156
10 0.21995192307692307 0.19951923076923078 0.43990384615384615 0.39903846153846156
10 0.3016826923076923 0.19951923076923078 0.4735576923076923 0.39903846153846156
25 0.7692307692307693 0.2860576923076923 0.46153846153846156 0.22596153846153846
6 0.10216346153846154 0.7475961538461539 0.20432692307692307 0.5048076923076923
22 0.3485576923076923 0.5480769230769231 0.3798076923076923 0.2980769230769231
5 0.3425480769230769 0.8954326923076923 0.3918269230769231 0.2091346153846154
4 0.35216346153846156 0.7379807692307693 0.37259615384615385 0.3125
7 0.7680288461538461 0.8137019230769231 0.25240384615384615 0.37259615384615385
7 0.7451923076923077 0.9387019230769231 0.41346153846153844 0.12259615384615384
7 0.7692307692307693 0.9290865384615384 0.46153846153846156 0.14182692307692307
7 0.7692307692307693 0.8497596153846154 0.46153846153846156 0.18990384615384615