6 0.27403846153846156 0.2956730769230769 0.5480769230769231 0.5913461538461539
20 0.857714316683047 0.6014495203087475 0.1826607063004271 0.15095115198777237
20 0.8236262313497852 0.4709796207740889 0.2592977405932331 0.2085205715709047
20 0.6466346153846154 0.328125 0.1971153846153846 0.24278846153846154
20 0.5841346153846154 0.5108173076923077 0.07211538461538461 0.23317307692307693
7 0.3798076923076923 0.8497596153846154 0.33653846153846156 0.3004807692307692
7 0.12139423076923077 0.8052884615384616 0.24278846153846154 0.21153846153846154
7 0.12139423076923077 0.8497596153846154 0.24278846153846154 0.3004807692307692
20 0.9326923076923077 0.7836538461538461 0.1346153846153846 0.16826923076923078
20 0.8863850327705123 0.8387442981550469 0.12202406858561236 0.11258792401357412
20 0.9110576923076923 0.9459134615384616 0.12980769230769232 0.10817307692307693
20 0.8377403846153846 0.9807692307692307 0.12259615384615384 0.038461538461538464