9 0.2548076923076923 0.10817307692307693 0.5096153846153846 0.21634615384615385
9 0.2127403846153846 0.16947115384615385 0.4254807692307692 0.3389423076923077
18 0.5348557692307693 0.13942307692307693 0.05048076923076923 0.2403846153846154
18 0.6141826923076923 0.3870192307692308 0.2091346153846154 0.28365384615384615
18 0.6286057692307693 0.06490384615384616 0.23798076923076922 0.12980769230769232
18 0.681163551995822 0.16310992181832315 0.27631798785727213 0.2789351037518164
18 0.7716346153846154 0.3485576923076923 0.2980769230769231 0.3605769230769231
18 0.8737980769230769 0.4675480769230769 0.2091346153846154 0.12259615384615384
18 0.9363747390677083 0.2761516658846161 0.11001678321621547 0.24385251914278852
18 0.8545673076923077 0.078125 0.23317307692307693 0.15625
9 0.3317307692307692 0.7800480769230769 0.3557692307692308 0.43990384615384615
10 0.6586538461538461 0.8449519230769231 0.28846153846153844 0.31009615384615385
10 0.9098557692307693 0.8822115384615384 0.18028846153846154 0.23557692307692307
10 0.5588942307692307 0.84375 0.0985576923076923 0.3125
10 0.9735576923076923 0.7524038461538461 0.052884615384615384 0.10576923076923077
10 0.8028846153846154 0.8473557692307693 0.15384615384615385 0.30528846153846156