7 0.18519267903874798 0.3167151911395297 0.10834432681159083 0.13688136529663467
7 0.30087063895672084 0.6126660088858972 0.17059894732540598 0.16472242649588673
7 0.4423076923076923 0.3137019230769231 0.11538461538461539 0.18028846153846154
7 0.18225010886535953 0.044632974632692064 0.14128700886088333 0.08486397708632488
7 0.22527376178232258 0.1291302609900638 0.06048840396510039 0.06498877630331204
7 0.3178709939490697 0.09807407660293767 0.13694529953764262 0.10515679404332275
7 0.3965846666766137 0.1034672355054483 0.06039029184384285 0.0637868532263889
7 0.4551110265826501 0.08283771276773456 0.04918053566650608 0.05872738528744666
7 0.33052884615384615 0.04447115384615385 0.3389423076923077 0.0889423076923077
6 0.8052884615384616 0.3629807692307692 0.3894230769230769 0.7115384615384616
20 0.13701923076923078 0.8257211538461539 0.27403846153846156 0.21394230769230768
20 0.4411057692307692 0.90625 0.11778846153846154 0.1875
20 0.40865384615384615 0.8918269230769231 0.18269230769230768 0.21634615384615385
20 0.43149038461538464 0.8076923076923077 0.13701923076923078 0.1778846153846154
20 0.28725961538461536 0.8533653846153846 0.1658653846153846 0.2692307692307692
20 0.75 0.9182692307692307 0.5 0.16346153846153846