7 0.35216346153846156 0.26802884615384615 0.4735576923076923 0.5216346153846154
0 0.7095490804346014 0.3851863724303429 0.2001101483036321 0.14537056040767518
0 0.6598557692307693 0.19951923076923078 0.14182692307692307 0.15865384615384615
0 0.6887019230769231 0.051682692307692304 0.19951923076923078 0.10336538461538461
0 0.8774038461538461 0.037259615384615384 0.14423076923076922 0.07451923076923077
0 0.851090588748384 0.1679801307635792 0.2051847579022111 0.19587230739016653
0 0.8918269230769231 0.4723557692307692 0.16826923076923078 0.11298076923076923
0 0.9206730769230769 0.31850961538461536 0.15865384615384615 0.15625
0 0.9807692307692307 0.1622596153846154 0.038461538461538464 0.19951923076923078
7 0.3293269230769231 0.7644230769230769 0.4326923076923077 0.47115384615384615
20 0.8978365384615384 0.6045673076923077 0.20432692307692307 0.15144230769230768
20 0.9206730769230769 0.8846153846153846 0.15865384615384615 0.23076923076923078