19 0.421875 0.11057692307692307 0.24759615384615385 0.22115384615384615
19 0.43028846153846156 0.2692307692307692 0.36538461538461536 0.13942307692307693
19 0.548837274665919 0.18578055830196044 0.10652656754107917 0.14425495012043849
19 0.5552884615384616 0.051682692307692304 0.1346153846153846 0.10336538461538461
24 0.19080608297163495 0.6541151191237591 0.34026216068408144 0.3420809037421279
24 0.49369069835625035 0.6788393736806075 0.2831003743853635 0.30862348019687924
24 0.6610576923076923 0.609375 0.07692307692307693 0.21875
24 0.4264079663015493 0.519793277407815 0.32250804053637816 0.09470555176032378
24 0.042067307692307696 0.49759615384615385 0.08413461538461539 0.11057692307692307
24 0.20432692307692307 0.9122596153846154 0.24519230769230768 0.17548076923076922
24 0.06610576923076923 0.8052884615384616 0.13221153846153846 0.25
19 0.8713942307692307 0.5889423076923077 0.25721153846153844 0.5
19 0.8521634615384616 0.8641826923076923 0.2956730769230769 0.27163461538461536
19 0.9038461538461539 0.8629807692307693 0.19230769230769232 0.27403846153846156