14 0.11778846153846154 0.16466346153846154 0.23557692307692307 0.3293269230769231
14 0.6598557692307693 0.16466346153846154 0.4206730769230769 0.3293269230769231
20 0.22189929546342294 0.8640185825822388 0.2360960759315369 0.25934450634783546
20 0.3605769230769231 0.6514423076923077 0.1778846153846154 0.25
20 0.3954326923076923 0.8798076923076923 0.10817307692307693 0.2403846153846154
20 0.41346153846153844 0.5192307692307693 0.07211538461538461 0.14903846153846154
20 0.10576923076923077 0.9290865384615384 0.07211538461538461 0.14182692307692307
0 0.9266826923076923 0.42427884615384615 0.1466346153846154 0.18990384615384615
0 0.8299893006046811 0.8287812351042148 0.14236006157272577 0.2572726072849072
0 0.9459134615384616 0.8581730769230769 0.10817307692307693 0.18269230769230768
0 0.7326886318733531 0.7335813090938059 0.140416899512796 0.19352871212926787
0 0.6905382523992265 0.8312461500814297 0.10468087695244623 0.21991378053701746
0 0.6983173076923077 0.9555288461538461 0.14182692307692307 0.0889423076923077
0 0.8548364031361511 0.5874312619091305 0.21160923180971955 0.1167201137753074
0 0.9375 0.671875 0.125 0.15144230769230768