21 0.20432692307692307 0.3713942307692308 0.40865384615384615 0.4735576923076923
24 0.08052884615384616 0.9663461538461539 0.16105769230769232 0.0673076923076923
24 0.04927884615384615 0.7475961538461539 0.0985576923076923 0.16826923076923078
24 0.11880749786683308 0.7593293810866728 0.1250247100248953 0.1637003239734517
24 0.09375 0.6490384615384616 0.1875 0.08173076923076923
24 0.890625 0.9242788461538461 0.21875 0.15144230769230768
24 0.6394230769230769 0.9591346153846154 0.22596153846153846 0.08173076923076923
24 0.7463942307692307 0.8990384615384616 0.22355769230769232 0.20192307692307693
24 0.8882211538461539 0.7487980769230769 0.22355769230769232 0.2283653846153846
24 0.9483173076923077 0.6742788461538461 0.10336538461538461 0.13221153846153846
24 0.5 0.8954326923076923 0.18269230769230768 0.2091346153846154
24 0.6078632802514097 0.7605369817967023 0.1898022062220656 0.2522976773103658
24 0.7475961538461539 0.6802884615384616 0.1778846153846154 0.14423076923076922