7 0.46875 0.09134615384615384 0.13942307692307693 0.18269230769230768
7 0.3629807692307692 0.21754807692307693 0.2403846153846154 0.43509615384615385
7 0.2956730769230769 0.23317307692307693 0.28365384615384615 0.46634615384615385
7 0.24158653846153846 0.24759615384615385 0.3870192307692308 0.4951923076923077
7 0.3293269230769231 0.1310096153846154 0.3942307692307692 0.2620192307692308
6 0.695768397608261 0.2780661439134033 0.1527052995925995 0.14976081474645644
6 0.5697115384615384 0.27524038461538464 0.0625 0.11298076923076923
6 0.5997596153846154 0.21514423076923078 0.12259615384615384 0.13701923076923078
6 0.75645599009525 0.15392364371947911 0.13495499078392334 0.12214185396856081
6 0.5997596153846154 0.13341346153846154 0.12259615384615384 0.11298076923076923
6 0.9339361518985471 0.11873224785926749 0.10958868993239052 0.11677110510940981
6 0.9831730769230769 0.11658653846153846 0.03365384615384615 0.14182692307692307
6 0.8622824601490391 0.1105538929513476 0.12462608083036605 0.10103678846910405
25 0.3088942307692308 0.7788461538461539 0.45913461538461536 0.4423076923076923
25 0.65625 0.8834134615384616 0.23557692307692307 0.23317307692307693
25 0.6598557692307693 0.7271634615384616 0.24278846153846154 0.33413461538461536