6 0.08533653846153846 0.2403846153846154 0.17067307692307693 0.4807692307692308
21 0.8004807692307693 0.203125 0.39903846153846156 0.40625
21 0.8257211538461539 0.5564903846153846 0.3485576923076923 0.1466346153846154
21 0.8810096153846154 0.13942307692307693 0.23798076923076922 0.27884615384615385
21 0.8882211538461539 0.4807692307692308 0.22355769230769232 0.2980769230769231
24 0.2247596153846154 0.6502403846153846 0.17548076923076922 0.040865384615384616
24 0.16105769230769232 0.6526442307692307 0.10576923076923077 0.04567307692307692
24 0.06129807692307692 0.6574519230769231 0.12259615384615384 0.055288461538461536
24 0.2980769230769231 0.6730769230769231 0.1201923076923077 0.08653846153846154
11 0.4951923076923077 0.7235576923076923 0.17307692307692307 0.12980769230769232
11 0.5216346153846154 0.6646634615384616 0.22596153846153846 0.06971153846153846
11 0.6887019230769231 0.671875 0.24759615384615385 0.08413461538461539
11 0.8918269230769231 0.6862980769230769 0.21634615384615385 0.11298076923076923