1 0.6141826923076923 0.14783653846153846 0.12740384615384615 0.24759615384615385
1 0.6069711538461539 0.3425480769230769 0.14182692307692307 0.23317307692307693
1 0.46033653846153844 0.07932692307692307 0.1658653846153846 0.15865384615384615
1 0.24158653846153846 0.0829326923076923 0.1466346153846154 0.1658653846153846
1 0.05889423076923077 0.16105769230769232 0.11778846153846154 0.17307692307692307
1 0.03365384615384615 0.38221153846153844 0.0673076923076923 0.21634615384615385
1 0.12980769230769232 0.49399038461538464 0.1778846153846154 0.15144230769230768
1 0.365480436640384 0.47575766621233906 0.22356070712483983 0.1691432366044814
1 0.35737771569059784 0.30825866274810304 0.2078517819144232 0.16453617187721895
10 0.7427884615384616 0.4543269230769231 0.12980769230769232 0.23076923076923078
23 0.4651442307692308 0.859375 0.25240384615384615 0.28125
12 0.8389423076923077 0.7848557692307693 0.32211538461538464 0.43028846153846156
12 0.9567307692307693 0.7391826923076923 0.08653846153846154 0.3389423076923077