0 0.21995192307692307 0.09975961538461539 0.43990384615384615 0.19951923076923078
0 0.8713942307692307 0.09975961538461539 0.25721153846153844 0.19951923076923078
0 0.65625 0.09975961538461539 0.28365384615384615 0.19951923076923078
20 0.11899038461538461 0.6610576923076923 0.23798076923076922 0.40384615384615385
20 0.06610576923076923 0.23677884615384615 0.13221153846153846 0.07451923076923077
20 0.10817307692307693 0.2848557692307692 0.1346153846153846 0.17067307692307693
20 0.3485576923076923 0.8617788461538461 0.125 0.2764423076923077
15 0.25961538461538464 0.9254807692307693 0.11538461538461539 0.14903846153846154
22 0.29927884615384615 0.33653846153846156 0.28125 0.27403846153846156
0 0.6418269230769231 0.9266826923076923 0.22115384615384615 0.1466346153846154
0 0.6303482016219808 0.45709896603146416 0.1394716370684984 0.1500603808682585
0 0.9050480769230769 0.9302884615384616 0.18990384615384615 0.13942307692307693
0 0.9423076923076923 0.29927884615384615 0.11538461538461539 0.19471153846153846