6 0.018028846153846152 0.1346153846153846 0.036057692307692304 0.22115384615384615
6 0.21394230769230768 0.12259615384615384 0.3173076923076923 0.24519230769230768
6 0.39903846153846156 0.08533653846153846 0.1201923076923077 0.17067307692307693
7 0.5757211538461539 0.042067307692307696 0.23317307692307693 0.08413461538461539
7 0.6009615384615384 0.054086538461538464 0.18269230769230768 0.10817307692307693
7 0.7295673076923077 0.06370192307692307 0.17067307692307693 0.12740384615384615
7 0.6670861813233888 0.30528846153846156 0.10415652784637103 0.1141826923076923
7 0.7447015865428974 0.265625 0.108586586537828 0.09254807692307693
7 0.8294446116425589 0.23076923076923078 0.13544848713706378 0.11658653846153846
7 0.9507211538461539 0.32091346153846156 0.0985576923076923 0.17548076923076922
17 0.11298076923076923 0.6466346153846154 0.22596153846153846 0.23557692307692307
17 0.36658653846153844 0.6105769230769231 0.18509615384615385 0.14423076923076922
17 0.3425480769230769 0.5444711538461539 0.23317307692307693 0.03125
17 0.0985576923076923 0.8786057692307693 0.1971153846153846 0.19951923076923078
24 0.7980769230769231 0.9170673076923077 0.40384615384615385 0.1658653846153846
24 0.6201923076923077 0.765625 0.32211538461538464 0.36778846153846156
24 0.9110576923076923 0.6971153846153846 0.1778846153846154 0.33653846153846156
24 0.671875 0.5745192307692307 0.4254807692307692 0.09134615384615384