10 0.10576923076923077 0.13822115384615385 0.21153846153846154 0.2764423076923077
10 0.2776442307692308 0.12139423076923077 0.25721153846153844 0.24278846153846154
10 0.28966346153846156 0.06370192307692307 0.36778846153846156 0.12740384615384615
11 0.6322115384615384 0.15504807692307693 0.3076923076923077 0.31009615384615385
11 0.8942307692307693 0.08413461538461539 0.21153846153846154 0.16826923076923078
11 0.15504807692307693 0.6911057692307693 0.23798076923076922 0.40625
10 0.8016826923076923 0.8762019230769231 0.39663461538461536 0.24759615384615385
10 0.7800480769230769 0.6358173076923077 0.43028846153846156 0.2956730769230769
10 0.8942307692307693 0.65625 0.21153846153846154 0.33653846153846156
10 0.6346153846153846 0.6141826923076923 0.3125 0.25240384615384615
10 0.6418269230769231 0.8004807692307693 0.3269230769230769 0.2692307692307692