20 0.054086538461538464 0.03365384615384615 0.10817307692307693 0.0673076923076923
20 0.036057692307692304 0.11298076923076923 0.07211538461538461 0.125
20 0.1288270163419815 0.10675465034596332 0.12360731327414926 0.13428852335083358
20 0.21338896064197854 0.2681838929777137 0.1136561520290363 0.12450530157267756
20 0.1693489652500168 0.3239399900059738 0.08264271729549044 0.0963365796697864
20 0.1116719247635513 0.2880562181532302 0.13892707105610527 0.19461545329579785
20 0.08533653846153846 0.2127403846153846 0.17067307692307693 0.1466346153846154
20 0.6790865384615384 0.265625 0.4831730769230769 0.53125
20 0.15384615384615385 0.8040865384615384 0.3076923076923077 0.3918269230769231
7 0.6033653846153846 0.9555288461538461 0.5913461538461539 0.0889423076923077
7 0.6298076923076923 0.8016826923076923 0.6442307692307693 0.2860576923076923
7 0.6346153846153846 0.6478365384615384 0.6538461538461539 0.07932692307692307