7 0.3094412550243067 0.1801423843700315 0.22534080120407884 0.32473923916924885
7 0.42427884615384615 0.2644230769230769 0.15144230769230768 0.5288461538461539
7 0.44711538461538464 0.2644230769230769 0.10576923076923077 0.5288461538461539
7 0.44711538461538464 0.2644230769230769 0.10576923076923077 0.5288461538461539
7 0.4026442307692308 0.19591346153846154 0.19471153846153846 0.3918269230769231
24 0.8100961538461539 0.48197115384615385 0.17307692307692307 0.09375
24 0.8359962454142822 0.361462114195151 0.2720200088546717 0.29491176574443867
24 0.6286057692307693 0.45913461538461536 0.15625 0.13942307692307693
24 0.5300480769230769 0.28966346153846156 0.06009615384615385 0.12259615384615384
24 0.5725233585474621 0.33967943798127653 0.08716779409012733 0.115237149653605
24 0.6514307265899411 0.2610886533629078 0.14875955953731504 0.1707216370684984
24 0.7406589288673028 0.09627832119168467 0.1028207644257569 0.12132029953764263
24 0.5240384615384616 0.08653846153846154 0.04807692307692308 0.14903846153846154
24 0.6177884615384616 0.06009615384615385 0.16826923076923078 0.1201923076923077
7 0.29447115384615385 0.6033653846153846 0.4110576923076923 0.14903846153846154
7 0.2620192307692308 0.6923076923076923 0.47596153846153844 0.3269230769230769
7 0.26322115384615385 0.7776442307692307 0.4735576923076923 0.4254807692307692
7 0.25 0.8413461538461539 0.5 0.3173076923076923
7 0.24278846153846154 0.9579326923076923 0.4855769230769231 0.08413461538461539