11 0.21033653846153846 0.23918269230769232 0.4206730769230769 0.47836538461538464
11 0.6141826923076923 0.08774038461538461 0.27163461538461536 0.17548076923076922
11 0.7750666170875535 0.27423273788420777 0.3521497895131608 0.3495823414063034
11 0.734375 0.11899038461538461 0.53125 0.23798076923076922
10 0.234375 0.5733173076923077 0.46875 0.18990384615384615
10 0.7403846153846154 0.6502403846153846 0.2692307692307692 0.34375
10 0.8277231656394316 0.6086279220739717 0.1827722906441901 0.21093278159222967
10 0.7295673076923077 0.5084134615384616 0.27163461538461536 0.06009615384615385
10 0.8149038461538461 0.8533653846153846 0.11057692307692307 0.2932692307692308
10 0.7235576923076923 0.8257211538461539 0.16346153846153846 0.3485576923076923
10 0.8257211538461539 0.8701923076923077 0.25240384615384615 0.25961538461538464