5 0.21153846153846154 0.19230769230769232 0.27884615384615385 0.38461538461538464
8 0.6115919629931287 0.2685863818344043 0.23495500097380337 0.1953466771217765
8 0.7777206177478413 0.2023921703519617 0.1971802829775637 0.24827912672289296
8 0.5769230769230769 0.0889423076923077 0.23557692307692307 0.1778846153846154
8 0.8161057692307693 0.018028846153846152 0.16105769230769232 0.036057692307692304
7 0.6683837602877468 0.10330627910795859 0.1239430899038776 0.14528918965818877
7 0.726282149784224 0.38315738351956835 0.17554183805413798 0.14438915626186216
7 0.8679907647532202 0.2033750103544993 0.11394995658004867 0.1341921028482031
5 0.21875 0.7740384615384616 0.4375 0.4519230769230769
16 0.6995192307692307 0.9615384615384616 0.3557692307692308 0.07692307692307693
16 0.7366796857399716 0.7817890382083044 0.3712111261979241 0.34939905221552425
16 0.8701923076923077 0.9362980769230769 0.25961538461538464 0.12740384615384615