23 0.2439903846153846 0.16466346153846154 0.4879807692307692 0.3293269230769231
12 0.9639423076923077 0.08413461538461539 0.07211538461538461 0.16826923076923078
12 0.9002403846153846 0.2692307692307692 0.19951923076923078 0.1201923076923077
18 0.23677884615384615 0.6646634615384616 0.4735576923076923 0.6706730769230769
23 0.8284600184974575 0.7285730082095536 0.26542917428005536 0.26411489753969164
23 0.6662004031128421 0.7200693420999256 0.23578126524652726 0.2362238171027807
23 0.7037002234176474 0.5277565389825912 0.20664395117085815 0.24666829488874692
23 0.8064639367904322 0.5729631310221437 0.18380599330104316 0.16645951014119584
3 0.8617788461538461 0.4230769230769231 0.25240384615384615 0.1875
16 0.9350961538461539 0.5540865384615384 0.12980769230769232 0.21875
7 0.9447115384615384 0.6802884615384616 0.11057692307692307 0.17307692307692307