23 0.09975961538461539 0.3485576923076923 0.19951923076923078 0.3798076923076923
10 0.6911057692307693 0.41466346153846156 0.3581730769230769 0.24759615384615385
10 0.7370951151399778 0.2921828914614214 0.42256107457807457 0.3563959304285064
10 0.8028846153846154 0.1346153846153846 0.3942307692307692 0.22596153846153846
10 0.4675480769230769 0.2644230769230769 0.0985576923076923 0.14423076923076922
10 0.43990384615384615 0.0985576923076923 0.04326923076923077 0.0625
10 0.33653846153846156 0.8689903846153846 0.16346153846153846 0.2620192307692308
10 0.3425480769230769 0.7379807692307693 0.15144230769230768 0.3557692307692308
10 0.03485576923076923 0.8389423076923077 0.06971153846153846 0.15384615384615385
10 0.20677432744451243 0.7130975927129648 0.10655240016685934 0.14263009767257395
10 0.03485576923076923 0.5757211538461539 0.06971153846153846 0.07451923076923077
10 0.17067307692307693 0.5576923076923077 0.0673076923076923 0.038461538461538464
23 0.765625 0.6658653846153846 0.46875 0.2548076923076923