22 0.21754807692307693 0.18389423076923078 0.43509615384615385 0.36778846153846156
2 0.65625 0.18389423076923078 0.41346153846153844 0.36778846153846156
19 0.11298076923076923 0.4326923076923077 0.22596153846153846 0.12980769230769232
19 0.2848557692307692 0.40384615384615385 0.18990384615384615 0.07211538461538461
19 0.17307692307692307 0.39302884615384615 0.14903846153846154 0.05048076923076923
19 0.34375 0.6141826923076923 0.21153846153846154 0.36778846153846156
19 0.24026127080985824 0.5938433076562444 0.2582621456813269 0.29835742778836843
19 0.1346153846153846 0.7007211538461539 0.2692307692307692 0.36778846153846156
19 0.19201904623461166 0.8892157034713032 0.19775956617538362 0.1597936373307521
19 0.24278846153846154 0.9326923076923077 0.21634615384615385 0.1346153846153846
8 0.78125 0.7584134615384616 0.4375 0.4831730769230769