12 0.19591346153846154 0.31971153846153844 0.3918269230769231 0.33653846153846156
12 0.17427884615384615 0.1875 0.3485576923076923 0.28365384615384615
25 0.7848557692307693 0.2439903846153846 0.43028846153846156 0.4879807692307692
20 0.11177884615384616 0.9483173076923077 0.22355769230769232 0.10336538461538461
20 0.13701923076923078 0.8197115384615384 0.27403846153846156 0.28846153846153844
20 0.17910558425679143 0.6644166805091916 0.2690438351206522 0.255340476865674
20 0.328125 0.8737980769230769 0.24759615384615385 0.25240384615384615
18 0.7632211538461539 0.5829326923076923 0.3245192307692308 0.18990384615384615
18 0.7223557692307693 0.8040865384615384 0.30528846153846156 0.3918269230769231
18 0.6286057692307693 0.8942307692307693 0.11778846153846154 0.21153846153846154
18 0.6189903846153846 0.6622596153846154 0.0985576923076923 0.3485576923076923