4 0.22956730769230768 0.2091346153846154 0.45913461538461536 0.4182692307692308
4 0.6165865384615384 0.2091346153846154 0.31490384615384615 0.4182692307692308
18 0.1045673076923077 0.6646634615384616 0.2091346153846154 0.3004807692307692
18 0.13922104707953367 0.8793240766029377 0.1997931962688478 0.17746900908872887
18 0.26345081977453894 0.8884339000777239 0.16875812295198392 0.21755109174022444
18 0.23480160869750263 0.7174820773923073 0.17325772433767847 0.21285529971308775
18 0.346379827270919 0.6992833709395294 0.18746403217196317 0.2659916907289532
18 0.3088942307692308 0.5168269230769231 0.18990384615384615 0.1971153846153846
18 0.1658653846153846 0.5228365384615384 0.1971153846153846 0.2091346153846154
23 0.8293269230769231 0.7584134615384616 0.34134615384615385 0.43509615384615385
23 0.6165865384615384 0.8052884615384616 0.31490384615384615 0.3701923076923077
23 0.6177884615384616 0.6009615384615384 0.3173076923076923 0.1346153846153846
23 0.8617788461538461 0.8966346153846154 0.2764423076923077 0.20673076923076922