19 0.2920673076923077 0.5829326923076923 0.24759615384615385 0.15144230769230768
19 0.3329326923076923 0.20552884615384615 0.17067307692307693 0.39663461538461536
19 0.07091346153846154 0.6189903846153846 0.14182692307692307 0.07932692307692307
19 0.09254807692307693 0.5685096153846154 0.18509615384615385 0.18028846153846154
19 0.10272625544726989 0.45235122725172705 0.19802529335797095 0.18263017579229057
19 0.1295173621039836 0.3791947489892895 0.19064592720216675 0.16816514336576915
19 0.14618960106251583 0.26271309928636205 0.18845186566615268 0.18618000435180052
2 0.5144230769230769 0.5024038461538461 0.19230769230769232 0.21634615384615385
2 0.6891265447044714 0.5390015701327069 0.1837001159232156 0.19095972632386313
2 0.8162358503280387 0.4111440073800293 0.21739591900062813 0.19476128790403963
2 0.5942288800616755 0.3365400642487604 0.24506812105223652 0.19732596348775602
2 0.7718609118395783 0.21258195925096268 0.22490115592713153 0.22004362802286875
21 0.28966346153846156 0.7692307692307693 0.25721153846153844 0.22115384615384615
21 0.12379807692307693 0.7740384615384616 0.24759615384615385 0.23076923076923078
2 0.8473557692307693 0.9435096153846154 0.30528846153846156 0.11298076923076923
2 0.7693180513391582 0.8056257082763155 0.27338366259852986 0.2551791006099338
2 0.9411057692307693 0.828125 0.11778846153846154 0.3389423076923077