17 0.07091346153846154 0.4387019230769231 0.14182692307692307 0.27163461538461536
17 0.3662773017563112 0.33492464025156843 0.1809267680974861 0.1615665747844726
17 0.4487556941864105 0.19750059160363412 0.21628681722207851 0.1718275979121791
17 0.5346464925580027 0.045443156745300896 0.08593310167929748 0.06724666961509956
16 0.7896634615384616 0.24278846153846154 0.4206730769230769 0.4855769230769231
16 0.8786057692307693 0.10697115384615384 0.24278846153846154 0.21394230769230768
16 0.8762019230769231 0.3786057692307692 0.24759615384615385 0.45913461538461536
16 0.5216346153846154 0.8990384615384616 0.11538461538461539 0.20192307692307693
16 0.4050480769230769 0.9242788461538461 0.20432692307692307 0.15144230769230768
16 0.5012019230769231 0.7379807692307693 0.15625 0.20673076923076922
16 0.3228476543976644 0.7898928416584764 0.2564963019956288 0.26852192793468616
16 0.21754807692307693 0.9375 0.2283653846153846 0.125
3 0.9206730769230769 0.9230769230769231 0.15865384615384615 0.15384615384615385
3 0.9663461538461539 0.7572115384615384 0.0673076923076923 0.24519230769230768
3 0.8795830622178754 0.8253512074960836 0.186583163569849 0.22537365250505667
3 0.9266826923076923 0.6838942307692307 0.1466346153846154 0.15144230769230768
3 0.8088942307692307 0.7007211538461539 0.15144230769230768 0.18509615384615385
3 0.75 0.6514423076923077 0.14423076923076922 0.08653846153846154