17 0.10096153846153846 0.06370192307692307 0.13942307692307693 0.12740384615384615
17 0.3112980769230769 0.0673076923076923 0.3245192307692308 0.1346153846153846
17 0.06490384615384616 0.10817307692307693 0.12980769230769232 0.21634615384615385
7 0.8990384615384616 0.2608173076923077 0.20192307692307693 0.17548076923076922
17 0.026442307692307692 0.7800480769230769 0.052884615384615384 0.19951923076923078
17 0.0625 0.6814903846153846 0.125 0.17067307692307693
17 0.1719871390829613 0.6068890440412287 0.17909979417092878 0.2175909742311956
17 0.26221036966167743 0.5251601172161157 0.14407608353914617 0.2117515458159415
17 0.3633102023270534 0.4957766466621215 0.10161359865045938 0.1491136418633049
17 0.43990384615384615 0.4266826923076923 0.13942307692307693 0.15625
17 0.2548076923076923 0.6742788461538461 0.5096153846153846 0.6514423076923077
1 0.59375 0.65625 0.16826923076923078 0.6153846153846154