12 0.06370192307692307 0.22115384615384615 0.12740384615384615 0.34134615384615385
12 0.05889423076923077 0.06129807692307692 0.11778846153846154 0.12259615384615384
12 0.057692307692307696 0.42908653846153844 0.11538461538461539 0.21875
3 0.25240384615384615 0.14783653846153846 0.0673076923076923 0.2956730769230769
3 0.2692307692307692 0.390625 0.10096153846153846 0.2956730769230769
3 0.35336538461538464 0.484375 0.2692307692307692 0.10817307692307693
3 0.47115384615384615 0.13341346153846154 0.4230769230769231 0.2668269230769231
3 0.4567307692307692 0.38221153846153844 0.3942307692307692 0.3125
3 0.7685007393142491 0.21758764297824423 0.3719896740541101 0.4238673114139607
3 0.6899038461538461 0.45913461538461536 0.40384615384615385 0.15865384615384615
3 0.9014423076923077 0.36899038461538464 0.16346153846153846 0.3389423076923077
3 0.40625 0.875 0.375 0.25
3 0.6814903846153846 0.8149038461538461 0.5216346153846154 0.3701923076923077
3 0.5625 0.6899038461538461 0.5240384615384616 0.30288461538461536