4 0.16706730769230768 0.08413461538461539 0.33413461538461536 0.16826923076923078
25 0.7367788461538461 0.16466346153846154 0.5264423076923077 0.3293269230769231
20 0.14358515874759134 0.5666130854700836 0.16928682095735462 0.1870037381946223
20 0.07475936597608222 0.7064355751483642 0.1395713129089571 0.14076106154698045
20 0.11793634122643717 0.8342872585825009 0.16587532639742728 0.16521507734900792
20 0.08653846153846154 0.9254807692307693 0.17307692307692307 0.14903846153846154
20 0.15444850512486086 0.7193038983587452 0.10563756442008827 0.13259480970837983
20 0.028846153846153848 0.8040865384615384 0.057692307692307696 0.1658653846153846
20 0.019230769230769232 0.6598557692307693 0.038461538461538464 0.17067307692307693
20 0.052884615384615384 0.5132211538461539 0.10576923076923077 0.17067307692307693
20 0.6274038461538461 0.6646634615384616 0.5192307692307693 0.6706730769230769