15 0.3641826923076923 0.16947115384615385 0.5697115384615384 0.3389423076923077
16 0.9194711538461539 0.14302884615384615 0.16105769230769232 0.2860576923076923
16 0.7749609421791549 0.15721248304608532 0.21714611013813187 0.25487930464426445
16 0.7764423076923077 0.30288461538461536 0.21153846153846154 0.07211538461538461
16 0.9326923076923077 0.2824519230769231 0.1346153846153846 0.11298076923076923
15 0.287177802817495 0.9088890758581136 0.17953592407480481 0.16551742771629263
15 0.2543184534179984 0.7481810245801415 0.18865052697068962 0.343471971306852
15 0.23141016295942907 0.606591857403428 0.1865735420813945 0.22448158669146737
15 0.4058054501698131 0.955595406098534 0.14780947552401466 0.06901394053272643
15 0.519967162832159 0.9530648471086745 0.12982258866086127 0.0712080020687405
15 0.6141826923076923 0.9579326923076923 0.06971153846153846 0.06009615384615385
15 0.5 0.8822115384615384 0.2980769230769231 0.14903846153846154
15 0.4382187674794065 0.6775176204524503 0.34034459040715426 0.35965723901971813
15 0.5444711538461539 0.7668269230769231 0.2091346153846154 0.16346153846153846
15 0.5576923076923077 0.6442307692307693 0.18269230769230768 0.15384615384615385
15 0.49038461538461536 0.6189903846153846 0.3173076923076923 0.15625
15 0.47403687062729666 0.5256277722421009 0.27227890109817704 0.10891600003671162