19 0.13942307692307693 0.14903846153846154 0.27884615384615385 0.2980769230769231
19 0.30528846153846156 0.028846153846153848 0.1201923076923077 0.057692307692307696
19 0.8954326923076923 0.11177884615384616 0.2091346153846154 0.22355769230769232
24 0.17307692307692307 0.7891653573274277 0.3269230769230769 0.32984441346508875
24 0.3088942307692308 0.6514423076923077 0.11778846153846154 0.08653846153846154
24 0.03485576923076923 0.6382211538461539 0.06971153846153846 0.10336538461538461
24 0.18028846153846154 0.9795673076923077 0.23557692307692307 0.040865384615384616
24 0.055288461538461536 0.9098557692307693 0.11057692307692307 0.18028846153846154
24 0.8028846153846154 0.8834134615384616 0.25 0.23317307692307693
24 0.8918269230769231 0.6578421238038461 0.1971153846153846 0.3395548047249913
24 0.7884615384615384 0.7089104766731987 0.1466346153846154 0.22213715773632087