7 0.4795673076923077 0.10336538461538461 0.13701923076923078 0.20673076923076922
7 0.3605769230769231 0.11538461538461539 0.375 0.23076923076923078
7 0.11778846153846154 0.0673076923076923 0.23557692307692307 0.1346153846153846
7 0.49158653846153844 0.30288461538461536 0.11298076923076923 0.09134615384615384
7 0.2345827531929345 0.29827101959881275 0.09050683905628805 0.0797517474704783
7 0.13097562971951182 0.3534541480579605 0.07272995337976408 0.08371973277310296
7 0.05383291758059064 0.22395931920981435 0.06495150384425045 0.07256654227876821
7 0.050053510420755905 0.29607470382519896 0.07621485318151432 0.05870327002573639
7 0.015625 0.1466346153846154 0.03125 0.07211538461538461
7 0.037259615384615384 0.4326923076923077 0.07451923076923077 0.12980769230769232
10 0.8257211538461539 0.16466346153846154 0.3485576923076923 0.3293269230769231
10 0.7848557692307693 0.34134615384615385 0.43028846153846156 0.3173076923076923
11 0.27403846153846156 0.8629807692307693 0.5480769230769231 0.27403846153846156
10 0.7740384615384616 0.8233173076923077 0.4519230769230769 0.35336538461538464