24 0.25 0.2800480769230769 0.5 0.5600961538461539
25 0.9134615384615384 0.18870192307692307 0.17307692307692307 0.37740384615384615
25 0.6947115384615384 0.2247596153846154 0.3894230769230769 0.4495192307692308
25 0.75 0.3786057692307692 0.5 0.4206730769230769
20 0.4338942307692308 0.7632211538461539 0.13221153846153846 0.3485576923076923
20 0.3942307692307692 0.6586538461538461 0.17307692307692307 0.13942307692307693
20 0.13221153846153846 0.6466346153846154 0.17307692307692307 0.11538461538461539
25 0.9194711538461539 0.7067307692307693 0.16105769230769232 0.23557692307692307
25 0.9495192307692307 0.7451923076923077 0.10096153846153846 0.3125
25 0.9338942307692307 0.8990384615384616 0.13221153846153846 0.20192307692307693
25 0.8798076923076923 0.8677884615384616 0.22596153846153846 0.2644230769230769
25 0.7836538461538461 0.6634615384615384 0.17307692307692307 0.14903846153846154