11 0.06009615384615385 0.18389423076923078 0.1201923076923077 0.36778846153846156
7 0.5444711538461539 0.31009615384615385 0.2091346153846154 0.11538461538461539
7 0.6923076923076923 0.30408653846153844 0.375 0.12740384615384615
7 0.5463590674236802 0.15942383173880936 0.11504922154939425 0.08597985618101903
7 0.7996447752481544 0.177719197436286 0.08671209946752721 0.07259787290499495
7 0.8944809397057006 0.13020867365586225 0.0702001269872569 0.07850959211490696
7 0.9747596153846154 0.25721153846153844 0.05048076923076923 0.0673076923076923
7 0.9711538461538461 0.18870192307692307 0.057692307692307696 0.055288461538461536
7 0.9699519230769231 0.057692307692307696 0.06009615384615385 0.11538461538461539
10 0.14423076923076922 0.6838942307692307 0.28846153846153844 0.6322115384615384
10 0.30649038461538464 0.6838942307692307 0.2668269230769231 0.6322115384615384
6 0.7800480769230769 0.7908653846153846 0.4014423076923077 0.4182692307692308