0 0.24879807692307693 0.32091346153846156 0.4014423076923077 0.31490384615384615
0 0.35336538461538464 0.11778846153846154 0.40865384615384615 0.23557692307692307
20 0.6850961538461539 0.4266826923076923 0.17307692307692307 0.10336538461538461
20 0.692847259331066 0.3514651698895406 0.16703664283445513 0.14726325392566125
20 0.6604413335409217 0.14732273288468506 0.1708841509232625 0.19782104588693
20 0.8397338351930037 0.34687608907629663 0.17146128361652194 0.16311932211715977
20 0.8353365384615384 0.44471153846153844 0.18028846153846154 0.0673076923076923
20 0.8456106991256903 0.09083603308061267 0.16399267386801897 0.18060900915750955
20 0.8387515473319248 0.2130775138853377 0.15476545158790217 0.1416853343129742
20 0.7079326923076923 0.07572115384615384 0.17067307692307693 0.15144230769230768
20 0.6892040540291766 0.23592650904392626 0.15933140503755622 0.09166670146520185
17 0.27884615384615385 0.9182692307692307 0.5576923076923077 0.16346153846153846
17 0.2704326923076923 0.8221153846153846 0.5408653846153846 0.19230769230769232
17 0.12936331106636167 0.7274018993525845 0.13895659203955246 0.11431875385467283
17 0.21906150019063636 0.7361252942187 0.11029940855139021 0.11607597755345453
17 0.2957904959460794 0.7505036314280021 0.11808296889654607 0.1045959058977201
17 0.38162584455262044 0.7775639633699618 0.10309298089949391 0.09285432543941866
17 0.27884615384615385 0.9375 0.5576923076923077 0.125
24 0.7788461538461539 0.671875 0.4423076923076923 0.3870192307692308