14 0.2956730769230769 0.25961538461538464 0.5480769230769231 0.5192307692307693
15 0.06746658675265337 0.18847410275961515 0.07102703079860007 0.21794073284407062
15 0.07692307692307693 0.4170673076923077 0.08653846153846154 0.20432692307692307
15 0.15256789550992433 0.4762352595286323 0.21005766770307643 0.08419458528109001
0 0.8329326923076923 0.35096153846153844 0.2956730769230769 0.33653846153846156
0 0.7548076923076923 0.09495192307692307 0.3701923076923077 0.18990384615384615
24 0.1346153846153846 0.5697115384615384 0.12980769230769232 0.10096153846153846
24 0.14269908522251315 0.699960802257158 0.14016515797139753 0.17028444075827992
24 0.15784941548740786 0.7621251014154912 0.128550668731328 0.1015230497424146
24 0.17357315704104354 0.8735682467276706 0.12180065642902008 0.14101866086004286
24 0.20918162470006602 0.6274807367909185 0.09506465027174758 0.1151628247016025
14 0.8161057692307693 0.7716346153846154 0.36778846153846156 0.3942307692307692
14 0.7680288461538461 0.6141826923076923 0.2764423076923077 0.18990384615384615