19 0.08533653846153846 0.4987980769230769 0.13701923076923078 0.040865384615384616
19 0.2920673076923077 0.07091346153846154 0.18990384615384615 0.14182692307692307
19 0.21677508744490537 0.21080195896742604 0.16339123236864375 0.14715737707386053
19 0.1644534417357509 0.3001372825740203 0.1347630938425572 0.11738783749595373
19 0.10656246950694538 0.20985569790160966 0.1519363906831505 0.13836616682695452
19 0.0739986999534355 0.35484196454926764 0.13795076380848464 0.15945514518826143
19 0.042067307692307696 0.46634615384615385 0.08413461538461539 0.10576923076923077
19 0.7548076923076923 0.057692307692307696 0.4519230769230769 0.11538461538461539
19 0.7355769230769231 0.3016826923076923 0.41346153846153844 0.43509615384615385
19 0.10336538461538461 0.796875 0.20673076923076922 0.40625
19 0.36538461538461536 0.7992788461538461 0.3269230769230769 0.4014423076923077
19 0.7644230769230769 0.7163461538461539 0.47115384615384615 0.3942307692307692