8 0.3713942307692308 0.04326923076923077 0.23317307692307693 0.08653846153846154
8 0.2688632868469726 0.1405222401353396 0.2729980119468476 0.2273727382112282
8 0.10576923076923077 0.10096153846153846 0.21153846153846154 0.20192307692307693
7 0.39302884615384615 0.04927884615384615 0.11778846153846154 0.0985576923076923
7 0.04326923076923077 0.025240384615384616 0.08653846153846154 0.05048076923076923
5 0.9110576923076923 0.13221153846153846 0.1778846153846154 0.2644230769230769
5 0.663454809010156 0.15349237396746154 0.3140034046571119 0.23263417043007342
5 0.22115384615384615 0.7067307692307693 0.4423076923076923 0.5865384615384616
5 0.421875 0.7199519230769231 0.13221153846153846 0.5600961538461539
16 0.8173076923076923 0.4411057692307692 0.25 0.24278846153846154
16 0.96875 0.4074519230769231 0.0625 0.1658653846153846
16 0.8175487809604254 0.731070790765933 0.3020293478192005 0.3969867153639879
16 0.8389423076923077 0.9591346153846154 0.30288461538461536 0.08173076923076923