6 0.2764423076923077 0.28966346153846156 0.44711538461538464 0.5168269230769231
6 0.2956730769230769 0.0733173076923077 0.35096153846153844 0.1466346153846154
6 0.16346153846153846 0.16706730769230768 0.3269230769230769 0.33413461538461536
25 0.875 0.030048076923076924 0.23076923076923078 0.06009615384615385
25 0.8978365384615384 0.09975961538461539 0.20432692307692307 0.19951923076923078
25 0.6995192307692307 0.09134615384615384 0.2403846153846154 0.18269230769230768
25 0.5600961538461539 0.07692307692307693 0.1201923076923077 0.15384615384615385
25 0.9387019230769231 0.2644230769230769 0.12259615384615384 0.2548076923076923
25 0.7622429744882966 0.24305671491699093 0.2641037637577878 0.25413890772657194
25 0.5841346153846154 0.25 0.16826923076923078 0.2644230769230769
25 0.9290865384615384 0.44471153846153844 0.14182692307692307 0.20673076923076922
25 0.7692307692307693 0.42788461538461536 0.27884615384615385 0.2403846153846154
25 0.5793269230769231 0.41947115384615385 0.15865384615384615 0.25721153846153844
6 0.19110576923076922 0.7716346153846154 0.38221153846153844 0.44711538461538464
0 0.6370192307692307 0.9146634615384616 0.27403846153846156 0.17067307692307693
0 0.8149038461538461 0.7451923076923077 0.3701923076923077 0.27884615384615385