15 0.0673076923076923 0.39302884615384615 0.1346153846153846 0.15144230769230768
15 0.1935096153846154 0.38341346153846156 0.27163461538461536 0.17067307692307693
15 0.48197115384615385 0.3870192307692308 0.19471153846153846 0.16346153846153846
15 0.42900203828587774 0.35336538461538464 0.20134359528059967 0.18269230769230768
15 0.35506654738395393 0.2980769230769231 0.22303200479109364 0.13581730769230768
15 0.17307692307692307 0.16826923076923078 0.30288461538461536 0.33653846153846156
16 0.8533653846153846 0.38221153846153844 0.2932692307692308 0.17307692307692307
16 0.7896634615384616 0.3161057692307692 0.4206730769230769 0.30528846153846156
17 0.1875 0.7548076923076923 0.375 0.3557692307692308
17 0.18389423076923078 0.9831730769230769 0.1466346153846154 0.03365384615384615
17 0.47115384615384615 0.734375 0.21634615384615385 0.53125
16 0.8353365384615384 0.5697115384615384 0.25240384615384615 0.20192307692307693
16 0.744888372788303 0.7115384615384616 0.1712596556069372 0.21394230769230768
16 0.6634615384615384 0.6165865384615384 0.16826923076923078 0.2764423076923077
16 0.8675770223274744 0.6310096153846154 0.2262376061323139 0.1622596153846154