15 0.03125 0.5276442307692307 0.0625 0.040865384615384616
15 0.054086538461538464 0.17668269230769232 0.10817307692307693 0.13221153846153846
15 0.08774038461538461 0.051682692307692304 0.17548076923076922 0.10336538461538461
15 0.14607151210932096 0.2594183785008242 0.12924320046981755 0.0982727903338341
15 0.5420673076923077 0.421875 0.2283653846153846 0.25240384615384615
15 0.71875 0.4182692307692308 0.36538461538461536 0.25961538461538464
15 0.5757211538461539 0.27403846153846156 0.2956730769230769 0.5480769230769231
3 0.17548076923076922 0.8185096153846154 0.35096153846153844 0.3629807692307692
3 0.09254807692307693 0.6021634615384616 0.18509615384615385 0.10817307692307693
3 0.21394230769230768 0.6694711538461539 0.42788461538461536 0.24278846153846154
5 0.7319711538461539 0.734375 0.5360576923076923 0.37259615384615385
5 0.5997596153846154 0.8365384615384616 0.34375 0.3269230769230769
5 0.7415865384615384 0.9194711538461539 0.49759615384615385 0.16105769230769232