10 0.16706730769230768 0.11177884615384616 0.33413461538461536 0.22355769230769232
10 0.17427884615384615 0.22235576923076922 0.3485576923076923 0.35336538461538464
10 0.19951923076923078 0.33774038461538464 0.2980769230769231 0.12259615384615384
18 0.6790865384615384 0.3076923076923077 0.21394230769230768 0.18269230769230768
18 0.7704326923076923 0.36538461538461536 0.1466346153846154 0.0673076923076923
18 0.8359462153996428 0.285324862659654 0.15806596019736438 0.1760367143754608
18 0.8689903846153846 0.3713942307692308 0.12259615384615384 0.055288461538461536
18 0.9134615384615384 0.25961538461538464 0.17307692307692307 0.20673076923076922
18 0.9483173076923077 0.35096153846153844 0.10336538461538461 0.09615384615384616
23 0.07692307692307693 0.5973557692307693 0.15384615384615385 0.39663461538461536
23 0.17427884615384615 0.8185096153846154 0.3485576923076923 0.3629807692307692
23 0.21634615384615385 0.734375 0.2644230769230769 0.53125
23 0.21634615384615385 0.4495192307692308 0.2644230769230769 0.10096153846153846
23 0.15985576923076922 0.5072115384615384 0.31971153846153844 0.21634615384615385
10 0.6947115384615384 0.6382211538461539 0.6105769230769231 0.33413461538461536
10 0.6826923076923077 0.7956730769230769 0.6346153846153846 0.2548076923076923