12 0.055288461538461536 0.140625 0.11057692307692307 0.28125
12 0.16947115384615385 0.33653846153846156 0.3389423076923077 0.20673076923076922
12 0.17908653846153846 0.1814903846153846 0.31971153846153844 0.31009615384615385
12 0.19110576923076922 0.051682692307692304 0.2956730769230769 0.10336538461538461
23 0.7007211538461539 0.052884615384615384 0.4254807692307692 0.10576923076923077
18 0.16947115384615385 0.6682692307692307 0.3389423076923077 0.4567307692307692
23 0.6574519230769231 0.8569711538461539 0.3293269230769231 0.2860576923076923
23 0.6382211538461539 0.9675480769230769 0.3245192307692308 0.06490384615384616
23 0.649036801134836 0.621382875503018 0.364872133214312 0.33771019949790543
23 0.4495192307692308 0.6033653846153846 0.22115384615384615 0.2932692307692308
23 0.42908653846153844 0.7668269230769231 0.18028846153846154 0.3173076923076923
23 0.4338942307692308 0.9435096153846154 0.18990384615384615 0.11298076923076923