25 0.1310096153846154 0.28966346153846156 0.2620192307692308 0.31971153846153844
25 0.125 0.20432692307692307 0.25 0.27884615384615385
25 0.15384615384615385 0.08413461538461539 0.3076923076923077 0.16826923076923078
25 0.8918269230769231 0.10216346153846154 0.21634615384615385 0.20432692307692307
25 0.9242788461538461 0.27524038461538464 0.15144230769230768 0.3485576923076923
25 0.8468026292535953 0.2558084331615997 0.1930377222242124 0.37236619993235914
25 0.7019230769230769 0.16706730769230768 0.24519230769230768 0.33413461538461536
6 0.28966346153846156 0.8040865384615384 0.5793269230769231 0.3918269230769231
0 0.78125 0.6081730769230769 0.40384615384615385 0.3173076923076923
0 0.7079326923076923 0.8942307692307693 0.25721153846153844 0.21153846153846154
0 0.7896634615384616 0.8016826923076923 0.4206730769230769 0.3485576923076923