19 0.109375 0.31490384615384615 0.21875 0.42788461538461536
19 0.8137019230769231 0.25961538461538464 0.37259615384615385 0.38461538461538464
19 0.6213942307692307 0.14783653846153846 0.3629807692307692 0.2956730769230769
19 0.4362980769230769 0.3004807692307692 0.25721153846153844 0.20192307692307693
19 0.4917707497085791 0.366700949786991 0.3655532387535423 0.2398145723571305
19 0.6887019230769231 0.4699519230769231 0.22355769230769232 0.11778846153846154
19 0.15384615384615385 0.890625 0.3076923076923077 0.21875
19 0.14302884615384615 0.7644230769230769 0.2860576923076923 0.47115384615384615
24 0.8432341515011513 0.8419106318855902 0.19713017113834888 0.21141427489839038
24 0.9119527430478394 0.6720487221514639 0.16938804419441447 0.1942656820741248
24 0.6448259402180475 0.8239780010894376 0.1922175900720456 0.19332948617978898
24 0.7448714501877168 0.667700871872374 0.16938105161050715 0.1930637589972017