6 0.18870192307692307 0.2548076923076923 0.37740384615384615 0.5096153846153846
0 0.5649038461538461 0.0625 0.09134615384615384 0.125
0 0.6346153846153846 0.22235576923076922 0.23076923076923078 0.18509615384615385
0 0.5769230769230769 0.33774038461538464 0.11538461538461539 0.06490384615384616
0 0.7824519230769231 0.051682692307692304 0.2668269230769231 0.10336538461538461
0 0.7374684081278081 0.32322333309139917 0.16993693846452265 0.08313153261581209
0 0.8752721391349317 0.1928541295028306 0.19314114942317234 0.1616481835977566
0 0.9350961538461539 0.3173076923076923 0.12980769230769232 0.08173076923076923
0 0.953125 0.06971153846153846 0.09375 0.13942307692307693
25 0.25961538461538464 0.7680288461538461 0.5192307692307693 0.4639423076923077
25 0.3798076923076923 0.7920673076923077 0.27884615384615385 0.3485576923076923
25 0.39903846153846156 0.6153846153846154 0.2403846153846154 0.21153846153846154
12 0.765625 0.7752403846153846 0.46875 0.2764423076923077
12 0.7704326923076923 0.9543269230769231 0.45913461538461536 0.09134615384615384