22 0.30288461538461536 0.2439903846153846 0.3942307692307692 0.4879807692307692
15 0.8882211538461539 0.2848557692307692 0.22355769230769232 0.40625
15 0.8173076923076923 0.3245192307692308 0.30288461538461536 0.3269230769230769
15 0.6153846153846154 0.35216346153846156 0.23076923076923078 0.27163461538461536
16 0.33052884615384615 0.6177884615384616 0.25240384615384615 0.25961538461538464
16 0.15985576923076922 0.6778846153846154 0.31971153846153844 0.3798076923076923
16 0.08653846153846154 0.6045673076923077 0.17307692307692307 0.23317307692307693
16 0.1201923076923077 0.8533653846153846 0.2403846153846154 0.2932692307692308
3 0.8004807692307693 0.5865384615384616 0.39903846153846156 0.1971153846153846
3 0.9026442307692307 0.6814903846153846 0.19471153846153846 0.3870192307692308
3 0.8173076923076923 0.8269230769230769 0.36538461538461536 0.34615384615384615