17 0.32572115384615385 0.08052884615384616 0.4254807692307692 0.16105769230769232
17 0.5157476610897356 0.3013656219664111 0.08460311850641106 0.08101832702736408
17 0.3798076923076923 0.3798076923076923 0.0673076923076923 0.057692307692307696
17 0.28887788807538467 0.2522064510941402 0.060452775625431235 0.061647706118446985
17 0.38150288342144295 0.2384468682871166 0.07737060229315035 0.07737060229315063
7 0.8040865384615384 0.22716346153846154 0.3918269230769231 0.3629807692307692
7 0.8040865384615384 0.15504807692307693 0.3918269230769231 0.31009615384615385
6 0.09254807692307693 0.5685096153846154 0.18509615384615385 0.31971153846153844
6 0.375 0.5733173076923077 0.46634615384615385 0.3293269230769231
6 0.2764423076923077 0.7788461538461539 0.5528846153846154 0.36538461538461536
0 0.8040865384615384 0.6177884615384616 0.3918269230769231 0.34134615384615385
0 0.8040865384615384 0.9074519230769231 0.3918269230769231 0.18509615384615385