7 0.039663461538461536 0.4387019230769231 0.07932692307692307 0.5024038461538461
7 0.1370040145127883 0.24400931523408081 0.2150488998941667 0.4493554001045942
7 0.31490384615384615 0.5649038461538461 0.14903846153846154 0.25
7 0.34615384615384615 0.3125 0.08653846153846154 0.36538461538461536
6 0.8449519230769231 0.2920673076923077 0.31009615384615385 0.37259615384615385
6 0.4519230769230769 0.20793269230769232 0.125 0.31490384615384615
6 0.453125 0.6370192307692307 0.12740384615384615 0.10576923076923077
6 0.8918269230769231 0.609375 0.21634615384615385 0.16105769230769232
6 0.23677884615384615 0.7584134615384616 0.30528846153846156 0.13701923076923078
6 0.28365384615384615 0.9387019230769231 0.21153846153846154 0.12259615384615384
20 0.6442307692307693 0.8449519230769231 0.5096153846153846 0.31009615384615385