18 0.31971153846153844 0.18990384615384615 0.6394230769230769 0.3798076923076923
4 0.8197115384615384 0.16706730769230768 0.3605769230769231 0.33413461538461536
1 0.5024038461538461 0.4735576923076923 0.15865384615384615 0.1875
1 0.10059149978011467 0.6250606960432926 0.16978788468062925 0.2546863002211071
1 0.2570208257620105 0.5567424175246819 0.24866455255870756 0.17533365349060118
1 0.24120889165189346 0.7930187883958001 0.20003055479144424 0.22674942850740692
1 0.41346153846153844 0.9194711538461539 0.19230769230769232 0.16105769230769232
1 0.5913461538461539 0.90625 0.09615384615384616 0.17307692307692307
1 0.5853365384615384 0.7259615384615384 0.10817307692307693 0.16826923076923078
10 0.6923076923076923 0.4699519230769231 0.10576923076923077 0.18028846153846154
10 0.6526442307692307 0.6478365384615384 0.026442307692307692 0.11778846153846154
10 0.7211538461538461 0.8377403846153846 0.16346153846153846 0.27163461538461536
10 0.7584134615384616 0.9495192307692307 0.23798076923076922 0.10096153846153846
10 0.8317307692307693 0.7295673076923077 0.24519230769230768 0.5408653846153846
10 0.9555288461538461 0.5949519230769231 0.0889423076923077 0.43028846153846156