24 0.15985576923076922 0.40024038461538464 0.2764423076923077 0.37259615384615385
24 0.15504807692307693 0.13221153846153846 0.2860576923076923 0.2644230769230769
7 0.4050480769230769 0.3581730769230769 0.21394230769230768 0.3317307692307692
7 0.5482113349324774 0.387127458907175 0.26722517743270946 0.7736792786774923
7 0.6189903846153846 0.43990384615384615 0.31009615384615385 0.6778846153846154
7 0.6754807692307693 0.47716346153846156 0.41346153846153844 0.6033653846153846
7 0.5836544584757901 0.30498245054224044 0.4239042262451136 0.5593818782676576
20 0.08413461538461539 0.8894230769230769 0.16826923076923078 0.22115384615384615
7 0.5685096153846154 0.8810096153846154 0.37259615384615385 0.20432692307692307
7 0.7055288461538461 0.8605769230769231 0.3918269230769231 0.16346153846153846
7 0.7331730769230769 0.953125 0.41346153846153844 0.09375
7 0.8028846153846154 0.8545673076923077 0.25961538461538464 0.15144230769230768