15 0.28365384615384615 0.29927884615384615 0.5673076923076923 0.31971153846153844
9 0.8762019230769231 0.08774038461538461 0.22355769230769232 0.17548076923076922
9 0.7932692307692307 0.22956730769230768 0.41346153846153844 0.45913461538461536
9 0.6826923076923077 0.2644230769230769 0.1778846153846154 0.3894230769230769
16 0.4963942307692308 0.5516826923076923 0.1466346153846154 0.18509615384615385
16 0.45913461538461536 0.7740384615384616 0.22115384615384615 0.27403846153846156
16 0.45913461538461536 0.9423076923076923 0.22115384615384615 0.11538461538461539
16 0.3713942307692308 0.5456730769230769 0.2091346153846154 0.17307692307692307
16 0.33681000557514457 0.7519303534941938 0.22463613217719144 0.2571237610408049
16 0.32572115384615385 0.9362980769230769 0.2620192307692308 0.12740384615384615
16 0.22115384615384615 0.5276442307692307 0.23557692307692307 0.13701923076923078
16 0.1960623158320522 0.7329301953780875 0.2683957251866259 0.32359479479328246
16 0.19951923076923078 0.9362980769230769 0.21153846153846154 0.12740384615384615
16 0.7848557692307693 0.6923076923076923 0.43028846153846156 0.46634615384615385
16 0.8701923076923077 0.7956730769230769 0.25961538461538464 0.40865384615384615