16 0.28966346153846156 0.27403846153846156 0.5793269230769231 0.5480769230769231
3 0.6442307692307693 0.21153846153846154 0.12980769230769232 0.23076923076923078
3 0.5985576923076923 0.13341346153846154 0.038461538461538464 0.18028846153846154
24 0.6776507654330124 0.4068215606713681 0.17134749342355787 0.18778276551853657
24 0.6382211538461539 0.4951923076923077 0.11778846153846154 0.10576923076923077
16 0.2692307692307692 0.8004807692307693 0.47115384615384615 0.39903846153846156
16 0.04447115384615385 0.7956730769230769 0.0889423076923077 0.40865384615384615
16 0.44471153846153844 0.9651442307692307 0.2692307692307692 0.06971153846153846
16 0.7151442307692307 0.7536057692307693 0.27163461538461536 0.4110576923076923
16 0.8990384615384616 0.7512019230769231 0.20192307692307693 0.40625
16 0.7764423076923077 0.9519230769230769 0.3942307692307692 0.09615384615384616