14 0.28365384615384615 0.22355769230769232 0.3798076923076923 0.44711538461538464
14 0.08052884615384616 0.09615384615384616 0.16105769230769232 0.19230769230769232
14 0.051682692307692304 0.21153846153846154 0.10336538461538461 0.23557692307692307
14 0.13240111160803159 0.38489780244876487 0.1751832926001652 0.24476497877692602
14 0.06370192307692307 0.4519230769230769 0.12740384615384615 0.3076923076923077
14 0.12139423076923077 0.5336538461538461 0.24278846153846154 0.14903846153846154
14 0.34134615384615385 0.5072115384615384 0.3076923076923077 0.20192307692307693
11 0.703125 0.16947115384615385 0.29086538461538464 0.3389423076923077
11 0.6742788461538461 0.27163461538461536 0.23317307692307693 0.2403846153846154
24 0.27884615384615385 0.8052884615384616 0.5576923076923077 0.3894230769230769
11 0.8954326923076923 0.8954326923076923 0.2091346153846154 0.2091346153846154
11 0.8918269230769231 0.7668269230769231 0.21634615384615385 0.16346153846153846
11 0.8413461538461539 0.6526442307692307 0.14903846153846154 0.0889423076923077