0 0.15144230769230768 0.33653846153846156 0.24519230769230768 0.36538461538461536
0 0.3858173076923077 0.21634615384615385 0.2860576923076923 0.4326923076923077
0 0.3641826923076923 0.42908653846153844 0.3293269230769231 0.18028846153846154
10 0.7944711538461539 0.4326923076923077 0.4110576923076923 0.17307692307692307
10 0.7704326923076923 0.29447115384615385 0.45913461538461536 0.4495192307692308
10 0.765625 0.1875 0.46875 0.375
10 0.390625 0.7884615384615384 0.2764423076923077 0.4230769230769231
10 0.18870192307692307 0.7596153846153846 0.37740384615384615 0.4807692307692308
10 0.0673076923076923 0.7596153846153846 0.1346153846153846 0.4807692307692308
11 0.9074519230769231 0.8930288461538461 0.18509615384615385 0.21394230769230768
11 0.7477213838699499 0.7149797814445171 0.32408964091653303 0.3002207504598322
11 0.5745192307692307 0.671875 0.09134615384615384 0.2956730769230769
11 0.7644230769230769 0.8221153846153846 0.47115384615384615 0.3557692307692308