12 0.375 0.18389423076923078 0.46634615384615385 0.36778846153846156
6 0.7668269230769231 0.19471153846153846 0.3173076923076923 0.34615384615384615
0 0.5444711538461539 0.703125 0.12740384615384615 0.47836538461538464
0 0.2740658078393876 0.6860095711885635 0.2647765477281302 0.4306480928956452
0 0.6875 0.9098557692307693 0.15865384615384615 0.18028846153846154
0 0.7055288461538461 0.5444711538461539 0.19471153846153846 0.18990384615384615
0 0.6586538461538461 0.43990384615384615 0.10096153846153846 0.07211538461538461
0 0.8081750354169377 0.7276353892058027 0.26138453559259855 0.1648012264828804
0 0.9002403846153846 0.9110576923076923 0.19951923076923078 0.17307692307692307
0 0.8085808809395929 0.43803007744433603 0.1657757277389205 0.08743553830950454
0 0.9134615384615384 0.5540865384615384 0.17307692307692307 0.1658653846153846
0 0.96875 0.4206730769230769 0.0625 0.08653846153846154
0 0.9651442307692307 0.6875 0.06971153846153846 0.19230769230769232