10 0.3076923076923077 0.30649038461538464 0.2644230769230769 0.6129807692307693
10 0.38822115384615385 0.2536057692307692 0.10336538461538461 0.5072115384615384
11 0.5144230769230769 0.6141826923076923 0.14903846153846154 0.05048076923076923
11 0.4675480769230769 0.5096153846153846 0.055288461538461536 0.24519230769230768
11 0.5036057692307693 0.23918269230769232 0.12740384615384615 0.23798076923076922
11 0.5817307692307693 0.06971153846153846 0.28365384615384615 0.13942307692307693
11 0.6433792662338988 0.4967357614616764 0.23405472678760803 0.28296341679943143
11 0.8641826923076923 0.5528846153846154 0.27163461538461536 0.17307692307692307
11 0.8650461889229735 0.37038421916988934 0.23829936254384138 0.2580730524212464
11 0.9603365384615384 0.48677884615384615 0.07932692307692307 0.30528846153846156
11 0.8485576923076923 0.08533653846153846 0.24519230769230768 0.17067307692307693
11 0.3269230769230769 0.7415865384615384 0.21634615384615385 0.20432692307692307
10 0.7211538461538461 0.8197115384615384 0.5432692307692307 0.3605769230769231