7 0.47836538461538464 0.30649038461538464 0.12980769230769232 0.06490384615384616
7 0.47900775299095383 0.23993430923637094 0.1459867967811251 0.16206885173568772
7 0.6454326923076923 0.21514423076923078 0.04567307692307692 0.10336538461538461
7 0.6201923076923077 0.13822115384615385 0.09615384615384616 0.12740384615384615
25 0.8341346153846154 0.16947115384615385 0.3317307692307692 0.3389423076923077
20 0.18389423076923078 0.9831730769230769 0.07451923076923077 0.03365384615384615
20 0.21336150206709237 0.957608302395596 0.05630949662877482 0.054689414769405045
20 0.14273517320448575 0.8117864237124276 0.0742478987893162 0.08167735948502151
20 0.1513747447262096 0.7451769895370658 0.059404203291595244 0.07636600223273668
20 0.17877924490740627 0.686351435719425 0.07617119372150984 0.06257250649040048
20 0.15070077495875975 0.5583332755906804 0.07770329137977192 0.09378053441168423
20 0.1044883042126062 0.42974277356575324 0.0823006744001422 0.09154457657270239
0 0.8341346153846154 0.6538461538461539 0.3317307692307692 0.6009615384615384