24 0.24158653846153846 0.5168269230769231 0.43509615384615385 0.125
24 0.036057692307692304 0.390625 0.07211538461538461 0.2860576923076923
24 0.0673076923076923 0.07692307692307693 0.1346153846153846 0.15384615384615385
24 0.24519230769230768 0.4206730769230769 0.42788461538461536 0.3173076923076923
24 0.9302884615384616 0.49759615384615385 0.13942307692307693 0.16346153846153846
24 0.6658653846153846 0.5240384615384616 0.17307692307692307 0.11057692307692307
24 0.5300480769230769 0.42427884615384615 0.14182692307692307 0.18990384615384615
24 0.5470606495507406 0.28242516725464956 0.13508864071217672 0.15108365572851584
24 0.5480769230769231 0.04927884615384615 0.1778846153846154 0.0985576923076923
24 0.6354053813112206 0.15336914282503555 0.13963926173290467 0.1692384181185102
19 0.026442307692307692 0.7415865384615384 0.052884615384615384 0.28125
19 0.2620192307692308 0.9399038461538461 0.1971153846153846 0.1201923076923077
19 0.09975961538461539 0.9567307692307693 0.19951923076923078 0.08653846153846154
19 0.2756949874759994 0.7095275294001026 0.20421282486117157 0.23387899413302848
19 0.2620192307692308 0.6141826923076923 0.15865384615384615 0.06971153846153846
19 0.10096153846153846 0.6935096153846154 0.20192307692307693 0.2283653846153846
19 0.11586988310308276 0.8518772141662707 0.19309078819149514 0.1819024972743238
19 0.25731886546402233 0.8541360473393163 0.2209291001283597 0.16367905793273962
24 0.5432692307692307 0.9783653846153846 0.0673076923076923 0.04326923076923077
24 0.6935096153846154 0.9447115384615384 0.12740384615384615 0.11057692307692307
24 0.578274873883246 0.9128891456159564 0.1262972384577317 0.14357831271596516
24 0.6730173833636091 0.8220008550968685 0.15286041557905852 0.16970011098438662
24 0.7880921589612137 0.8467757173075662 0.1474228220780604 0.1575129919002918
24 0.8112980769230769 0.9639423076923077 0.14182692307692307 0.07211538461538461
24 0.8756589056475328 0.9157012239405316 0.10258394913520738 0.10315935376061483
24 0.9110576923076923 0.9723557692307693 0.07692307692307693 0.055288461538461536
24 0.9246704588951304 0.8504043618723988 0.07403230264713792 0.19933990478733485
24 0.9105367785204959 0.7309255795182639 0.1042216922378025 0.13440935376061483
24 0.8401442307692307 0.6201923076923077 0.13221153846153846 0.08173076923076923
24 0.682156061476185 0.6705165753258449 0.12750427234429693 0.12082571841185878
24 0.5564887242117591 0.8020756572725791 0.06721914814015133 0.11512134524528737