17 0.3329326923076923 0.32211538461538464 0.4639423076923077 0.4519230769230769
20 0.8133367060034395 0.42601759548134005 0.1703941749219304 0.15963980048478932
20 0.7319711538461539 0.4050480769230769 0.04567307692307692 0.16105769230769232
20 0.7283653846153846 0.5 0.038461538461538464 0.09615384615384616
20 0.7572115384615384 0.5132211538461539 0.09615384615384616 0.06971153846153846
20 0.8629807692307693 0.5228365384615384 0.16346153846153846 0.05048076923076923
7 0.5769230769230769 0.8882211538461539 0.14423076923076922 0.22355769230769232
7 0.3605769230769231 0.9098557692307693 0.3317307692307692 0.18028846153846154
7 0.40116180298086235 0.7494879386644612 0.2158574743277854 0.12384782636557816
7 0.9290865384615384 0.7271634615384616 0.14182692307692307 0.3581730769230769
7 0.8629807692307693 0.9002403846153846 0.27403846153846156 0.19951923076923078