12 0.20432692307692307 0.09615384615384616 0.40865384615384615 0.19230769230769232
12 0.15144230769230768 0.21153846153846154 0.30288461538461536 0.375
12 0.2127403846153846 0.17668269230769232 0.2860576923076923 0.35336538461538464
18 0.7199519230769231 0.23677884615384615 0.5600961538461539 0.3245192307692308
18 0.26802884615384615 0.8485576923076923 0.28125 0.30288461538461536
18 0.03485576923076923 0.8497596153846154 0.06971153846153846 0.27163461538461536
18 0.2860576923076923 0.5192307692307693 0.24519230769230768 0.2403846153846154
18 0.04326923076923077 0.5745192307692307 0.08653846153846154 0.1778846153846154
18 0.03365384615384615 0.46274038461538464 0.0673076923076923 0.12740384615384615
10 0.8257211538461539 0.6995192307692307 0.3485576923076923 0.6009615384615384
10 0.6838942307692307 0.6971153846153846 0.27163461538461536 0.5961538461538461