18 0.39783653846153844 0.5192307692307693 0.22355769230769232 0.15865384615384615
18 0.07932692307692307 0.5072115384615384 0.15865384615384615 0.18269230769230768
18 0.21634615384615385 0.48677884615384615 0.23557692307692307 0.22355769230769232
18 0.4795673076923077 0.30528846153846156 0.06009615384615385 0.27403846153846156
18 0.2761642070463106 0.23623827536976455 0.2575339986764282 0.2679779207088143
18 0.39947360445101904 0.35598097206175167 0.19699731204410836 0.190858013355716
18 0.15881627829401518 0.3147009860895296 0.17708906352947087 0.2805266679325856
18 0.06129807692307692 0.29086538461538464 0.12259615384615384 0.40865384615384615
18 0.38221153846153844 0.12139423076923077 0.2548076923076923 0.17067307692307693
18 0.20805236758926754 0.09958372545138855 0.20740205728587952 0.12019632744850445
18 0.44471153846153844 0.19591346153846154 0.12980769230769232 0.15625
12 0.7103365384615384 0.29927884615384615 0.4014423076923077 0.5985576923076923
23 0.3701923076923077 0.7223557692307693 0.27884615384615385 0.24759615384615385
12 0.9302884615384616 0.7211538461538461 0.13942307692307693 0.24519230769230768
12 0.7103365384615384 0.7992788461538461 0.4014423076923077 0.4014423076923077