23 0.35336538461538464 0.3112980769230769 0.20673076923076922 0.21394230769230768
23 0.24158653846153846 0.35216346153846156 0.18509615384615385 0.13221153846153846
3 0.19995898745386825 0.1932374944671977 0.2552679690193814 0.22959505390068846
16 0.08774038461538461 0.3233173076923077 0.1658653846153846 0.18990384615384615
7 0.06971153846153846 0.39903846153846156 0.1346153846153846 0.038461538461538464
12 0.8197115384615384 0.2127403846153846 0.3605769230769231 0.29086538461538464
23 0.5288461538461539 0.5324519230769231 0.22115384615384615 0.2283653846153846
23 0.5252403846153846 0.859375 0.2283653846153846 0.28125
23 0.29447115384615385 0.49759615384615385 0.18990384615384615 0.15865384615384615
23 0.43146986458833286 0.6806715672894023 0.17241808331790012 0.18875539293888666
12 0.8197115384615384 0.7091346153846154 0.3605769230769231 0.5817307692307693