14 0.31009615384615385 0.36899038461538464 0.09615384615384616 0.2668269230769231
14 0.1310096153846154 0.078125 0.24278846153846154 0.15625
14 0.11899038461538461 0.3737980769230769 0.23798076923076922 0.28125
2 0.7836538461538461 0.30288461538461536 0.4326923076923077 0.49038461538461536
2 0.7764423076923077 0.203125 0.44711538461538464 0.2620192307692308
2 0.7271634615384616 0.1045673076923077 0.5120192307692307 0.2091346153846154
2 0.04567307692307692 0.6658653846153846 0.09134615384615384 0.19230769230769232
2 0.12860576923076922 0.7355769230769231 0.19471153846153846 0.3317307692307692
21 0.9314903846153846 0.9146634615384616 0.13701923076923078 0.17067307692307693
21 0.8322242711027774 0.8725071876071369 0.1998589513670943 0.2234195200264324
21 0.6153846153846154 0.9026442307692307 0.22596153846153846 0.19471153846153846
21 0.4326923076923077 0.9194711538461539 0.14903846153846154 0.16105769230769232