14 0.17427884615384615 0.14182692307692307 0.3485576923076923 0.28365384615384615
14 0.20432692307692307 0.3942307692307692 0.40865384615384615 0.3269230769230769
14 0.7475961538461539 0.27884615384615385 0.5048076923076923 0.5576923076923077
3 0.13581730769230768 0.8942307692307693 0.27163461538461536 0.21153846153846154
3 0.051682692307692304 0.7536057692307693 0.10336538461538461 0.2091346153846154
3 0.22956730769230768 0.7103365384615384 0.27163461538461536 0.30528846153846156
3 0.5805288461538461 0.8990384615384616 0.24278846153846154 0.20192307692307693
3 0.828125 0.8509615384615384 0.27163461538461536 0.2980769230769231
3 0.5540865384615384 0.7271634615384616 0.18990384615384615 0.21875
3 0.5420673076923077 0.6165865384615384 0.1658653846153846 0.11778846153846154
3 0.7175480769230769 0.6526442307692307 0.34375 0.18990384615384615