0 0.06370192307692307 0.12259615384615384 0.12740384615384615 0.20192307692307693
0 0.10697115384615384 0.22235576923076922 0.21394230769230768 0.1658653846153846
0 0.11057692307692307 0.07451923076923077 0.22115384615384615 0.14903846153846154
0 0.2921398651321078 0.22116791530053484 0.18180328591104947 0.15074695069503227
0 0.32211538461538464 0.37259615384615385 0.17307692307692307 0.21634615384615385
20 0.8798076923076923 0.3701923076923077 0.2403846153846154 0.5384615384615384
2 0.7043269230769231 0.2776442307692308 0.5913461538461539 0.5552884615384616
6 0.07211538461538461 0.7884615384615384 0.14423076923076922 0.2980769230769231
6 0.21634615384615385 0.9170673076923077 0.22596153846153846 0.1658653846153846
6 0.24639423076923078 0.6586538461538461 0.1466346153846154 0.038461538461538464
7 0.17427884615384615 0.7355769230769231 0.13221153846153846 0.19230769230769232
15 0.054086538461538464 0.953125 0.10817307692307693 0.08413461538461539
15 0.3329326923076923 0.7259615384615384 0.0985576923076923 0.17307692307692307
20 0.9014423076923077 0.8701923076923077 0.1971153846153846 0.25961538461538464