2 0.3605769230769231 0.12139423076923077 0.11538461538461539 0.24278846153846154
2 0.33774038461538464 0.3545673076923077 0.16105769230769232 0.31009615384615385
2 0.16105769230769232 0.109375 0.32211538461538464 0.21875
2 0.15504807692307693 0.34134615384615385 0.31009615384615385 0.3317307692307692
22 0.7427884615384616 0.19471153846153846 0.5144230769230769 0.3894230769230769
22 0.7163461538461539 0.41586538461538464 0.5673076923076923 0.1875
8 0.2800480769230769 0.7716346153846154 0.2764423076923077 0.4567307692307692
19 0.890625 0.875 0.21875 0.25
19 0.7939867333902269 0.8189642651242989 0.24119871226254297 0.31329698224745345
19 0.7932692307692307 0.6045673076923077 0.23076923076923078 0.18990384615384615
19 0.5889423076923077 0.6298076923076923 0.23557692307692307 0.2403846153846154
19 0.5456730769230769 0.9158653846153846 0.1971153846153846 0.16826923076923078
19 0.5312556078761521 0.7982910813118506 0.13492872046601845 0.19687175733223336
19 0.6409687738429065 0.7768870156499484 0.17209462326230393 0.23815865241382556