25 0.2127403846153846 0.3269230769230769 0.4254807692307692 0.125
25 0.1814903846153846 0.35697115384615385 0.3629807692307692 0.06490384615384616
2 0.796875 0.13942307692307693 0.2860576923076923 0.27884615384615385
2 0.9074519230769231 0.3233173076923077 0.15144230769230768 0.13221153846153846
2 0.9338942307692307 0.19471153846153846 0.13221153846153846 0.3894230769230769
11 0.3954326923076923 0.6802884615384616 0.2860576923076923 0.2932692307692308
11 0.3401442307692308 0.6514423076923077 0.39663461538461536 0.34134615384615385
11 0.36778846153846156 0.7932692307692307 0.34134615384615385 0.23557692307692307
11 0.4699519230769231 0.8413461538461539 0.13701923076923078 0.21153846153846154
11 0.4266826923076923 0.9230769230769231 0.22355769230769232 0.15384615384615385
11 0.1814903846153846 0.9603365384615384 0.21394230769230768 0.07932692307692307
11 0.141774348773424 0.8107509337551083 0.13744048413552298 0.25220168622316486
14 0.859375 0.8954326923076923 0.28125 0.2091346153846154
14 0.7872596153846154 0.6274038461538461 0.33413461538461536 0.47596153846153844
14 0.8990384615384616 0.6225961538461539 0.20192307692307693 0.46634615384615385