20 0.12620192307692307 0.1045673076923077 0.25240384615384615 0.2091346153846154
20 0.1559038968298329 0.332627501039048 0.27144892880386434 0.24687884991857031
20 0.14621214227400287 0.5541018566167804 0.22342254570961154 0.2116300647735145
20 0.2910905746716414 0.41408356246345757 0.22912948116464477 0.24180405793273962
20 0.2283653846153846 0.6069711538461539 0.19230769230769232 0.12259615384615384
20 0.35096153846153844 0.5913461538461539 0.1778846153846154 0.15384615384615385
17 0.7199519230769231 0.33413461538461536 0.5600961538461539 0.6682692307692307
17 0.9591346153846154 0.2860576923076923 0.08173076923076923 0.4230769230769231
17 0.2548076923076923 0.9663461538461539 0.3701923076923077 0.0673076923076923
17 0.2848557692307692 0.7788461538461539 0.31009615384615385 0.22115384615384615
24 0.7199519230769231 0.8341346153846154 0.5600961538461539 0.3317307692307692