8 0.20072115384615385 0.34615384615384615 0.4014423076923077 0.5096153846153846
1 0.40353190554054225 0.603562767527045 0.10824764124080133 0.10262375551580213
1 0.2914260364065954 0.6542261804242255 0.04044728535054286 0.044455012337791706
1 0.1982031433314706 0.6034354778658024 0.07889089243678854 0.062467716983275176
1 0.27215798501696387 0.6071505528437957 0.043397589212833765 0.0518205962603289
1 0.31440744527875314 0.6068586034301601 0.04543713022771675 0.04716694941363532
1 0.33891070316655186 0.11735352109776372 0.09234941238657896 0.09801669078853986
5 0.828125 0.44471153846153844 0.34375 0.375
5 0.6547833645185143 0.2529485324843108 0.27001885126768055 0.29599178213646893
5 0.8449519230769231 0.13942307692307693 0.31009615384615385 0.27884615384615385
5 0.921875 0.5480769230769231 0.15625 0.32211538461538464
5 0.96875 0.3545673076923077 0.0625 0.25240384615384615
5 0.21634615384615385 0.8786057692307693 0.4326923076923077 0.24278846153846154
5 0.7836538461538461 0.8545673076923077 0.4326923076923077 0.29086538461538464