11 0.15264423076923078 0.5048076923076923 0.30528846153846156 0.10576923076923077
11 0.13341346153846154 0.4362980769230769 0.2668269230769231 0.24278846153846154
11 0.0829326923076923 0.25721153846153844 0.1658653846153846 0.4423076923076923
25 0.5528846153846154 0.17307692307692307 0.2932692307692308 0.34615384615384615
25 0.5733173076923077 0.4014423076923077 0.31971153846153844 0.3125
25 0.71875 0.18870192307692307 0.32211538461538464 0.37740384615384615
25 0.8737980769230769 0.057692307692307696 0.15144230769230768 0.11538461538461539
25 0.7972550265780717 0.399120274105582 0.25364682413323164 0.2673541439793977
25 0.8732035638044118 0.20690258367145273 0.12861638352216323 0.2459624712779476
11 0.15985576923076922 0.7944711538461539 0.31971153846153844 0.4110576923076923
0 0.6682692307692307 0.9314903846153846 0.22115384615384615 0.13701923076923078
0 0.49158653846153844 0.8810096153846154 0.34375 0.23798076923076922
0 0.5740949046199268 0.6964297633656792 0.4152455179600766 0.18493377622101098
0 0.5348557692307693 0.5793269230769231 0.37740384615384615 0.04326923076923077
0 0.6322115384615384 0.5997596153846154 0.19230769230769232 0.08413461538461539