7 0.28125 0.28365384615384615 0.41346153846153844 0.12980769230769232
7 0.04447115384615385 0.2704326923076923 0.0889423076923077 0.15625
7 0.29927884615384615 0.12740384615384615 0.3293269230769231 0.2548076923076923
7 0.8161057692307693 0.17427884615384615 0.23317307692307693 0.3485576923076923
7 0.890625 0.04927884615384615 0.13221153846153846 0.0985576923076923
7 0.6971153846153846 0.2127403846153846 0.28365384615384615 0.27163461538461536
7 0.625 0.31490384615384615 0.22115384615384615 0.0673076923076923
6 0.09375 0.40024038461538464 0.1875 0.10336538461538461
6 0.07692307692307693 0.5552884615384616 0.15384615384615385 0.27403846153846156
6 0.05889423076923077 0.8173076923076923 0.11778846153846154 0.23076923076923078
7 0.6634615384615384 0.5709134615384616 0.2980769230769231 0.44471153846153844
7 0.7932692307692307 0.8377403846153846 0.41346153846153844 0.3245192307692308
7 0.6442307692307693 0.8762019230769231 0.3125 0.24759615384615385