0 0.15144230769230768 0.12259615384615384 0.30288461538461536 0.24519230769230768
0 0.171875 0.31490384615384615 0.34375 0.3317307692307692
0 0.33389564997936216 0.2315338264805854 0.23117938686061842 0.3690960747291449
20 0.6598557692307693 0.28365384615384615 0.3629807692307692 0.5288461538461539
24 0.375 0.5889423076923077 0.20673076923076922 0.08173076923076923
24 0.33052884615384615 0.859375 0.2956730769230769 0.28125
24 0.18870192307692307 0.6634615384615384 0.2860576923076923 0.23076923076923078
24 0.051682692307692304 0.6213942307692307 0.10336538461538461 0.1466346153846154
24 0.41947115384615385 0.65625 0.11778846153846154 0.21634615384615385
7 0.6538461538461539 0.6923076923076923 0.35096153846153844 0.28846153846153844
7 0.7872596153846154 0.6730769230769231 0.3870192307692308 0.25
7 0.7920673076923077 0.8725961538461539 0.41586538461538464 0.1971153846153846
7 0.8774038461538461 0.6706730769230769 0.24519230769230768 0.24519230769230768