24 0.359375 0.28846153846153844 0.13701923076923078 0.34615384615384615
24 0.1971153846153846 0.4495192307692308 0.21634615384615385 0.1201923076923077
24 0.3449519230769231 0.49158653846153844 0.1658653846153846 0.036057692307692304
24 0.06490384615384616 0.49038461538461536 0.12980769230769232 0.038461538461538464
24 0.09134615384615384 0.41466346153846156 0.18269230769230768 0.18990384615384615
24 0.0673076923076923 0.2776442307692308 0.1346153846153846 0.38221153846153844
24 0.18870192307692307 0.13822115384615385 0.3293269230769231 0.2764423076923077
19 0.8870192307692307 0.4326923076923077 0.22596153846153846 0.15384615384615385
19 0.8698527015237688 0.1511058697865736 0.20140036618323157 0.24062482030480525
24 0.028846153846153848 0.7223557692307693 0.057692307692307696 0.28125
24 0.08774038461538461 0.5817307692307693 0.17548076923076922 0.14423076923076922
24 0.2776442307692308 0.5745192307692307 0.3004807692307692 0.12980769230769232
24 0.29447115384615385 0.6838942307692307 0.2668269230769231 0.25240384615384615
24 0.2848557692307692 0.8052884615384616 0.2860576923076923 0.22115384615384615
24 0.11538461538461539 0.7403846153846154 0.23076923076923078 0.22596153846153846
19 0.7367788461538461 0.7548076923076923 0.5264423076923077 0.49038461538461536