7 0.7572115384615384 0.2800480769230769 0.3173076923076923 0.19951923076923078
7 0.8521634615384616 0.29447115384615385 0.2956730769230769 0.17067307692307693
7 0.7680288461538461 0.18389423076923078 0.2283653846153846 0.36778846153846156
7 0.9038461538461539 0.13701923076923078 0.19230769230769232 0.27403846153846156
20 0.5084134615384616 0.8834134615384616 0.040865384615384616 0.06009615384615385
20 0.47030911442059564 0.8563051452139576 0.06303463059358737 0.07596652114035848
20 0.33861385446157904 0.8815275459153238 0.09538860444559588 0.0756422887099982
20 0.20738589839262728 0.9247017700400366 0.09322963135403593 0.08149785863361472
20 0.05971872600296802 0.9005987424681258 0.07476001368807471 0.06952520998381491
20 0.009615384615384616 0.8930288461538461 0.019230769230769232 0.06971153846153846
7 0.6394230769230769 0.4855769230769231 0.22115384615384615 0.21153846153846154
7 0.7055288461538461 0.4795673076923077 0.35336538461538464 0.19951923076923078
7 0.7163461538461539 0.5697115384615384 0.375 0.15384615384615385
7 0.7067307692307693 0.6502403846153846 0.3557692307692308 0.14182692307692307
7 0.7175480769230769 0.7367788461538461 0.37740384615384615 0.12740384615384615
7 0.7067307692307693 0.8149038461538461 0.3557692307692308 0.11057692307692307