24 0.3858173076923077 0.14783653846153846 0.06490384615384616 0.21394230769230768
24 0.11658653846153846 0.3293269230769231 0.23317307692307693 0.1971153846153846
24 0.20189270252199903 0.20306983661795505 0.22607422115920636 0.23511979099103925
24 0.30528846153846156 0.10096153846153846 0.22115384615384615 0.20192307692307693
24 0.0673076923076923 0.08774038461538461 0.1346153846153846 0.17548076923076922
24 0.5384615384615384 0.16706730769230768 0.2403846153846154 0.3004807692307692
24 0.7355769230769231 0.07692307692307693 0.2548076923076923 0.15384615384615385
24 0.47475961538461536 0.32211538461538464 0.11298076923076923 0.16826923076923078
24 0.6161016461064797 0.33495690488335844 0.19333560214207998 0.18451863030084817
24 0.7908070398786772 0.2687409159973483 0.27934342865872847 0.3033804431699264
24 0.9230769230769231 0.13221153846153846 0.15384615384615385 0.2644230769230769
24 0.9526750705644782 0.3426601809867658 0.09455414714935081 0.14204117361781735
14 0.21634615384615385 0.6430288461538461 0.40384615384615385 0.43028846153846156
14 0.3317307692307692 0.8088942307692307 0.17307692307692307 0.38221153846153844
19 0.6418269230769231 0.7139423076923077 0.44711538461538464 0.5721153846153846