12 0.07211538461538461 0.1935096153846154 0.14423076923076922 0.3870192307692308
12 0.1201923076923077 0.43028846153846156 0.2403846153846154 0.2548076923076923
12 0.24759615384615385 0.07211538461538461 0.3173076923076923 0.14423076923076922
12 0.2704326923076923 0.27884615384615385 0.29086538461538464 0.5576923076923077
3 0.6694711538461539 0.055288461538461536 0.2091346153846154 0.11057692307692307
3 0.8293269230769231 0.14182692307692307 0.34134615384615385 0.28365384615384615
3 0.9122596153846154 0.38341346153846156 0.17548076923076922 0.3485576923076923
3 0.7158806243706206 0.3263833883587566 0.28600021290928157 0.4260967082368224
3 0.8257211538461539 0.5120192307692307 0.3485576923076923 0.09134615384615384
5 0.21995192307692307 0.6959134615384616 0.43990384615384615 0.2764423076923077
23 0.5721153846153846 0.96875 0.2644230769230769 0.0625
23 0.5805288461538461 0.8317307692307693 0.28125 0.2644230769230769