0 0.18509615384615385 0.17548076923076922 0.3701923076923077 0.3125
0 0.17307692307692307 0.45072115384615385 0.34615384615384615 0.25721153846153844
0 0.8954326923076923 0.1045673076923077 0.2091346153846154 0.2091346153846154
0 0.90625 0.40024038461538464 0.1875 0.39663461538461536
0 0.7379807692307693 0.5576923076923077 0.38461538461538464 0.08173076923076923
0 0.6478365384615384 0.10576923076923077 0.24278846153846154 0.21153846153846154
0 0.806574781757462 0.42690679232466255 0.1839790599302396 0.3002404558749655
0 0.6494946931405549 0.36543083221852934 0.1926373281966694 0.3090457806824586
0 0.5841346153846154 0.4543269230769231 0.15384615384615385 0.28846153846153844
7 0.07091346153846154 0.7367788461538461 0.14182692307692307 0.2764423076923077
7 0.15865384615384615 0.7992788461538461 0.21634615384615385 0.4014423076923077
7 0.08774038461538461 0.7992788461538461 0.17548076923076922 0.4014423076923077
0 0.6442307692307693 0.7992788461538461 0.3701923076923077 0.4014423076923077
0 0.8305288461538461 0.8689903846153846 0.3389423076923077 0.2620192307692308