2 0.3171363740721205 0.23675761139398085 0.2849690351156325 0.22667649029279546
2 0.26694960388741973 0.08940972830873649 0.2533353791931002 0.15785919080202648
2 0.09254807692307693 0.1935096153846154 0.18509615384615385 0.2091346153846154
2 0.6153846153846154 0.07451923076923077 0.23076923076923078 0.14903846153846154
2 0.6823374174789778 0.1594832093105558 0.2718210261789267 0.24333558567545296
2 0.7614047848521415 0.41784157034957603 0.3070604513322285 0.31219484208978854
14 0.25 0.7944711538461539 0.5 0.4110576923076923
21 0.7944711538461539 0.8701923076923077 0.31971153846153844 0.25961538461538464
21 0.6310096153846154 0.84375 0.2620192307692308 0.3125
21 0.5721153846153846 0.8149038461538461 0.14423076923076922 0.34615384615384615
21 0.7536057692307693 0.7091346153846154 0.40625 0.2403846153846154