9 0.23197115384615385 0.12860576923076922 0.4639423076923077 0.25721153846153844
9 0.41586538461538464 0.21995192307692307 0.22115384615384615 0.07932692307692307
9 0.14543269230769232 0.12980769230769232 0.29086538461538464 0.25961538461538464
16 0.8245192307692307 0.13581730769230768 0.35096153846153844 0.24759615384615385
5 0.37740384615384615 0.9206730769230769 0.2403846153846154 0.15865384615384615
5 0.31482852635967784 0.6866967624783656 0.24114433963459037 0.20595249196212634
5 0.6042705909355409 0.8817770015469557 0.08280960583243413 0.1326881195929488
5 0.5637019230769231 0.4807692307692308 0.17067307692307693 0.16826923076923078
5 0.45677913101010775 0.38289298953536366 0.14290575967858798 0.1340868730998933
5 0.8425480769230769 0.3629807692307692 0.21875 0.20673076923076922
5 0.6947115384615384 0.6201923076923077 0.09134615384615384 0.1778846153846154