0 0.046875 0.578125 0.09375 0.06009615384615385
0 0.12620192307692307 0.578125 0.11298076923076923 0.06009615384615385
0 0.09629833639361306 0.5339248263201947 0.1132503296066232 0.08065859192880473
0 0.26322115384615385 0.5180288461538461 0.0889423076923077 0.10336538461538461
0 0.038461538461538464 0.359375 0.07692307692307693 0.0985576923076923
0 0.07164721960402111 0.3640759237655965 0.11182760466535044 0.09259387854060327
0 0.04447115384615385 0.21153846153846154 0.0889423076923077 0.12980769230769232
20 0.6365032990767775 0.16768933169422678 0.2838738545538642 0.23283352170393778
20 0.6373855147037618 0.4134120092040009 0.2975364137626346 0.2680670396431514
20 0.6826923076923077 0.5745192307692307 0.24519230769230768 0.0673076923076923
20 0.5036057692307693 0.4831730769230769 0.25240384615384615 0.25
24 0.15384615384615385 0.8040865384615384 0.3076923076923077 0.3918269230769231
20 0.7560096153846154 0.8040865384615384 0.4879807692307692 0.3918269230769231