20 0.24639423076923078 0.16466346153846154 0.4206730769230769 0.3293269230769231
20 0.42908653846153844 0.09495192307692307 0.07932692307692307 0.18990384615384615
7 0.8954326923076923 0.23677884615384615 0.2091346153846154 0.20432692307692307
7 0.7503998528977464 0.15312438767805597 0.11487405447653141 0.11023641843205977
7 0.8236867199789855 0.16844976951032928 0.08482597755345449 0.10866166544879537
7 0.7247596153846154 0.2980769230769231 0.06971153846153846 0.08173076923076923
7 0.6670673076923077 0.3076923076923077 0.04567307692307692 0.0625
7 0.653816153377628 0.23964240597794928 0.07216012432915943 0.07924860052866642
0 0.17548076923076922 0.8221153846153846 0.35096153846153844 0.3557692307692308
0 0.2644230769230769 0.703125 0.40865384615384615 0.5552884615384616
7 0.7211538461538461 0.6694711538461539 0.5048076923076923 0.6610576923076923