10 0.18629807692307693 0.25 0.37259615384615385 0.5
10 0.06370192307692307 0.35697115384615385 0.12740384615384615 0.2860576923076923
10 0.2860576923076923 0.15625 0.46634615384615385 0.3125
10 0.32091346153846156 0.10817307692307693 0.39663461538461536 0.21634615384615385
10 0.42427884615384615 0.40865384615384615 0.18990384615384615 0.18269230769230768
10 0.38221153846153844 0.2704326923076923 0.27403846153846156 0.19471153846153846
23 0.6105769230769231 0.22716346153846154 0.18269230769230768 0.4543269230769231
23 0.7596153846153846 0.39903846153846156 0.4807692307692308 0.20192307692307693
23 0.8293269230769231 0.31850961538461536 0.34134615384615385 0.3629807692307692
23 0.8413461538461539 0.08413461538461539 0.3173076923076923 0.16826923076923078
23 0.7175480769230769 0.140625 0.31490384615384615 0.28125
18 0.2403846153846154 0.75 0.4807692307692308 0.5
10 0.7596153846153846 0.75 0.4807692307692308 0.5