15 0.17908653846153846 0.3557692307692308 0.25721153846153844 0.42788461538461536
3 0.7512019230769231 0.4735576923076923 0.3485576923076923 0.19230769230769232
3 0.8425480769230769 0.23677884615384615 0.31490384615384615 0.34375
3 0.5324519230769231 0.20192307692307693 0.39663461538461536 0.40384615384615385
3 0.541559253132516 0.37346301026007456 0.29748415615509305 0.33197355256983596
3 0.6322115384615384 0.07211538461538461 0.36538461538461536 0.14423076923076922
16 0.15384615384615385 0.7848557692307693 0.3076923076923077 0.43028846153846156
16 0.828125 0.7355769230769231 0.34375 0.3317307692307692
16 0.4375 0.7391826923076923 0.25961538461538464 0.3389423076923077
16 0.5516826923076923 0.8317307692307693 0.4879807692307692 0.33653846153846156
16 0.59375 0.6610576923076923 0.5 0.18269230769230768