0 0.4375 0.09735576923076923 0.08173076923076923 0.17067307692307693
0 0.42788461538461536 0.38100961538461536 0.10096153846153846 0.18028846153846154
0 0.5276442307692307 0.4014423076923077 0.0985576923076923 0.1778846153846154
0 0.53125 0.06850961538461539 0.10576923076923077 0.13701923076923078
0 0.6098101429125575 0.22185810516227816 0.24604540292901034 0.16234725240650888
0 0.7310932936944193 0.40165583211233036 0.2136494205233464 0.1698830232984075
0 0.5733173076923077 0.5168269230769231 0.18990384615384615 0.02403846153846154
0 0.7067307692307693 0.06610576923076923 0.17307692307692307 0.13221153846153846
0 0.83923060634281 0.18190637902149326 0.2077586790651569 0.18993060195360256
0 0.8293269230769231 0.49038461538461536 0.25 0.07692307692307693
0 0.9435096153846154 0.34375 0.11298076923076923 0.15865384615384615
0 0.9302884615384616 0.057692307692307696 0.13942307692307693 0.11538461538461539
0 0.1346153846153846 0.8689903846153846 0.2692307692307692 0.2620192307692308
0 0.2091346153846154 0.7644230769230769 0.4182692307692308 0.47115384615384615
25 0.8509615384615384 0.7644230769230769 0.2980769230769231 0.47115384615384615