20 0.21875 0.12259615384615384 0.32211538461538464 0.24519230769230768
6 0.7329119503958709 0.13699800218644279 0.1535175935065765 0.14889687277451266
6 0.9066520758126876 0.1390508601101724 0.15560514975117185 0.11186832558139578
6 0.8353365384615384 0.18870192307692307 0.14182692307692307 0.12259615384615384
6 0.9471153846153846 0.18389423076923078 0.10576923076923077 0.13221153846153846
6 0.6694711538461539 0.2247596153846154 0.13701923076923078 0.05048076923076923
6 0.8485576923076923 0.23798076923076922 0.16346153846153846 0.02403846153846154
24 0.12980769230769232 0.5024038461538461 0.25961538461538464 0.25961538461538464
24 0.2536057692307692 0.640625 0.25240384615384615 0.28125
24 0.05048076923076923 0.6466346153846154 0.10096153846153846 0.2403846153846154
24 0.11778846153846154 0.8004807692307693 0.23557692307692307 0.28846153846153844
6 0.9038461538461539 0.37740384615384615 0.19230769230769232 0.2548076923076923
6 0.9050480769230769 0.6009615384615384 0.18990384615384615 0.27884615384615385
6 0.9074519230769231 0.8581730769230769 0.18509615384615385 0.23557692307692307