20 0.5072115384615384 0.09615384615384616 0.22115384615384615 0.19230769230769232
20 0.33052884615384615 0.040865384615384616 0.2860576923076923 0.08173076923076923
7 0.8088942307692307 0.35697115384615385 0.38221153846153844 0.09375
7 0.8088942307692307 0.27884615384615385 0.38221153846153844 0.14423076923076922
7 0.8088942307692307 0.21995192307692307 0.38221153846153844 0.0985576923076923
7 0.71875 0.11778846153846154 0.20192307692307693 0.23557692307692307
25 0.4014423076923077 0.6862980769230769 0.4326923076923077 0.4543269230769231
0 0.7007211538461539 0.6033653846153846 0.1658653846153846 0.1778846153846154
0 0.71875 0.9423076923076923 0.20192307692307693 0.11538461538461539
0 0.8277283568471626 0.7799530973831191 0.2691714326066939 0.15986079392601524
0 0.9098557692307693 0.5805288461538461 0.18028846153846154 0.17067307692307693
0 0.7608173076923077 0.4699519230769231 0.2091346153846154 0.021634615384615384
0 0.9230769230769231 0.9326923076923077 0.15384615384615385 0.1346153846153846