24 0.07932692307692307 0.3076923076923077 0.15865384615384615 0.32211538461538464
24 0.25346605552095336 0.26573570801033763 0.2552866827397954 0.32255769467870693
24 0.35216346153846156 0.10096153846153846 0.28125 0.20192307692307693
24 0.12860576923076922 0.06971153846153846 0.25721153846153844 0.13942307692307693
24 0.9771634615384616 0.12139423076923077 0.04567307692307692 0.24278846153846154
24 0.953125 0.2776442307692308 0.09375 0.2091346153846154
24 0.8336471085028526 0.3230410596444918 0.2635868783933937 0.10061747971150362
24 0.8406793332114627 0.1664829687224939 0.25759803320062435 0.242568007638357
24 0.8389423076923077 0.040865384615384616 0.27403846153846156 0.08173076923076923
24 0.6706730769230769 0.08774038461538461 0.22596153846153846 0.17548076923076922
24 0.6478365384615384 0.234375 0.18028846153846154 0.19951923076923078