3 0.11177884615384616 0.328125 0.22355769230769232 0.21875
3 0.10096153846153846 0.18509615384615385 0.20192307692307693 0.18269230769230768
3 0.11538461538461539 0.06850961538461539 0.23076923076923078 0.13701923076923078
3 0.2536057692307692 0.3713942307692308 0.2283653846153846 0.13701923076923078
3 0.2620192307692308 0.18990384615384615 0.21153846153846154 0.2403846153846154
3 0.26802884615384615 0.056490384615384616 0.19951923076923078 0.11298076923076923
3 0.34375 0.28966346153846156 0.04807692307692308 0.19471153846153846
3 0.765625 0.27884615384615385 0.46875 0.32211538461538464
3 0.5528846153846154 0.3269230769230769 0.3701923076923077 0.22596153846153846
3 0.8701923076923077 0.5973557692307693 0.25961538461538464 0.31490384615384615
3 0.6959134615384616 0.5949519230769231 0.3004807692307692 0.31009615384615385
3 0.8100961538461539 0.859375 0.3798076923076923 0.28125