21 0.07211538461538461 0.296875 0.14423076923076922 0.38221153846153844
21 0.24759615384615385 0.31971153846153844 0.32211538461538464 0.33653846153846156
21 0.28365384615384615 0.078125 0.25 0.15625
11 0.7043269230769231 0.12860576923076922 0.5913461538461539 0.25721153846153844
11 0.7043269230769231 0.30649038461538464 0.5913461538461539 0.3629807692307692
11 0.1875 0.5456730769230769 0.375 0.11538461538461539
14 0.9435096153846154 0.6370192307692307 0.11298076923076923 0.22115384615384615
14 0.6875 0.5733173076923077 0.3557692307692308 0.17067307692307693
14 0.8059744520390647 0.750636378089887 0.3875094796985747 0.3856478602193013
14 0.6273339552224825 0.751776188428633 0.2974333498583165 0.35623180120377435
14 0.6790865384615384 0.9158653846153846 0.38221153846153844 0.16826923076923078