23 0.18389423076923078 0.1466346153846154 0.3389423076923077 0.2932692307692308
23 0.0673076923076923 0.19951923076923078 0.1346153846153846 0.3798076923076923
18 0.5793269230769231 0.09495192307692307 0.25961538461538464 0.18990384615384615
18 0.6646634615384616 0.018028846153846152 0.25721153846153844 0.036057692307692304
18 0.7896634615384616 0.046875 0.19471153846153846 0.09375
18 0.90625 0.1045673076923077 0.1875 0.2091346153846154
18 0.7512161956755432 0.20681190965757382 0.26673965097217417 0.29028732238118404
18 0.5540865384615384 0.265625 0.2091346153846154 0.21394230769230768
16 0.7541086569645342 0.16567329618796683 0.16294586038886977 0.12037729907834246
10 0.22875456106142592 0.816988664844948 0.3482457273963104 0.2148408167975292
4 0.5444711538461539 0.6838942307692307 0.18990384615384615 0.31009615384615385
4 0.7283653846153846 0.6213942307692307 0.38461538461538464 0.18509615384615385
4 0.6694711538461539 0.9194711538461539 0.3629807692307692 0.16105769230769232
4 0.8713942307692307 0.7295673076923077 0.25721153846153844 0.34375
4 0.9050480769230769 0.90625 0.18990384615384615 0.1875
4 0.8449519230769231 0.5516826923076923 0.31009615384615385 0.04567307692307692