19 0.3473557692307692 0.16826923076923078 0.3629807692307692 0.33653846153846156
19 0.13701923076923078 0.18028846153846154 0.27403846153846156 0.3605769230769231
19 0.1778846153846154 0.4723557692307692 0.3557692307692308 0.3918269230769231
19 0.5 0.5384615384615384 0.057692307692307696 0.25961538461538464
19 0.375 0.5817307692307693 0.3076923076923077 0.17307692307692307
19 0.7644230769230769 0.28365384615384615 0.47115384615384615 0.5673076923076923
19 0.4723557692307692 0.8725961538461539 0.11298076923076923 0.2548076923076923
19 0.3737980769230769 0.9014423076923077 0.31009615384615385 0.1971153846153846
19 0.34375 0.9675480769230769 0.3557692307692308 0.06490384615384616
21 0.8810096153846154 0.8341346153846154 0.23798076923076922 0.3317307692307692
21 0.7560096153846154 0.7644230769230769 0.24278846153846154 0.19230769230769232