25 0.18389423076923078 0.21514423076923078 0.31009615384615385 0.43028846153846156
25 0.10576923076923077 0.23557692307692307 0.21153846153846154 0.4326923076923077
25 0.16947115384615385 0.3762019230769231 0.3389423076923077 0.1658653846153846
20 0.7307692307692307 0.05048076923076923 0.15384615384615385 0.10096153846153846
20 0.5108173076923077 0.0733173076923077 0.15144230769230768 0.1466346153846154
20 0.6274038461538461 0.0625 0.11538461538461539 0.125
6 0.13651854234458552 0.7690792193175414 0.270218712221717 0.1625001068893714
6 0.28365384615384615 0.7560096153846154 0.11057692307692307 0.2091346153846154
6 0.10697115384615384 0.8341346153846154 0.21394230769230768 0.15865384615384615
0 0.6850961538461539 0.6754807692307693 0.6298076923076923 0.4326923076923077
0 0.6694711538461539 0.921875 0.6610576923076923 0.15625