6 0.24158653846153846 0.5793269230769231 0.4831730769230769 0.15865384615384615
6 0.22956730769230768 0.25961538461538464 0.45913461538461536 0.5192307692307693
20 0.5997596153846154 0.4362980769230769 0.14182692307692307 0.43990384615384615
20 0.6992511774388289 0.21769214366153514 0.23746769269554086 0.11565202669783076
20 0.9326923076923077 0.34134615384615385 0.1346153846153846 0.2692307692307692
20 0.7756705344345222 0.3978136195710451 0.08954710758503176 0.11272986975468467
20 0.7897409514117868 0.5062384380355205 0.11537581874321035 0.1214370297581113
20 0.8647139220921706 0.46621219189146407 0.055893261431185746 0.11233827180139827
20 0.6466346153846154 0.5925480769230769 0.09615384615384616 0.13221153846153846
22 0.9423076923076923 0.17908653846153846 0.11538461538461539 0.1466346153846154
0 0.109375 0.9290865384615384 0.21875 0.14182692307692307
25 0.6538461538461539 0.7644230769230769 0.25 0.21153846153846154
25 0.6682692307692307 0.890625 0.27884615384615385 0.21875
25 0.6899038461538461 0.9663461538461539 0.24519230769230768 0.0673076923076923
25 0.8617788461538461 0.7043269230769231 0.18028846153846154 0.09134615384615384
25 0.8753884064778723 0.7811999518924431 0.1856586504311727 0.19911533130538353
25 0.9034363971420258 0.8789613047176876 0.17843887529466904 0.14739068207412487
25 0.8762019230769231 0.9579326923076923 0.1658653846153846 0.08413461538461539