19 0.11899038461538461 0.35096153846153844 0.23798076923076922 0.2980769230769231
19 0.375 0.19110576923076922 0.3076923076923077 0.38221153846153844
19 0.3293269230769231 0.3918269230769231 0.25961538461538464 0.21634615384615385
19 0.23076923076923078 0.125 0.46153846153846156 0.25
19 0.7944711538461539 0.17307692307692307 0.4110576923076923 0.34615384615384615
24 0.07932692307692307 0.8125 0.15865384615384615 0.27884615384615385
24 0.12379807692307693 0.6117788461538461 0.22355769230769232 0.22355769230769232
24 0.0985576923076923 0.9471153846153846 0.1971153846153846 0.10576923076923077
24 0.046875 0.6105769230769231 0.09375 0.22115384615384615
24 0.6021634615384616 0.7079326923076923 0.1466346153846154 0.31009615384615385
24 0.7151442307692307 0.6310096153846154 0.2283653846153846 0.2620192307692308
24 0.9002403846153846 0.6634615384615384 0.19951923076923078 0.3173076923076923
24 0.9314903846153846 0.8701923076923077 0.13701923076923078 0.25961538461538464
24 0.7199519230769231 0.890625 0.3389423076923077 0.21875