10 0.2620192307692308 0.06971153846153846 0.2932692307692308 0.13942307692307693
10 0.3329326923076923 0.20552884615384615 0.15144230769230768 0.4110576923076923
10 0.11567332012948144 0.21016947845079653 0.1960781212908545 0.26005567348034897
10 0.6189903846153846 0.3798076923076923 0.4206730769230769 0.5192307692307693
10 0.7043269230769231 0.41586538461538464 0.5913461538461539 0.44711538461538464
10 0.7560096153846154 0.14302884615384615 0.3293269230769231 0.2860576923076923
10 0.8245192307692307 0.4567307692307692 0.35096153846153844 0.36538461538461536
10 0.9302884615384616 0.20793269230769232 0.13942307692307693 0.2764423076923077
10 0.16346153846153846 0.7548076923076923 0.3269230769230769 0.23076923076923078
10 0.21634615384615385 0.8197115384615384 0.38461538461538464 0.3605769230769231
10 0.3269230769230769 0.8197115384615384 0.16346153846153846 0.3605769230769231
0 0.6057692307692307 0.9110576923076923 0.3942307692307692 0.1778846153846154
0 0.578125 0.7427884615384616 0.3389423076923077 0.20673076923076922
0 0.6574519230769231 0.7560096153846154 0.18990384615384615 0.23317307692307693