18 0.18389423076923078 0.20793269230769232 0.36778846153846156 0.41586538461538464
25 0.06490384615384616 0.1658653846153846 0.12980769230769232 0.3317307692307692
12 0.6213942307692307 0.10096153846153846 0.4831730769230769 0.20192307692307693
12 0.6331276812027775 0.32233539837294634 0.45022262727889983 0.265277256438653
12 0.6105769230769231 0.43149038461538464 0.4855769230769231 0.07451923076923077
12 0.4074519230769231 0.07932692307692307 0.07932692307692307 0.15865384615384615
12 0.41346153846153844 0.22235576923076922 0.09134615384615384 0.19951923076923078
12 0.4338942307692308 0.390625 0.13221153846153846 0.15625
12 0.2824519230769231 0.734375 0.17067307692307693 0.53125
12 0.18629807692307693 0.6658653846153846 0.3629807692307692 0.27884615384615385
10 0.7247596153846154 0.734375 0.30528846153846156 0.53125