11 0.2776442307692308 0.32572115384615385 0.31009615384615385 0.1466346153846154
11 0.4651442307692308 0.328125 0.2091346153846154 0.14182692307692307
14 0.7848557692307693 0.19951923076923078 0.43028846153846156 0.39903846153846156
20 0.24158653846153846 0.7127403846153846 0.4831730769230769 0.4206730769230769
20 0.5240384615384616 0.7127403846153846 0.09134615384615384 0.14182692307692307
11 0.5336538461538461 0.8521634615384616 0.07211538461538461 0.17548076923076922
11 0.7848557692307693 0.8822115384615384 0.43028846153846156 0.23557692307692307
11 0.8233173076923077 0.7439903846153846 0.35336538461538464 0.22355769230769232
11 0.7848557692307693 0.6730769230769231 0.43028846153846156 0.4519230769230769
11 0.7283653846153846 0.5504807692307693 0.3173076923076923 0.30288461538461536
11 0.7848557692307693 0.4567307692307692 0.43028846153846156 0.11538461538461539