19 0.18389423076923078 0.2091346153846154 0.36778846153846156 0.4182692307692308
19 0.7415865384615384 0.21875 0.44471153846153844 0.39903846153846156
19 0.9050480769230769 0.29086538461538464 0.18990384615384615 0.2548076923076923
24 0.06370192307692307 0.5492788461538461 0.12740384615384615 0.2620192307692308
24 0.2644230769230769 0.6105769230769231 0.20673076923076922 0.20673076923076922
24 0.30408653846153844 0.859375 0.12740384615384615 0.15144230769230768
24 0.11467334258579126 0.8553197387182581 0.20871900908872873 0.1994102433631214
24 0.021634615384615384 0.9302884615384616 0.04326923076923077 0.13942307692307693
24 0.9387019230769231 0.6418269230769231 0.12259615384615384 0.44711538461538464
24 0.5455692161549149 0.524123555299986 0.13008945288717955 0.12206156803365677
24 0.5442014525352568 0.6200884310958403 0.18440079684887836 0.18613121020727902
24 0.6724425409151713 0.5595836716758507 0.0964915568736112 0.12270169084624663
24 0.6801316654471693 0.6836337090762499 0.15222862447334412 0.1964497077545842
24 0.800798544392789 0.6587457111286382 0.13003450768595107 0.1712774240681722
24 0.7552953277686437 0.7668030294323381 0.12335349061800226 0.14211631962536558