17 0.2644230769230769 0.2848557692307692 0.5288461538461539 0.5697115384615384
17 0.2343532090183775 0.4735576923076923 0.24669280395868917 0.16826923076923078
17 0.4639423076923077 0.3954326923076923 0.12980769230769232 0.13701923076923078
17 0.7079326923076923 0.3245192307692308 0.3581730769230769 0.2644230769230769
17 0.9045402844918808 0.1875 0.1581416935403133 0.11778846153846154
17 0.5456730769230769 0.35336538461538464 0.03365384615384615 0.057692307692307696
14 0.765625 0.9158653846153846 0.3581730769230769 0.16826923076923078
14 0.9326923076923077 0.84375 0.1346153846153846 0.14423076923076922
14 0.7692307692307693 0.7475961538461539 0.14903846153846154 0.15865384615384615
14 0.8774038461538461 0.7644230769230769 0.21634615384615385 0.19230769230769232
14 0.6814903846153846 0.71875 0.15625 0.10096153846153846