19 0.265625 0.38822115384615385 0.3245192307692308 0.25240384615384615
19 0.17230613613681045 0.2807124661769551 0.29573681153339276 0.24158554663112403
19 0.056490384615384616 0.10096153846153846 0.11298076923076923 0.20192307692307693
19 0.31490384615384615 0.0673076923076923 0.22596153846153846 0.1346153846153846
19 0.16466346153846154 0.04567307692307692 0.18509615384615385 0.09134615384615384
19 0.14073527863221952 0.1319191857585954 0.2244527430478393 0.17209500840001807
21 0.7139423076923077 0.2548076923076923 0.5721153846153846 0.5096153846153846
21 0.7139423076923077 0.47475961538461536 0.5721153846153846 0.2283653846153846
21 0.18629807692307693 0.7944711538461539 0.37259615384615385 0.4110576923076923
21 0.27283653846153844 0.6778846153846154 0.31009615384615385 0.1778846153846154
2 0.5697115384615384 0.90625 0.28365384615384615 0.1875