22 0.4567307692307692 0.24158653846153846 0.32211538461538464 0.4735576923076923
22 0.3317307692307692 0.11298076923076923 0.32211538461538464 0.22596153846153846
22 0.11658653846153846 0.38100961538461536 0.23317307692307693 0.19471153846153846
19 0.8088942307692307 0.23918269230769232 0.38221153846153844 0.47836538461538464
10 0.1141826923076923 0.5420673076923077 0.2283653846153846 0.12740384615384615
10 0.5697115384615384 0.578125 0.09615384615384616 0.19951923076923078
10 0.30288461538461536 0.6129807692307693 0.20673076923076922 0.2692307692307692
10 0.14122399581965664 0.61396308063984 0.19579520437993436 0.21852860303740146
10 0.052884615384615384 0.6526442307692307 0.10576923076923077 0.18990384615384615
10 0.16876518568680263 0.751939053365892 0.2990041383474865 0.15384516201573925
10 0.4846649240628021 0.6290741326082157 0.23798842830838998 0.2255682965121776
22 0.875 0.671875 0.25 0.3870192307692308