7 0.11177884615384616 0.06009615384615385 0.11298076923076923 0.1201923076923077
7 0.19951923076923078 0.021634615384615384 0.10096153846153846 0.04326923076923077
7 0.234375 0.6141826923076923 0.33413461538461536 0.0889423076923077
7 0.7199519230769231 0.2704326923076923 0.27163461538461536 0.5408653846153846
7 0.7512019230769231 0.5396634615384616 0.39663461538461536 0.23798076923076922
7 0.6045673076923077 0.5552884615384616 0.27163461538461536 0.20673076923076922
7 0.5528846153846154 0.3713942307692308 0.16826923076923078 0.23317307692307693
7 0.5672189288651164 0.2224922573814011 0.18421372208347214 0.1895419036135653
7 0.5721153846153846 0.078125 0.20673076923076922 0.15625
0 0.20432692307692307 0.7716346153846154 0.28365384615384615 0.22596153846153846
6 0.7560096153846154 0.8293269230769231 0.4879807692307692 0.34134615384615385