12 0.2439903846153846 0.33653846153846156 0.4879807692307692 0.34615384615384615
12 0.20552884615384615 0.14543269230769232 0.4110576923076923 0.1658653846153846
12 0.3581730769230769 0.39663461538461536 0.25961538461538464 0.22596153846153846
18 0.7776442307692307 0.2439903846153846 0.44471153846153844 0.4879807692307692
16 0.7705835271030294 0.3108817391627662 0.24621422702210466 0.1373456924826629
16 0.9185906324961534 0.10041253881147917 0.09991528596303184 0.15060155899365052
16 0.7415303065722256 0.11484788616488267 0.08607963910965456 0.18366770979800998
16 0.9471153846153846 0.42427884615384615 0.10576923076923077 0.11298076923076923
16 0.74733347902674 0.402548273061613 0.0640315141102883 0.09028706446316029
16 0.6201923076923077 0.06009615384615385 0.08173076923076923 0.1201923076923077
4 0.2439903846153846 0.7548076923076923 0.4879807692307692 0.49038461538461536
23 0.7596153846153846 0.5516826923076923 0.25 0.08413461538461539
23 0.8137019230769231 0.7980769230769231 0.37259615384615385 0.38461538461538464
23 0.9074519230769231 0.9314903846153846 0.18509615384615385 0.13701923076923078
23 0.9122596153846154 0.5841346153846154 0.17548076923076922 0.14903846153846154