3 0.24759615384615385 0.40384615384615385 0.4807692307692308 0.4519230769230769
3 0.7151442307692307 0.02283653846153846 0.15144230769230768 0.04567307692307692
3 0.5649038461538461 0.078125 0.07211538461538461 0.15625
3 0.5798189467144733 0.2191621126589392 0.0962814010551735 0.22082189906292832
3 0.6229334933653132 0.10412854110989431 0.12224819694706185 0.1808799001792966
3 0.9314903846153846 0.19831730769230768 0.13701923076923078 0.24759615384615385
3 0.8837647866988098 0.11443840526819872 0.17407074566664213 0.19470393033331723
3 0.7307857426063618 0.183585209961776 0.24769573746510348 0.2237065348273035
3 0.7055889990451715 0.39295639061284543 0.20073682361797077 0.2148580852958394
24 0.8570033354551015 0.3958410263772207 0.16532247080496346 0.2688873844728196
24 0.9771634615384616 0.40384615384615385 0.04567307692307692 0.20192307692307693
24 0.9435096153846154 0.5300480769230769 0.11298076923076923 0.17548076923076922
24 0.8040865384615384 0.5588942307692307 0.17067307692307693 0.14182692307692307
16 0.41346153846153844 0.8185096153846154 0.14903846153846154 0.16105769230769232
16 0.24136613646377375 0.8725694999226796 0.21750780413013862 0.21063800209017172
16 0.4050480769230769 0.9014423076923077 0.1658653846153846 0.1971153846153846
16 0.056490384615384616 0.9855769230769231 0.11298076923076923 0.028846153846153848
16 0.16826923076923078 0.9206730769230769 0.27403846153846156 0.15865384615384615
15 0.7439903846153846 0.8149038461538461 0.5120192307692307 0.3701923076923077