1 0.20432692307692307 0.2091346153846154 0.40865384615384615 0.4182692307692308
1 0.7752403846153846 0.27884615384615385 0.4206730769230769 0.27884615384615385
1 0.8641826923076923 0.10336538461538461 0.27163461538461536 0.20673076923076922
1 0.20874547995853895 0.757198474253899 0.0933646431633343 0.16309987242783125
1 0.3163881870641495 0.773939462242307 0.06531595881278535 0.1852650092060363
1 0.17908653846153846 0.9507211538461539 0.3581730769230769 0.0985576923076923
9 0.7451923076923077 0.5060096153846154 0.11057692307692307 0.17548076923076922
9 0.8798076923076923 0.4807692307692308 0.1346153846153846 0.125
9 0.9591346153846154 0.5228365384615384 0.08173076923076923 0.2091346153846154
9 0.8455434126671578 0.6252127462315701 0.13641257587195318 0.22655102481255357
9 0.8804335458484219 0.7976182676251597 0.1648771514708522 0.11312365939861134
9 0.7968331298200833 0.8837670880597752 0.14006031718143852 0.2278368730998933
9 0.7644230769230769 0.9615384615384616 0.16826923076923078 0.07692307692307693
9 0.7146215709787851 0.7341151848563565 0.12319142202579933 0.22624329904102572
9 0.6698108109640923 0.6220855680103095 0.09901177704534748 0.18725023424684842