24 0.13581730769230768 0.3701923076923077 0.12740384615384615 0.07692307692307693
24 0.24879807692307693 0.34975961538461536 0.10336538461538461 0.11778846153846154
24 0.341998288280419 0.30506613781953174 0.12022974376342788 0.12003720356805167
24 0.3835412317795138 0.22181715560258858 0.10467284469240049 0.09781489283394972
24 0.39838479629933643 0.12166574331831534 0.10739164144289941 0.10392245744347953
24 0.38822115384615385 0.03365384615384615 0.08413461538461539 0.0673076923076923
24 0.3942307692307692 0.010817307692307692 0.125 0.021634615384615384
24 0.07845707302797021 0.29901362948319804 0.13445873951887102 0.13980669353585037
24 0.016826923076923076 0.18870192307692307 0.03365384615384615 0.14182692307692307
24 0.06129807692307692 0.0673076923076923 0.12259615384615384 0.1346153846153846
24 0.29728194517021045 0.05982076537132468 0.09841126883046278 0.0927623274639712
24 0.3137019230769231 0.013221153846153846 0.11778846153846154 0.026442307692307692
24 0.22563815624799247 0.191071163674784 0.11460317990443801 0.1042163051182228
24 0.16346153846153846 0.05889423076923077 0.12980769230769232 0.11778846153846154
24 0.10430180478845011 0.17202811260695933 0.10821051299419711 0.11954745744347939
24 0.17669470392936754 0.2782197627972397 0.12529450735808453 0.10225323047649158
24 0.3308302543239638 0.1520035777726934 0.08164733587287042 0.09327860596649301
24 0.20673076923076922 0.019230769230769232 0.11057692307692307 0.038461538461538464
24 0.21720425147096256 0.10026373056565958 0.11865499078016334 0.08998912664497474
24 0.5661057692307693 0.11658653846153846 0.055288461538461536 0.06490384615384616
24 0.5925480769230769 0.2620192307692308 0.10817307692307693 0.125
24 0.637410843510515 0.14285140690393142 0.14439418554055058 0.12342054197104237
24 0.7192880362185138 0.22826754249931897 0.17095736266187728 0.14968939344802862
24 0.6826923076923077 0.3401442307692308 0.15865384615384615 0.13701923076923078
24 0.5697115384615384 0.3605769230769231 0.0625 0.09615384615384616
24 0.6069711538461539 0.39783653846153844 0.10336538461538461 0.021634615384615384
24 0.9170673076923077 0.359375 0.11298076923076923 0.0985576923076923
24 0.8694654307145678 0.223347639019089 0.121683627317673 0.12489387048820119
24 0.7493735492127107 0.11190343486555908 0.11499134223970568 0.06585271588159877
19 0.2403846153846154 0.5048076923076923 0.3605769230769231 0.19230769230769232
19 0.11057692307692307 0.7463942307692307 0.22115384615384615 0.31971153846153844
19 0.2857598641423567 0.6915997126076323 0.3250980238661158 0.25311801462349376
19 0.4563171824460567 0.7326242914907153 0.15840354608014942 0.27630964580255907
21 0.8509615384615384 0.5697115384615384 0.2980769230769231 0.32211538461538464