17 0.4254807692307692 0.3293269230769231 0.125 0.13942307692307693
20 0.7451923076923077 0.36899038461538464 0.16346153846153846 0.06009615384615385
20 0.7605886880949414 0.21473287261702184 0.16614696185980138 0.1977746437324783
20 0.6069711538461539 0.3605769230769231 0.15625 0.07692307692307693
20 0.6033653846153846 0.027644230769230768 0.14903846153846154 0.055288461538461536
20 0.5913461538461539 0.15264423076923078 0.125 0.18028846153846154
20 0.5973557692307693 0.27283653846153844 0.13701923076923078 0.14182692307692307
20 0.734375 0.028846153846153848 0.16105769230769232 0.057692307692307696
20 0.7041289260009488 0.1223656836805547 0.16590208879751545 0.1917650283478629
20 0.7401253732658574 0.3003701643591871 0.15472360672694171 0.0937783312551279
20 0.33052884615384615 0.7764423076923077 0.28125 0.44711538461538464
18 0.7644230769230769 0.6995192307692307 0.47115384615384615 0.6009615384615384