11 0.23798076923076922 0.16346153846153846 0.19230769230769232 0.3269230769230769
11 0.4026442307692308 0.09014423076923077 0.23317307692307693 0.18028846153846154
11 0.44471153846153844 0.3016826923076923 0.14903846153846154 0.17548076923076922
11 0.2668269230769231 0.24759615384615385 0.2548076923076923 0.28365384615384615
7 0.8137019230769231 0.19471153846153846 0.3293269230769231 0.3894230769230769
21 0.29447115384615385 0.5324519230769231 0.34375 0.2860576923076923
21 0.2800480769230769 0.8545673076923077 0.47836538461538464 0.29086538461538464
20 0.9435096153846154 0.765625 0.11298076923076923 0.24759615384615385
20 0.9375 0.9242788461538461 0.125 0.15144230769230768
20 0.8158906018399387 0.5891373508809038 0.25611530549837586 0.24257750496637534
20 0.7535312548732361 0.8243610540455746 0.26106284948421615 0.26695215310071896
20 0.8137019230769231 0.9423076923076923 0.17548076923076922 0.11538461538461539
20 0.6346153846153846 0.8966346153846154 0.23076923076923078 0.20673076923076922
20 0.640822395059706 0.6723216231690679 0.21294397090384856 0.256378748680358
20 0.7695112739422145 0.47093689277255446 0.14740379961442918 0.1424652296359475