24 0.9194711538461539 0.46033653846153844 0.16105769230769232 0.25240384615384615
24 0.7271260945534763 0.44872947130064655 0.3369518253441474 0.2893544407310067
24 0.6371155242336355 0.2159722856259196 0.2729701989109285 0.23905299748213338
24 0.7524038461538461 0.09254807692307693 0.27884615384615385 0.18509615384615385
19 0.07932692307692307 0.6923076923076923 0.15865384615384615 0.08653846153846154
19 0.07932692307692307 0.8665865384615384 0.15865384615384615 0.2668269230769231
19 0.36778846153846156 0.8629807692307693 0.16346153846153846 0.23076923076923078
19 0.36177884615384615 0.7259615384615384 0.1466346153846154 0.15384615384615385
19 0.2283653846153846 0.6923076923076923 0.20192307692307693 0.08653846153846154
19 0.2062195092503797 0.8240766855974067 0.19375515717652383 0.25551360951764374
19 0.2283653846153846 0.9519230769230769 0.18269230769230768 0.09615384615384616
19 0.35697115384615385 0.9615384615384616 0.18509615384615385 0.07692307692307693