20 0.5324519230769231 0.14423076923076922 0.17067307692307693 0.28846153846153844
20 0.30649038461538464 0.23317307692307693 0.16105769230769232 0.11057692307692307
20 0.21126748137211301 0.1255609551785504 0.14926741867669444 0.14926741867669444
20 0.11019529388026854 0.09074332848768676 0.13925901814702327 0.10330053720260515
20 0.1502403846153846 0.21153846153846154 0.18509615384615385 0.15384615384615385
20 0.06129807692307692 0.13701923076923078 0.12259615384615384 0.15384615384615385
20 0.06009615384615385 0.2403846153846154 0.1201923076923077 0.09615384615384616
20 0.8197115384615384 0.1201923076923077 0.3605769230769231 0.2403846153846154
24 0.41477023008055736 0.6332380160447758 0.2748168852388133 0.2724969832423994
24 0.07692307692307693 0.49038461538461536 0.15384615384615385 0.10096153846153846
24 0.5925480769230769 0.6225961538461539 0.09375 0.24519230769230768
24 0.39878657811676566 0.505120644552757 0.2579975702901116 0.10024423453395506
24 0.5733173076923077 0.5120192307692307 0.13221153846153846 0.10096153846153846
24 0.9086538461538461 0.6442307692307693 0.18269230769230768 0.7115384615384616