14 0.09975961538461539 0.37259615384615385 0.19951923076923078 0.20192307692307693
14 0.18509615384615385 0.45913461538461536 0.22115384615384615 0.10096153846153846
17 0.6646634615384616 0.2548076923076923 0.6706730769230769 0.5096153846153846
3 0.22235576923076922 0.6009615384615384 0.21394230769230768 0.18269230769230768
3 0.2860576923076923 0.8257211538461539 0.08653846153846154 0.3485576923076923
3 0.2127403846153846 0.9086538461538461 0.23317307692307693 0.18269230769230768
22 0.6526442307692307 0.9459134615384616 0.3918269230769231 0.10817307692307693
22 0.5952056735566364 0.7567605589471071 0.29647827644907376 0.37230648787804077
22 0.8185096153846154 0.8485576923076923 0.2668269230769231 0.30288461538461536
22 0.9110576923076923 0.7620192307692307 0.1778846153846154 0.25
22 0.7779932966297528 0.6255106302066881 0.18499227724968653 0.18966353279804254
22 0.8545673076923077 0.5877403846153846 0.14182692307692307 0.15625
22 0.6538461538461539 0.5721153846153846 0.30288461538461536 0.125