2 0.21634615384615385 0.125 0.4326923076923077 0.25
2 0.8473557692307693 0.23557692307692307 0.30528846153846156 0.1875
14 0.3629807692307692 0.6213942307692307 0.17307692307692307 0.27163461538461536
14 0.3954326923076923 0.9170673076923077 0.10817307692307693 0.1658653846153846
14 0.41466346153846156 0.8353365384615384 0.06971153846153846 0.10817307692307693
14 0.22488133995171486 0.5345472941836943 0.10711607590468653 0.08113020836988237
14 0.22484837882719128 0.612651316431972 0.1014423433220982 0.08830678391188393
14 0.21355026627432389 0.700433656550801 0.08771736527290376 0.07741255779659485
14 0.1239461347600049 0.560368063263393 0.10012845931116604 0.08589594517413032
14 0.11980358020167146 0.6493103709557005 0.09973659604213453 0.07748248363566877
14 0.03245192307692308 0.5288461538461539 0.06490384615384616 0.09134615384615384
14 0.03365384615384615 0.6322115384615384 0.0673076923076923 0.16346153846153846
14 0.13341346153846154 0.8942307692307693 0.24759615384615385 0.21153846153846154
14 0.018028846153846152 0.9471153846153846 0.036057692307692304 0.10576923076923077
14 0.8245192307692307 0.38100961538461536 0.35096153846153844 0.10336538461538461
14 0.8122265473707204 0.4451488658271069 0.1327516377164501 0.14135922131027676
14 0.8798076923076923 0.7584134615384616 0.2403846153846154 0.39663461538461536