10 0.13341346153846154 0.24519230769230768 0.2668269230769231 0.49038461538461536
10 0.25600961538461536 0.32572115384615385 0.2668269230769231 0.4879807692307692
17 0.5228365384615384 0.3557692307692308 0.2668269230769231 0.24519230769230768
17 0.7463759857870141 0.3999204294814657 0.17569092962822125 0.15757533771830623
17 0.7548261515076065 0.22207078648656015 0.15523579508602153 0.12696770255987305
17 0.7295673076923077 0.08774038461538461 0.22355769230769232 0.17548076923076922
17 0.4723557692307692 0.025240384615384616 0.1658653846153846 0.05048076923076923
17 0.43149038461538464 0.17067307692307693 0.08413461538461539 0.10096153846153846
17 0.9507211538461539 0.17067307692307693 0.0985576923076923 0.2548076923076923
17 0.9242788461538461 0.36538461538461536 0.15144230769230768 0.2548076923076923
17 0.5687505054123082 0.24072350000971945 0.24280681362952697 0.09590181324454888
17 0.8858173076923077 0.04927884615384615 0.1466346153846154 0.0985576923076923
25 0.7451923076923077 0.6682692307692307 0.5096153846153846 0.1971153846153846