12 0.33533653846153844 0.24278846153846154 0.3485576923076923 0.22596153846153846
12 0.2980769230769231 0.0985576923076923 0.4230769230769231 0.19230769230769232
23 0.8882211538461539 0.39903846153846156 0.22355769230769232 0.15865384615384615
23 0.7019230769230769 0.40024038461538464 0.24519230769230768 0.15625
10 0.2548076923076923 0.7716346153846154 0.5096153846153846 0.3125
10 0.2548076923076923 0.8689903846153846 0.5096153846153846 0.2620192307692308
18 0.6346153846153846 0.5084134615384616 0.25 0.06009615384615385
18 0.9278846153846154 0.5276442307692307 0.14423076923076922 0.0985576923076923
18 0.7932692307692307 0.5913461538461539 0.2548076923076923 0.22596153846153846
18 0.6069711538461539 0.6141826923076923 0.19471153846153846 0.18990384615384615
16 0.7985242026759243 0.5333910161930551 0.15562942370059915 0.10574427051623946