2 0.27884615384615385 0.20432692307692307 0.5384615384615384 0.40865384615384615
8 0.7752403846153846 0.20432692307692307 0.4110576923076923 0.40865384615384615
8 0.3401442307692308 0.7043269230769231 0.45913461538461536 0.5913461538461539
2 0.9242788461538461 0.4987980769230769 0.15144230769230768 0.18028846153846154
2 0.8954326923076923 0.6742788461538461 0.2091346153846154 0.24759615384615385
2 0.9038461538461539 0.8725961538461539 0.19230769230769232 0.2548076923076923
2 0.7753678538360165 0.5586452397587618 0.15610395709309402 0.19505533364764924
2 0.7306247905726236 0.7224968854486478 0.2343618161873347 0.22472692394715046
2 0.6947115384615384 0.8894230769230769 0.24519230769230768 0.22115384615384615
2 0.6105769230769231 0.6923076923076923 0.08173076923076923 0.27403846153846156
2 0.6466346153846154 0.5324519230769231 0.15384615384615385 0.24759615384615385