8 0.5961538461538461 0.20673076923076922 0.08653846153846154 0.2644230769230769
8 0.5552884615384616 0.3870192307692308 0.16826923076923078 0.22596153846153846
8 0.39605655315041477 0.16092198574317157 0.35151225439481304 0.2684732294571543
8 0.3632997966935135 0.4228489331884667 0.1583655247408842 0.18084272144851532
7 0.4922849636219855 0.2632952839208396 0.16617731503674585 0.14193567975078886
7 0.59375 0.4855769230769231 0.09134615384615384 0.12980769230769232
5 0.8197115384615384 0.3762019230769231 0.3605769230769231 0.6850961538461539
8 0.3473557692307692 0.9302884615384616 0.43990384615384615 0.13942307692307693
8 0.6177884615384616 0.8737980769230769 0.04326923076923077 0.19471153846153846
4 0.31850961538461536 0.8112980769230769 0.46875 0.18509615384615385
4 0.59375 0.765625 0.09134615384615384 0.09375
6 0.8269230769230769 0.859375 0.34615384615384615 0.28125