23 0.11658653846153846 0.13341346153846154 0.23317307692307693 0.2091346153846154
23 0.2536057692307692 0.11778846153846154 0.24759615384615385 0.23557692307692307
9 0.9362980769230769 0.11899038461538461 0.12740384615384615 0.23798076923076922
9 0.8677884615384616 0.20192307692307693 0.23557692307692307 0.07211538461538461
7 0.9014423076923077 0.05048076923076923 0.1971153846153846 0.10096153846153846
12 0.48244416693943665 0.7724458752712552 0.1990396609003026 0.16324014149893992
12 0.48774734249954743 0.6453363654811811 0.15990574924699968 0.15048516900332062
12 0.4695921463890254 0.5631639925217123 0.16023369916791685 0.10390450536709271
12 0.4863262261755729 0.44348682305752646 0.2076799923943407 0.18426150653417642
12 0.5 0.3317307692307692 0.16346153846153846 0.1875
5 0.8341346153846154 0.4723557692307692 0.3317307692307692 0.46875
5 0.8341346153846154 0.8497596153846154 0.3317307692307692 0.3004807692307692