14 0.14543269230769232 0.11899038461538461 0.29086538461538464 0.23798076923076922
14 0.12740384615384615 0.2860576923076923 0.2548076923076923 0.16346153846153846
14 0.7439903846153846 0.23677884615384615 0.3918269230769231 0.2620192307692308
16 0.1658653846153846 0.8629807692307693 0.3317307692307692 0.27403846153846156
16 0.09134615384615384 0.6670673076923077 0.18269230769230768 0.27163461538461536
16 0.2564178475553444 0.5980197617524816 0.3226305381764085 0.34993027017488043
16 0.4362980769230769 0.6935096153846154 0.22355769230769232 0.3629807692307692
17 0.8670328622227733 0.9480988862209527 0.0660790643578951 0.03895190070174227
17 0.8552006165130595 0.8064436097647092 0.13373780050115813 0.08881922121704952
17 0.9344741298442347 0.7328567416965476 0.05763889794655997 0.07182084988552973
17 0.9249884910038089 0.6269648211842244 0.08914073041885637 0.08158330349975884
17 0.7060820403559762 0.7179423107028524 0.19490996118808687 0.09021717017040433
17 0.6838942307692307 0.875 0.27163461538461536 0.1875
17 0.5877403846153846 0.9795673076923077 0.07932692307692307 0.040865384615384616
17 0.6706730769230769 0.9879807692307693 0.0673076923076923 0.02403846153846154
17 0.59375 0.7139423076923077 0.09134615384615384 0.09134615384615384
17 0.5961538461538461 0.7692307692307693 0.09615384615384616 0.10096153846153846