6 0.14903846153846154 0.27403846153846156 0.2980769230769231 0.12980769230769232
0 0.7692307692307693 0.23197115384615385 0.46153846153846156 0.21394230769230768
0 0.7692307692307693 0.16947115384615385 0.46153846153846156 0.3389423076923077
24 0.4735576923076923 0.46033653846153844 0.12980769230769232 0.1658653846153846
24 0.44471153846153844 0.7355769230769231 0.1875 0.22115384615384615
24 0.5120192307692307 0.9495192307692307 0.052884615384615384 0.10096153846153846
24 0.515625 0.8677884615384616 0.04567307692307692 0.125
24 0.43028846153846156 0.9170673076923077 0.20673076923076922 0.1658653846153846
24 0.2536057692307692 0.9338942307692307 0.20432692307692307 0.13221153846153846
24 0.13221153846153846 0.9362980769230769 0.09134615384615384 0.12740384615384615
24 0.16758262409329575 0.8875890347169472 0.07699009025567746 0.07097031718232326
24 0.14878032478234443 0.8302953402862214 0.09717887929142308 0.11934095529409643
24 0.3198736349502742 0.821306615262415 0.16144385891980498 0.14567228146749456
24 0.2179288066924241 0.8542979258261675 0.08658020487972685 0.08794409777667138
24 0.22045844283650615 0.7666204801468222 0.11461939890247527 0.11124218843583122
24 0.29761662639012465 0.6932463168106525 0.1556023368331307 0.14797122939460855
24 0.16230359859164037 0.6884054782732592 0.11488801219931719 0.21808746440990626
24 0.2540024123836066 0.5787638261759331 0.1650496281505742 0.14573522040353382
24 0.2091346153846154 0.38221153846153844 0.14903846153846154 0.08653846153846154
24 0.36538461538461536 0.3954326923076923 0.17307692307692307 0.11298076923076923
24 0.421875 0.5817307692307693 0.23317307692307693 0.13942307692307693
24 0.2734177482622472 0.47278479895323816 0.3028758187432104 0.12533232080217943
25 0.7692307692307693 0.6057692307692307 0.46153846153846156 0.5336538461538461