21 0.3485576923076923 0.25841346153846156 0.14903846153846154 0.12259615384615384
21 0.359375 0.15985576923076922 0.47836538461538464 0.31971153846153844
19 0.7788461538461539 0.28125 0.25 0.07692307692307693
19 0.6887019230769231 0.2439903846153846 0.18028846153846154 0.15144230769230768
19 0.6838942307692307 0.10336538461538461 0.17067307692307693 0.20673076923076922
2 0.14802845387677402 0.6835055032785946 0.2864331286335815 0.2580678151033439
2 0.22235576923076922 0.4326923076923077 0.2764423076923077 0.22596153846153846
2 0.07451923076923077 0.515625 0.14903846153846154 0.21394230769230768
2 0.026442307692307692 0.6778846153846154 0.052884615384615384 0.24519230769230768
2 0.06129807692307692 0.39783653846153844 0.12259615384615384 0.15625
8 0.8449519230769231 0.6598557692307693 0.31009615384615385 0.6802884615384616