14 0.30528846153846156 0.19471153846153846 0.34615384615384615 0.3894230769230769
14 0.9783653846153846 0.1201923076923077 0.04326923076923077 0.14423076923076922
14 0.9254807692307693 0.12740384615384615 0.14903846153846154 0.16826923076923078
14 0.9399038461538461 0.04927884615384615 0.1201923076923077 0.0985576923076923
14 0.6514423076923077 0.09975961538461539 0.24519230769230768 0.19951923076923078
14 0.5216346153846154 0.1346153846153846 0.08653846153846154 0.11057692307692307
21 0.11057692307692307 0.8762019230769231 0.22115384615384615 0.19951923076923078
21 0.11658653846153846 0.7151442307692307 0.23317307692307693 0.21875
21 0.14423076923076922 0.5432692307692307 0.28846153846153844 0.3076923076923077
21 0.2608173076923077 0.5132211538461539 0.40625 0.24759615384615385
14 0.6274038461538461 0.7764423076923077 0.2980769230769231 0.44711538461538464
14 0.8293269230769231 0.625 0.34134615384615385 0.46153846153846156
14 0.8137019230769231 0.9098557692307693 0.37259615384615385 0.18028846153846154