3 0.09014423076923077 0.2668269230769231 0.18028846153846154 0.4375
15 0.5024038461538461 0.5901442307692307 0.20673076923076922 0.0985576923076923
15 0.5179992731079177 0.3494833253792483 0.1796599303419451 0.11108064300430644
15 0.6211207186416927 0.17767589867828879 0.18679455038050216 0.09836376905197607
15 0.6275568816446595 0.10393835774112824 0.17597025010428716 0.0964054261343179
15 0.5120192307692307 0.038461538461538464 0.1778846153846154 0.07692307692307693
15 0.46153846153846156 0.27163461538461536 0.125 0.09615384615384616
15 0.8978365384615384 0.5600961538461539 0.20432692307692307 0.15865384615384615
15 0.829205645085049 0.5499869658776706 0.19901656608304755 0.134060004772451
15 0.6831514141647477 0.4604810416674642 0.22908562075784672 0.13976694022748434
15 0.7342405381954605 0.3523837747183928 0.18683650588394654 0.10557530751351453
15 0.838521149947565 0.3943505624117997 0.14830504158333413 0.09086658397722566
15 0.7613751116946007 0.23154436382565569 0.2134955836773836 0.14468394917548244
15 0.8388156398268252 0.13722307059923183 0.2110357968522783 0.13490047126215662
15 0.9057387400196105 0.1986222274876494 0.15089768750267998 0.12348660035208986
15 0.7932692307692307 0.03245192307692308 0.17307692307692307 0.06490384615384616
15 0.9098557692307693 0.03245192307692308 0.18028846153846154 0.06490384615384616
15 0.0889423076923077 0.8197115384615384 0.1778846153846154 0.3605769230769231
17 0.6826923076923077 0.8581730769230769 0.4567307692307692 0.28365384615384615