0 0.24519230769230768 0.43990384615384615 0.36538461538461536 0.13942307692307693
0 0.18629807692307693 0.29447115384615385 0.37259615384615385 0.3389423076923077
6 0.7522493386111753 0.19228485111416374 0.3714174282606639 0.3782930839201754
6 0.703125 0.375 0.3485576923076923 0.2692307692307692
0 0.08052884615384616 0.9026442307692307 0.16105769230769232 0.19471153846153846
0 0.07692307692307693 0.5649038461538461 0.15384615384615385 0.11057692307692307
0 0.30288461538461536 0.9206730769230769 0.25 0.15865384615384615
0 0.17900440287365776 0.7373552204606292 0.22286953521585257 0.17588588820919113
0 0.3016826923076923 0.5817307692307693 0.25240384615384615 0.14423076923076922
0 0.38100961538461536 0.7620192307692307 0.09375 0.16826923076923078
6 0.6899038461538461 0.6754807692307693 0.3173076923076923 0.3317307692307692
6 0.8401442307692307 0.5733173076923077 0.20432692307692307 0.12740384615384615
6 0.7259615384615384 0.9338942307692307 0.5480769230769231 0.13221153846153846