23 0.046875 0.15745192307692307 0.09375 0.10336538461538461
23 0.8245192307692307 0.03245192307692308 0.17307692307692307 0.06490384615384616
23 0.7980769230769231 0.125 0.1201923076923077 0.16826923076923078
23 0.8954326923076923 0.15264423076923078 0.2091346153846154 0.11298076923076923
23 0.9459134615384616 0.06850961538461539 0.10817307692307693 0.13701923076923078
12 0.53125 0.5576923076923077 0.25 0.6971153846153846
12 0.28365384615384615 0.8076923076923077 0.3125 0.38461538461538464
12 0.32572115384615385 0.4651442307692308 0.38221153846153844 0.5120192307692307
23 0.96875 0.4423076923076923 0.0625 0.3125
23 0.9122596153846154 0.4543269230769231 0.17548076923076922 0.3125
23 0.8798076923076923 0.8064903846153846 0.2403846153846154 0.20432692307692307
23 0.8858173076923077 0.6742788461538461 0.2283653846153846 0.2091346153846154