10 0.21995192307692307 0.4879807692307692 0.43990384615384615 0.20192307692307693
10 0.21995192307692307 0.2608173076923077 0.43990384615384615 0.28125
10 0.21995192307692307 0.07211538461538461 0.43990384615384615 0.14423076923076922
25 0.5420673076923077 0.43028846153846156 0.20432692307692307 0.3173076923076923
25 0.5673076923076923 0.18870192307692307 0.2548076923076923 0.37740384615384615
25 0.6766826923076923 0.41586538461538464 0.29086538461538464 0.34615384615384615
25 0.8197115384615384 0.5480769230769231 0.1346153846153846 0.08173076923076923
25 0.7685129371537555 0.22857151736895373 0.235885398123998 0.267799939965013
25 0.7451923076923077 0.0673076923076923 0.27403846153846156 0.1346153846153846
25 0.8321107728272169 0.41945598853911104 0.11197543985840278 0.24424604662649138
11 0.21995192307692307 0.7944711538461539 0.43990384615384615 0.4110576923076923
11 0.5228365384615384 0.6826923076923077 0.1658653846153846 0.1875
11 0.6682692307692307 0.6730769230769231 0.21634615384615385 0.16826923076923078
11 0.8918269230769231 0.6790865384615384 0.21634615384615385 0.18028846153846154