0 0.24158653846153846 0.13701923076923078 0.21394230769230768 0.27403846153846156
0 0.2403846153846154 0.4074519230769231 0.21634615384615385 0.28125
0 0.2956730769230769 0.30649038461538464 0.10576923076923077 0.4014423076923077
20 0.6370192307692307 0.3401442307692308 0.5769230769230769 0.41586538461538464
7 0.12259615384615384 0.6478365384615384 0.22115384615384615 0.19951923076923078
7 0.2336224393752841 0.8020622787432214 0.10897150523580611 0.11359510866910884
7 0.21175119594227268 0.7275896300934215 0.10739675225254164 0.08354703174603191
7 0.07933024388417415 0.8065494234318655 0.10910770709375146 0.07047992336087706
7 0.08709847180040362 0.8633478989692482 0.06103589482647041 0.04463949840985912
7 0.15775486205190076 0.8858440634920641 0.07798368733241262 0.07088117852173671
20 0.5240384615384616 0.9471153846153846 0.25 0.10576923076923077
20 0.6171295558909288 0.8308904486753567 0.1768409978078315 0.15148520500042637