25 0.21995192307692307 0.4483173076923077 0.43990384615384615 0.24278846153846154
25 0.18028846153846154 0.37740384615384615 0.3605769230769231 0.38461538461538464
12 0.792170202306639 0.25674748138666903 0.39868151146003494 0.2538265553203919
12 0.5649038461538461 0.2668269230769231 0.25 0.5288461538461539
12 0.7151442307692307 0.23918269230769232 0.24759615384615385 0.47836538461538464
7 0.171875 0.8425480769230769 0.34375 0.31490384615384615
7 0.20673076923076922 0.7884615384615384 0.38461538461538464 0.4230769230769231
7 0.2800480769230769 0.7848557692307693 0.31971153846153844 0.43028846153846156
24 0.9423076923076923 0.9314903846153846 0.11538461538461539 0.13701923076923078
24 0.8233173076923077 0.8918269230769231 0.23798076923076922 0.21634615384615385
24 0.7037854302948894 0.779735391612483 0.24271129057771304 0.25616447922519087
24 0.9350961538461539 0.6057692307692307 0.12980769230769232 0.07211538461538461
24 0.8112980769230769 0.5925480769230769 0.14182692307692307 0.04567307692307692