20 0.4110576923076923 0.028846153846153848 0.11538461538461539 0.057692307692307696
20 0.2800480769230769 0.016826923076923076 0.14182692307692307 0.03365384615384615
20 0.18047812986558234 0.1518764287314827 0.1905209067351297 0.16032890776924993
20 0.046875 0.1658653846153846 0.09375 0.21153846153846154
20 0.4230769230769231 0.4110576923076923 0.09134615384615384 0.21634615384615385
20 0.3137019230769231 0.3088942307692308 0.31009615384615385 0.10336538461538461
20 0.17067307692307693 0.41947115384615385 0.13942307692307693 0.19951923076923078
20 0.30288461538461536 0.4879807692307692 0.3317307692307692 0.0625
24 0.33404651067243746 0.3993841403259632 0.21709136825187214 0.18389986641469314
11 0.08413461538461539 0.4026442307692308 0.13942307692307693 0.23317307692307693
11 0.2860576923076923 0.2644230769230769 0.36538461538461536 0.125
11 0.09975961538461539 0.05048076923076923 0.19951923076923078 0.10096153846153846
6 0.734375 0.2608173076923077 0.53125 0.5168269230769231
6 0.3004807692307692 0.7451923076923077 0.33653846153846156 0.4423076923076923
0 0.734375 0.7524038461538461 0.53125 0.46634615384615385
0 0.734375 0.9254807692307693 0.53125 0.14903846153846154