17 0.13221153846153846 0.6045673076923077 0.2644230769230769 0.2283653846153846
17 0.28966346153846156 0.33533653846153844 0.5793269230769231 0.36778846153846156
17 0.5540865384615384 0.5516826923076923 0.05048076923076923 0.2860576923076923
17 0.04714654403668305 0.4952638590272969 0.06451119930273393 0.05723604442806741
3 0.6526442307692307 0.3713942307692308 0.1466346153846154 0.6947115384615384
3 0.7415865384615384 0.6959134615384616 0.29086538461538464 0.04567307692307692
3 0.7575815913516446 0.591181077132747 0.2696715794951371 0.22476638659788287
3 0.7394050811007051 0.4473231378083192 0.25721094336328976 0.18940669641246913
3 0.7740150741131239 0.301895556310269 0.2499994049017513 0.18902875569648564
3 0.7999416484790611 0.1162324913901399 0.2469823083985261 0.19605132380003243
3 0.9026442307692307 0.6322115384615384 0.19471153846153846 0.17307692307692307
3 0.9098557692307693 0.42908653846153844 0.18028846153846154 0.24759615384615385
3 0.9170673076923077 0.22355769230769232 0.1658653846153846 0.25
3 0.921875 0.0625 0.15625 0.125
22 0.28966346153846156 0.859375 0.5793269230769231 0.28125
22 0.7896634615384616 0.859375 0.4206730769230769 0.28125