10 0.27163461538461536 0.1658653846153846 0.2692307692307692 0.3317307692307692
10 0.4110576923076923 0.1622596153846154 0.15384615384615385 0.3245192307692308
10 0.1045673076923077 0.16105769230769232 0.2091346153846154 0.32211538461538464
10 0.15625 0.04927884615384615 0.1875 0.0985576923076923
10 0.38822115384615385 0.09975961538461539 0.19951923076923078 0.19951923076923078
10 0.5444711538461539 0.4326923076923077 0.11298076923076923 0.17307692307692307
10 0.7132079212953523 0.32166109117360564 0.18974001548920955 0.20814022268792465
10 0.8954326923076923 0.37740384615384615 0.16105769230769232 0.28365384615384615
10 0.96875 0.3737980769230769 0.0625 0.29086538461538464
10 0.8137019230769231 0.4338942307692308 0.20432692307692307 0.17067307692307693
10 0.5300480769230769 0.12980769230769232 0.08413461538461539 0.21153846153846154
25 0.16105769230769232 0.6826923076923077 0.32211538461538464 0.3269230769230769
10 0.6911057692307693 0.90625 0.18990384615384615 0.1875
10 0.8737980769230769 0.9158653846153846 0.16105769230769232 0.16826923076923078
10 0.9579326923076923 0.9122596153846154 0.08413461538461539 0.17548076923076922
10 0.7920673076923077 0.9723557692307693 0.20432692307692307 0.055288461538461536
10 0.5192307692307693 0.7259615384615384 0.0625 0.21153846153846154