11 0.04567307692307692 0.08052884615384616 0.09134615384615384 0.16105769230769232
11 0.18269230769230768 0.07451923076923077 0.2548076923076923 0.14903846153846154
11 0.37259615384615385 0.06009615384615385 0.25 0.1201923076923077
11 0.7560096153846154 0.05048076923076923 0.2764423076923077 0.10096153846153846
11 0.734375 0.20192307692307693 0.23317307692307693 0.23557692307692307
11 0.8930288461538461 0.11658653846153846 0.21394230769230768 0.23317307692307693
10 0.43028846153846156 0.6454326923076923 0.375 0.6514423076923077
10 0.3088942307692308 0.5961538461538461 0.6177884615384616 0.5528846153846154
10 0.3245192307692308 0.9038461538461539 0.3605769230769231 0.19230769230769232
10 0.22115384615384615 0.5432692307692307 0.4423076923076923 0.44711538461538464
10 0.10576923076923077 0.8605769230769231 0.21153846153846154 0.27884615384615385
10 0.6899038461538461 0.546875 0.14423076923076922 0.2860576923076923
10 0.6875 0.8028846153846154 0.13942307692307693 0.21153846153846154