19 0.04567307692307692 0.09495192307692307 0.09134615384615384 0.12259615384615384
19 0.06129807692307692 0.19230769230769232 0.12259615384615384 0.1346153846153846
19 0.23197115384615385 0.06971153846153846 0.43509615384615385 0.13942307692307693
19 0.34615384615384615 0.15144230769230768 0.20673076923076922 0.30288461538461536
19 0.2536057692307692 0.22716346153846154 0.3918269230769231 0.2668269230769231
19 0.6538461538461539 0.27884615384615385 0.40865384615384615 0.46153846153846156
19 0.8004807692307693 0.06009615384615385 0.22115384615384615 0.1201923076923077
19 0.953125 0.08052884615384616 0.09375 0.16105769230769232
19 0.9663461538461539 0.3798076923076923 0.0673076923076923 0.25961538461538464
19 0.2247596153846154 0.7391826923076923 0.4495192307692308 0.45913461538461536
24 0.8966346153846154 0.8004807692307693 0.20673076923076922 0.39903846153846156
24 0.49038461538461536 0.7632211538461539 0.08173076923076923 0.11778846153846154
24 0.5012019230769231 0.8569711538461539 0.10336538461538461 0.18028846153846154
24 0.5925480769230769 0.7867642556456295 0.09014423076923077 0.11770502818056272
24 0.5961538461538461 0.9050480769230769 0.14423076923076922 0.18990384615384615
24 0.7139423076923077 0.8705464843624717 0.12139423076923077 0.16621777128315757
24 0.6670673076923077 0.9555288461538461 0.11778846153846154 0.0889423076923077