8 0.2403846153846154 0.16466346153846154 0.09615384615384616 0.15625
4 0.19524944508128667 0.10050872560331474 0.17227504435817734 0.19960943534039735
4 0.22956730769230768 0.3016826923076923 0.11778846153846154 0.17548076923076922
8 0.6935096153846154 0.15865384615384615 0.5216346153846154 0.3173076923076923
8 0.609375 0.30288461538461536 0.5889423076923077 0.17307692307692307
24 0.4026442307692308 0.09975961538461539 0.21875 0.19951923076923078
5 0.14423076923076922 0.6947115384615384 0.28846153846153844 0.6105769230769231
15 0.6141826923076923 0.7247596153846154 0.6081730769230769 0.5504807692307693
15 0.6730769230769231 0.5552884615384616 0.6538461538461539 0.3317307692307692
15 0.6454326923076923 0.7788461538461539 0.7091346153846154 0.28365384615384615
15 0.6490384615384616 0.8846153846153846 0.7019230769230769 0.22115384615384615
15 0.7043269230769231 0.47115384615384615 0.5913461538461539 0.16346153846153846