24 0.24519230769230768 0.48677884615384615 0.24519230769230768 0.10336538461538461
24 0.12259615384615384 0.421875 0.24519230769230768 0.23317307692307693
24 0.5625 0.021634615384615384 0.1346153846153846 0.04326923076923077
24 0.4362980769230769 0.05889423076923077 0.16105769230769232 0.11778846153846154
24 0.3076923076923077 0.0673076923076923 0.18269230769230768 0.1346153846153846
24 0.45582259975545875 0.18476555084950683 0.16128664944592522 0.1460489025853137
24 0.3616948510470144 0.19449197852908784 0.13580969956408645 0.17338544924839078
24 0.23582870459981964 0.1834081015888788 0.1445856426051502 0.14945887283943973
24 0.550240323476105 0.2700330031704153 0.15812730587519042 0.1243863159183207
20 0.3629807692307692 0.7692307692307693 0.5384615384615384 0.46153846153846156
17 0.8413461538461539 0.6358173076923077 0.20673076923076922 0.19471153846153846
17 0.9711538461538461 0.6995192307692307 0.057692307692307696 0.13942307692307693
17 0.8677884615384616 0.90625 0.25961538461538464 0.1875
17 0.9495192307692307 0.8774038461538461 0.10096153846153846 0.24519230769230768
17 0.8306089098230681 0.8093311539073399 0.11038615942799555 0.13344227488615318