2 0.14783653846153846 0.47836538461538464 0.2956730769230769 0.32211538461538464
2 0.37740384615384615 0.41947115384615385 0.20192307692307693 0.43990384615384615
2 0.6294751489335215 0.2691939579397897 0.1920240164371299 0.20701234647518602
2 0.5829552416510485 0.4358470264979321 0.2015190095930927 0.175001194910378
2 0.5444711538461539 0.5168269230769231 0.13221153846153846 0.16826923076923078
2 0.5846754347477904 0.12771394729350938 0.18101081029499339 0.20176388265537876
2 0.5913461538461539 0.016826923076923076 0.1875 0.03365384615384615
2 0.31009615384615385 0.6838942307692307 0.12980769230769232 0.0889423076923077
2 0.2283653846153846 0.6971153846153846 0.10096153846153846 0.11538461538461539
2 0.8533653846153846 0.9014423076923077 0.17307692307692307 0.1971153846153846
2 0.9375 0.9110576923076923 0.125 0.1778846153846154
2 0.9795673076923077 0.7391826923076923 0.040865384615384616 0.15144230769230768
2 0.816281324072236 0.7438821564774403 0.32161336806048596 0.1774948100022543
2 0.6259489768366013 0.9239380153839423 0.10207977426117026 0.14935066130427024