7 0.16501706713483044 0.416934911839103 0.10636855723931596 0.1524328314363244
7 0.4437885776836197 0.43429087827108365 0.1137157616908117 0.11371576169081184
7 0.3951689906468672 0.28110507358760767 0.11105638425299127 0.12421760545213664
7 0.019230769230769232 0.2776442307692308 0.038461538461538464 0.11298076923076923
25 0.6670673076923077 0.2668269230769231 0.2091346153846154 0.5336538461538461
25 0.8100961538461539 0.25841346153846156 0.19230769230769232 0.5168269230769231
25 0.9110576923076923 0.25841346153846156 0.1778846153846154 0.5168269230769231
25 0.9338942307692307 0.30408653846153844 0.13221153846153846 0.5456730769230769
25 0.7920673076923077 0.5216346153846154 0.41586538461538464 0.23557692307692307
7 0.2644230769230769 0.8389423076923077 0.5288461538461539 0.32211538461538464
25 0.7644230769230769 0.8389423076923077 0.47115384615384615 0.32211538461538464
25 0.7644230769230769 0.8389423076923077 0.47115384615384615 0.32211538461538464