17 0.328125 0.3016826923076923 0.21394230769230768 0.055288461538461536
17 0.10216346153846154 0.29927884615384615 0.20432692307692307 0.06009615384615385
17 0.1778846153846154 0.13221153846153846 0.3557692307692308 0.2644230769230769
17 0.4206730769230769 0.07932692307692307 0.28846153846153844 0.15865384615384615
17 0.6971153846153846 0.0829326923076923 0.2548076923076923 0.1658653846153846
22 0.33774038461538464 0.9038461538461539 0.4206730769230769 0.19230769230769232
22 0.24117276057119208 0.6623924561619655 0.3206182263525657 0.3939570481636755
22 0.45913461538461536 0.7584134615384616 0.22115384615384615 0.34375
22 0.5276442307692307 0.6442307692307693 0.08413461538461539 0.2644230769230769
22 0.42112417771812977 0.5077599855347752 0.20011258280962407 0.20030554755026733
22 0.4951923076923077 0.4411057692307692 0.14903846153846154 0.20432692307692307
22 0.2668269230769231 0.42788461538461536 0.3269230769230769 0.1971153846153846
3 0.7848557692307693 0.9326923076923077 0.43028846153846156 0.1346153846153846
3 0.8377403846153846 0.7848557692307693 0.3245192307692308 0.43028846153846156
3 0.7848557692307693 0.5360576923076923 0.43028846153846156 0.41346153846153844