18 0.32572115384615385 0.24158653846153846 0.4879807692307692 0.4543269230769231
4 0.8689903846153846 0.3245192307692308 0.2620192307692308 0.28846153846153844
4 0.6824576064342026 0.20135682254728898 0.20688377472887978 0.27835558535250365
4 0.9266826923076923 0.12860576923076922 0.1466346153846154 0.23798076923076922
4 0.6237980769230769 0.3125 0.10817307692307693 0.3125
23 0.0673076923076923 0.8425480769230769 0.1346153846153846 0.2956730769230769
23 0.1141826923076923 0.5949519230769231 0.2283653846153846 0.25240384615384615
23 0.3641826923076923 0.5540865384615384 0.34375 0.17067307692307693
23 0.49399038461538464 0.6165865384615384 0.15144230769230768 0.2956730769230769
23 0.2688694877436545 0.7451167999591223 0.3906984083642614 0.37329111694164124
23 0.9338942307692307 0.7199519230769231 0.13221153846153846 0.3870192307692308
23 0.8173076923076923 0.5709134615384616 0.36538461538461536 0.20432692307692307
23 0.828125 0.8617788461538461 0.34375 0.2764423076923077