10 0.3737980769230769 0.18389423076923078 0.19471153846153846 0.36778846153846156
10 0.5757211538461539 0.18389423076923078 0.18509615384615385 0.36778846153846156
11 0.8341346153846154 0.28365384615384615 0.3317307692307692 0.16826923076923078
11 0.9543269230769231 0.11177884615384616 0.09134615384615384 0.15625
10 0.5096153846153846 0.9326923076923077 0.18269230769230768 0.1346153846153846
10 0.38417677734664746 0.7590929027341885 0.19317564412671226 0.18233265153669884
10 0.46316972916566734 0.582998691838462 0.32983124822503396 0.15427180953253236
10 0.46079469635951287 0.4771455358588146 0.34397461232433485 0.13056904883573742
10 0.5175631096680454 0.6612086219879278 0.21376217848748127 0.19602938157521385
10 0.20673076923076922 0.9459134615384616 0.1971153846153846 0.10817307692307693
11 0.8341346153846154 0.4699519230769231 0.3317307692307692 0.20432692307692307
11 0.8341346153846154 0.6334134615384616 0.3317307692307692 0.5264423076923077