6 0.2764423076923077 0.3173076923076923 0.20673076923076922 0.6346153846153846
7 0.7319711538461539 0.03125 0.2860576923076923 0.0625
7 0.7453289510614962 0.17831532517019297 0.2928469633341307 0.2598834379457866
7 0.7567040479828621 0.4357790035786432 0.29914844917895067 0.24476271783960996
7 0.7776442307692307 0.6033653846153846 0.28125 0.07211538461538461
25 0.12860576923076922 0.7487980769230769 0.25721153846153844 0.21875
7 0.5384615384615384 0.8377403846153846 0.3173076923076923 0.3245192307692308
7 0.7024915988473498 0.898703954841899 0.10718004441324315 0.13437971801840312
7 0.7856698661086969 0.8349602884237106 0.09588456265930116 0.10486119098048476
7 0.8575289430752121 0.7840763192644586 0.0963045869439405 0.11207272944202315
7 0.940135323686595 0.7312340071875485 0.11792734805811077 0.13393421478221512