8 0.4098557692307692 0.6286057692307693 0.3581730769230769 0.06009615384615385
8 0.5324519230769231 0.4411057692307692 0.11298076923076923 0.43509615384615385
8 0.36798014492841813 0.35049732200966066 0.42056208038345133 0.5580608810216103
8 0.5600961538461539 0.11298076923076923 0.057692307692307696 0.22596153846153846
8 0.3762019230769231 0.08774038461538461 0.4254807692307692 0.17548076923076922
8 0.1346153846153846 0.47836538461538464 0.2692307692307692 0.3605769230769231
8 0.13221153846153846 0.15504807692307693 0.2644230769230769 0.31009615384615385
19 0.9435096153846154 0.3798076923076923 0.11298076923076923 0.4855769230769231
19 0.8605769230769231 0.36778846153846156 0.27884615384615385 0.5144230769230769
19 0.8509615384615384 0.1141826923076923 0.2980769230769231 0.2283653846153846
19 0.7588572848753297 0.34255575363160207 0.07412314758283323 0.3245274674441958
13 0.29447115384615385 0.8293269230769231 0.5889423076923077 0.34134615384615385
22 0.7944711538461539 0.8293269230769231 0.4110576923076923 0.34134615384615385