24 0.21394230769230768 0.24519230769230768 0.42788461538461536 0.46634615384615385
7 0.8461538461538461 0.23918269230769232 0.3076923076923077 0.47836538461538464
0 0.3161057692307692 0.5853365384615384 0.22355769230769232 0.21394230769230768
0 0.125 0.796875 0.25 0.40625
14 0.8485576923076923 0.828125 0.30288461538461536 0.34375
14 0.9302884615384616 0.5865384615384616 0.13942307692307693 0.1346153846153846
14 0.703125 0.90625 0.41586538461538464 0.1875
14 0.5576923076923077 0.7980769230769231 0.25961538461538464 0.34134615384615385
14 0.47596153846153844 0.9435096153846154 0.09615384615384616 0.11298076923076923
14 0.45913461538461536 0.6201923076923077 0.0625 0.25
14 0.652303399999327 0.6096088499516029 0.32516607253535557 0.22971321267729733