9 0.12620192307692307 0.41947115384615385 0.25240384615384615 0.40625
9 0.2642534139632263 0.26736214661719504 0.06377525921026252 0.0748548747967859
9 0.18629986221782302 0.1921304736445591 0.07650585245012974 0.06892217783515192
9 0.09975961538461539 0.171875 0.19951923076923078 0.34375
9 0.5925480769230769 0.3161057692307692 0.0889423076923077 0.11778846153846154
9 0.7418822633878908 0.3497921742387041 0.1188183412625392 0.10160485618101917
9 0.5877403846153846 0.42908653846153844 0.07932692307692307 0.09375
9 0.6610576923076923 0.5721153846153846 0.22596153846153846 0.1346153846153846
9 0.8870192307692307 0.484375 0.16346153846153846 0.31009615384615385
9 0.828125 0.5889423076923077 0.24759615384615385 0.10096153846153846
16 0.7536057692307693 0.8449519230769231 0.4110576923076923 0.31009615384615385
16 0.6418269230769231 0.8197115384615384 0.1875 0.3605769230769231