20 0.49399038461538464 0.3401442307692308 0.15144230769230768 0.3004807692307692
20 0.06129807692307692 0.3401442307692308 0.12259615384615384 0.34375
20 0.2848220839509311 0.2767317958307024 0.39146672281852585 0.29880670261468284
20 0.46153846153846156 0.1466346153846154 0.21634615384615385 0.2932692307692308
20 0.2644230769230769 0.08653846153846154 0.3173076923076923 0.17307692307692307
20 0.06971153846153846 0.15144230769230768 0.13942307692307693 0.2692307692307692
24 0.8076923076923077 0.2644230769230769 0.38461538461538464 0.5288461538461539
23 0.2692307692307692 0.7644230769230769 0.5384615384615384 0.47115384615384615
23 0.8894230769230769 0.8341346153846154 0.22115384615384615 0.3317307692307692
23 0.7932692307692307 0.7211538461538461 0.41346153846153844 0.38461538461538464
23 0.7728365384615384 0.9302884615384616 0.40625 0.13942307692307693
23 0.6887019230769231 0.6923076923076923 0.23798076923076922 0.3269230769230769