25 0.32572115384615385 0.29927884615384615 0.44471153846153844 0.5985576923076923
25 0.3918269230769231 0.2283653846153846 0.4230769230769231 0.4567307692307692
25 0.5420673076923077 0.18990384615384615 0.3918269230769231 0.3798076923076923
24 0.8689903846153846 0.09495192307692307 0.2620192307692308 0.18990384615384615
24 0.8689903846153846 0.34375 0.2620192307692308 0.3317307692307692
24 0.9459134615384616 0.25841346153846156 0.10817307692307693 0.3485576923076923
14 0.6850961538461539 0.8173076923076923 0.10576923076923077 0.2980769230769231
14 0.6021634615384616 0.671875 0.19951923076923078 0.1466346153846154
14 0.3894230769230769 0.6538461538461539 0.22596153846153846 0.11057692307692307
14 0.17067307692307693 0.6538461538461539 0.23557692307692307 0.11057692307692307
14 0.09615384615384616 0.7836538461538461 0.19230769230769232 0.20192307692307693
14 0.4387019230769231 0.8521634615384616 0.5985576923076923 0.2956730769230769