24 0.06129807692307692 0.06971153846153846 0.12259615384615384 0.13942307692307693
24 0.07692307692307693 0.2439903846153846 0.15384615384615385 0.2091346153846154
24 0.23467751549572802 0.21153846153846154 0.34379154038369203 0.2860576923076923
24 0.2848557692307692 0.06129807692307692 0.2956730769230769 0.12259615384615384
24 0.49682368530028526 0.1814903846153846 0.2919804896323966 0.23677884615384615
24 0.5096153846153846 0.05048076923076923 0.23557692307692307 0.10096153846153846
24 0.5564903846153846 0.036057692307692304 0.18509615384615385 0.07211538461538461
24 0.5817307692307693 0.16947115384615385 0.1346153846153846 0.28125
24 0.8858173076923077 0.10096153846153846 0.2283653846153846 0.20192307692307693
24 0.8870192307692307 0.33653846153846156 0.22596153846153846 0.22596153846153846
24 0.7692307692307693 0.1814903846153846 0.2403846153846154 0.3629807692307692
24 0.8161057692307693 0.39903846153846156 0.31971153846153844 0.10096153846153846
24 0.06009615384615385 0.7728365384615384 0.1201923076923077 0.2764423076923077
24 0.21033653846153846 0.8966346153846154 0.2620192307692308 0.20673076923076922
24 0.30886262624347494 0.7139423076923077 0.15771005937240573 0.1778846153846154
24 0.5017181956678886 0.8004807692307693 0.21749712161375165 0.20552884615384615
24 0.4891826923076923 0.9447115384615384 0.2283653846153846 0.11057692307692307
24 0.35595848038009537 0.84375 0.15840138749146987 0.13942307692307693
24 0.3545673076923077 0.9543269230769231 0.1466346153846154 0.09134615384615384
24 0.6887019230769231 0.9855769230769231 0.07932692307692307 0.028846153846153848
24 0.6983173076923077 0.9375 0.0985576923076923 0.07692307692307693
24 0.8075257686138688 0.9182692307692307 0.08287889818181399 0.046875
24 0.9266826923076923 0.9050480769230769 0.1466346153846154 0.0985576923076923
24 0.6826923076923077 0.6382211538461539 0.0673076923076923 0.13701923076923078
24 0.6899038461538461 0.5120192307692307 0.08173076923076923 0.125
24 0.8216892898331862 0.6610576923076923 0.2002686112390032 0.15264423076923078
24 0.9387019230769231 0.6778846153846154 0.12259615384615384 0.15384615384615385
24 0.8553955107046344 0.5348557692307693 0.2738950105361188 0.125
24 0.7439903846153846 0.49158653846153844 0.09375 0.08413461538461539