22 0.2548076923076923 0.23918269230769232 0.5096153846153846 0.47836538461538464
15 0.9567307692307693 0.18269230769230768 0.08653846153846154 0.36538461538461536
15 0.9134615384615384 0.37259615384615385 0.17307692307692307 0.21153846153846154
15 0.8762019230769231 0.038461538461538464 0.24759615384615385 0.07692307692307693
15 0.8112980769230769 0.14783653846153846 0.24759615384615385 0.2956730769230769
15 0.65625 0.11177884615384616 0.1971153846153846 0.22355769230769232
15 0.6923076923076923 0.2956730769230769 0.25961538461538464 0.36538461538461536
16 0.14783653846153846 0.8064903846153846 0.2956730769230769 0.25240384615384615
16 0.2283653846153846 0.5384615384615384 0.14903846153846154 0.1201923076923077
16 0.08413461538461539 0.5877403846153846 0.16826923076923078 0.21875
16 0.24050080384466946 0.6179620918199701 0.2049620617371611 0.2445538846228448
16 0.4058287407876163 0.6273572696692538 0.17458998457056923 0.14854730583392622
16 0.38221153846153844 0.7668269230769231 0.2548076923076923 0.20673076923076922
16 0.2359656644733262 0.876154751494082 0.17500965324708664 0.16297038275700315
16 0.3388414356327743 0.8508901859890281 0.11566078141162897 0.14253788881539364
16 0.028846153846153848 0.8137019230769231 0.057692307692307696 0.1658653846153846
16 0.0625 0.6706730769230769 0.125 0.21634615384615385
16 0.5625 0.7139423076923077 0.10576923076923077 0.20192307692307693
16 0.765625 0.6165865384615384 0.45913461538461536 0.2764423076923077
16 0.9471153846153846 0.6358173076923077 0.10576923076923077 0.31490384615384615
16 0.9350961538461539 0.7860576923076923 0.12980769230769232 0.20192307692307693
16 0.7316475856215706 0.7874086680442889 0.34156162382987476 0.241315589523104