0 0.28966346153846156 0.2247596153846154 0.5793269230769231 0.4495192307692308
24 0.7896634615384616 0.2644230769230769 0.4206730769230769 0.3701923076923077
24 0.7259615384615384 0.16346153846153846 0.2932692307692308 0.3269230769230769
24 0.35216346153846156 0.6021634615384616 0.4543269230769231 0.30528846153846156
24 0.3076923076923077 0.7608173076923077 0.46634615384615385 0.47836538461538464
6 0.9230769230769231 0.6490384615384616 0.15384615384615385 0.15384615384615385
6 0.7458168143327738 0.6437333947334717 0.16301258666253915 0.11436057549074864
6 0.8178791341922591 0.5827942199549025 0.14856297736151255 0.14247898326584385
6 0.6670673076923077 0.5733173076923077 0.17548076923076922 0.17548076923076922
6 0.6033653846153846 0.5396634615384616 0.04807692307692308 0.14182692307692307
6 0.9591346153846154 0.5192307692307693 0.08173076923076923 0.125
6 0.8052884615384616 0.5 0.17307692307692307 0.10096153846153846