6 0.4807692307692308 0.12980769230769232 0.27403846153846156 0.25961538461538464
20 0.24909177957528988 0.5104622886233293 0.19654687225801262 0.12251304419441447
11 0.44281891443110644 0.2988057545135913 0.23000612522412076 0.15154799780606815
11 0.12987248877107208 0.2753460747291451 0.1825320784550644 0.202943994173557
11 0.10919940165811524 0.35096233981668795 0.1789835485088534 0.23897371614561974
0 0.8088942307692307 0.09134615384615384 0.38221153846153844 0.18269230769230768
0 0.8076923076923077 0.3485576923076923 0.3798076923076923 0.375
0 0.6586538461538461 0.5036057692307693 0.08173076923076923 0.29086538461538464
6 0.5228365384615384 0.8209134615384616 0.18990384615384615 0.2860576923076923
6 0.3629807692307692 0.8389423076923077 0.5096153846153846 0.32211538461538464
0 0.7259615384615384 0.7560096153846154 0.21634615384615385 0.15625
0 0.7331730769230769 0.9314903846153846 0.23076923076923078 0.13701923076923078