15 0.28520069014411525 0.18421664047687894 0.2887573776535785 0.33973944647430304
15 0.05889423076923077 0.31850961538461536 0.11778846153846154 0.18028846153846154
15 0.015625 0.3329326923076923 0.03125 0.15144230769230768
15 0.5036057692307693 0.3329326923076923 0.15144230769230768 0.15144230769230768
5 0.9038461538461539 0.13341346153846154 0.19230769230769232 0.2668269230769231
5 0.8569711538461539 0.3713942307692308 0.2860576923076923 0.07451923076923077
8 0.21394230769230768 0.43990384615384615 0.22596153846153846 0.0625
8 0.3894230769230769 0.5108173076923077 0.22596153846153846 0.20432692307692307
8 0.32789858613762796 0.6751608140968504 0.25645646855746923 0.2835766751930978
8 0.11692946785758779 0.7436298214462936 0.16349824264366916 0.18243102604688352
8 0.08653846153846154 0.5276442307692307 0.17307692307692307 0.23798076923076922
7 0.20323322813794428 0.5451818729312738 0.1365172142143321 0.168440479627115
7 0.23677486311925272 0.6965763464070803 0.1345357874815356 0.09035045201682479
8 0.7524038461538461 0.9230769230769231 0.34615384615384615 0.15384615384615385
8 0.6141826923076923 0.7319711538461539 0.06971153846153846 0.47836538461538464
8 0.8118837807552668 0.6620666879827442 0.3473883832694578 0.24660608766228714
8 0.7319711538461539 0.4795673076923077 0.30528846153846156 0.14182692307692307