11 0.49278846153846156 0.38461538461538464 0.12980769230769232 0.23076923076923078
11 0.17496666876803962 0.2981322770820919 0.1917359651495795 0.16962151449584056
11 0.12620192307692307 0.4362980769230769 0.21394230769230768 0.12740384615384615
11 0.38341346153846156 0.4170673076923077 0.19951923076923078 0.1658653846153846
11 0.3717184267125154 0.2795140048840062 0.2400226728443345 0.19073126986966585
2 0.9711538461538461 0.27524038461538464 0.057692307692307696 0.2668269230769231
2 0.8858173076923077 0.2644230769230769 0.2283653846153846 0.3317307692307692
2 0.8725961538461539 0.45552884615384615 0.2548076923076923 0.0889423076923077
2 0.3629807692307692 0.9459134615384616 0.1971153846153846 0.10817307692307693
2 0.33153918058069615 0.8248969747991037 0.17620886463790109 0.17703368053780885
2 0.447957049282655 0.714656740849591 0.17897633746265604 0.20843772599880786
2 0.49158653846153844 0.9014423076923077 0.13221153846153846 0.1971153846153846
2 0.6862980769230769 0.8473557692307693 0.25721153846153844 0.30528846153846156