10 0.9122596153846154 0.39783653846153844 0.17548076923076922 0.14182692307692307
10 0.7644230769230769 0.38341346153846156 0.21634615384615385 0.17067307692307693
10 0.5997596153846154 0.37740384615384615 0.19951923076923078 0.18269230769230768
10 0.43149038461538464 0.3629807692307692 0.19471153846153846 0.21153846153846154
10 0.3088942307692308 0.37740384615384615 0.0985576923076923 0.18269230769230768
23 0.20072115384615385 0.875 0.11778846153846154 0.25
23 0.08653846153846154 0.7932692307692307 0.17307692307692307 0.41346153846153844
24 0.2403846153846154 0.6574519230769231 0.038461538461538464 0.21394230769230768
24 0.1935096153846154 0.5264423076923077 0.13221153846153846 0.11538461538461539
23 0.8124589450975375 0.6147122866949387 0.34169529967061424 0.28692993896261487
23 0.7235576923076923 0.8629807692307693 0.41346153846153844 0.27403846153846156
23 0.40625 0.9002403846153846 0.2932692307692308 0.19951923076923078
23 0.30408653846153844 0.828125 0.0889423076923077 0.2956730769230769
23 0.5050461301218152 0.7053843517580447 0.3824513785387748 0.3623473680781191