8 0.7247596153846154 0.30408653846153844 0.10817307692307693 0.4879807692307692
8 0.4864280712264417 0.4479883404134914 0.4290905582177352 0.21413658403805377
8 0.4170562533627666 0.22813523227112306 0.5438357667453529 0.39515324987146244
8 0.13221153846153846 0.49158653846153844 0.2644230769230769 0.13701923076923078
8 0.11298076923076923 0.27524038461538464 0.22596153846153846 0.43028846153846156
8 0.5901442307692307 0.04807692307692308 0.37740384615384615 0.09615384615384616
8 0.1971153846153846 0.0673076923076923 0.3942307692307692 0.1346153846153846
13 0.8894230769230769 0.29447115384615385 0.22115384615384615 0.5889423076923077
2 0.53125 0.7944711538461539 0.4951923076923077 0.4110576923076923
22 0.09975961538461539 0.7944711538461539 0.19951923076923078 0.4110576923076923
8 0.8894230769230769 0.7283653846153846 0.22115384615384615 0.27884615384615385
24 0.8894230769230769 0.8990384615384616 0.22115384615384615 0.20192307692307693