19 0.2920673076923077 0.4963942307692308 0.17548076923076922 0.22355769230769232
24 0.8978365384615384 0.25 0.20432692307692307 0.5
24 0.6790865384615384 0.06610576923076923 0.46875 0.13221153846153846
24 0.8221153846153846 0.4411057692307692 0.3557692307692308 0.30528846153846156
24 0.666014204731196 0.35277596711497117 0.4435755087843361 0.4448828566971103
24 0.47475961538461536 0.1622596153846154 0.18990384615384615 0.3245192307692308
24 0.5192307692307693 0.44591346153846156 0.27884615384615385 0.3245192307692308
24 0.4543269230769231 0.5649038461538461 0.14903846153846154 0.08653846153846154
19 0.15625 0.8040865384615384 0.3125 0.3918269230769231
19 0.7932692307692307 0.8040865384615384 0.41346153846153844 0.3918269230769231
19 0.6706730769230769 0.7151442307692307 0.34615384615384615 0.21394230769230768
19 0.7463942307692307 0.9338942307692307 0.33413461538461536 0.13221153846153846