4 0.27752332632088444 0.1957363450890184 0.20184855059324008 0.2903225406905761
4 0.45913461538461536 0.2283653846153846 0.13942307692307693 0.22596153846153846
4 0.484375 0.040865384615384616 0.0889423076923077 0.08173076923076923
4 0.33774038461538464 0.02403846153846154 0.2283653846153846 0.04807692307692308
4 0.4016409123278172 0.37430170835107907 0.2026584219172997 0.1684195914189175
4 0.7067307692307693 0.12139423076923077 0.20192307692307693 0.24278846153846154
4 0.9146634615384616 0.07451923076923077 0.17067307692307693 0.14903846153846154
4 0.9206730769230769 0.27524038461538464 0.15865384615384615 0.18990384615384615
4 0.7247596153846154 0.34975961538461536 0.2283653846153846 0.21875
24 0.10336538461538461 0.6838942307692307 0.20673076923076922 0.4495192307692308
24 0.23557692307692307 0.5396634615384616 0.3557692307692308 0.16105769230769232
25 0.7415865384615384 0.5516826923076923 0.4254807692307692 0.18509615384615385