0 0.21514423076923078 0.16947115384615385 0.3485576923076923 0.3389423076923077
7 0.6322115384615384 0.16706730769230768 0.4855769230769231 0.31009615384615385
7 0.6274038461538461 0.2860576923076923 0.47596153846153844 0.10576923076923077
0 0.09975961538461539 0.7716346153846154 0.19951923076923078 0.4230769230769231
0 0.19471153846153846 0.5576923076923077 0.3894230769230769 0.4375
0 0.6298076923076923 0.828125 0.4519230769230769 0.34375
0 0.9302884615384616 0.8894230769230769 0.13942307692307693 0.22115384615384615
0 0.8762019230769231 0.6141826923076923 0.24759615384615385 0.41586538461538464
0 0.6506789412861641 0.659770042682479 0.3107705703466348 0.20532612625672486
0 0.5968471932730233 0.4898704189165072 0.31937985737606855 0.21432791433798037
0 0.7716346153846154 0.44350961538461536 0.4567307692307692 0.18509615384615385