23 0.2548076923076923 0.17427884615384615 0.5096153846153846 0.3485576923076923
12 0.7151442307692307 0.17908653846153846 0.4110576923076923 0.3389423076923077
18 0.40384615384615385 0.47475961538461536 0.21153846153846154 0.25240384615384615
18 0.368772151039897 0.8453584849213669 0.23742568791997123 0.22767103255715837
18 0.34337257215681416 0.6730368887381939 0.24551876940573955 0.24947349836260704
18 0.16826923076923078 0.39302884615384615 0.28846153846153844 0.0889423076923077
18 0.109375 0.6165865384615384 0.21875 0.27163461538461536
18 0.21284043246644452 0.4875520987272432 0.20058440181296325 0.20760101122222244
18 0.15342384153395297 0.7374971535260145 0.2947037564781134 0.18937834945550236
18 0.1658653846153846 0.8846153846153846 0.3317307692307692 0.23076923076923078
18 0.028846153846153848 0.5060096153846154 0.057692307692307696 0.2668269230769231
18 0.06610576923076923 0.42908653846153844 0.13221153846153846 0.16105769230769232
23 0.7079326923076923 0.7608173076923077 0.39663461538461536 0.4735576923076923
23 0.9134615384615384 0.5408653846153846 0.17307692307692307 0.38461538461538464
23 0.7307692307692307 0.4375 0.4423076923076923 0.1778846153846154