24 0.20072115384615385 0.05889423076923077 0.19471153846153846 0.11778846153846154
0 0.7247596153846154 0.18870192307692307 0.40625 0.37740384615384615
0 0.8004807692307693 0.2824519230769231 0.30288461538461536 0.4543269230769231
20 0.03485576923076923 0.6887019230769231 0.06971153846153846 0.1466346153846154
20 0.036057692307692304 0.7908653846153846 0.07211538461538461 0.13942307692307693
20 0.02283653846153846 0.8485576923076923 0.04567307692307692 0.14903846153846154
6 0.5288461538461539 0.8798076923076923 0.39903846153846156 0.2403846153846154
6 0.7728365384615384 0.7127403846153846 0.4543269230769231 0.40625
6 0.8269230769230769 0.9110576923076923 0.34615384615384615 0.1778846153846154
15 0.6875 0.53125 0.13942307692307693 0.04326923076923077
15 0.599410476873198 0.608619553532511 0.14119143252474026 0.12012746027952823