7 0.06610576923076923 0.3004807692307692 0.13221153846153846 0.2548076923076923
7 0.09495192307692307 0.21394230769230768 0.18990384615384615 0.42788461538461536
7 0.16947115384615385 0.21394230769230768 0.3389423076923077 0.42788461538461536
7 0.27884615384615385 0.21394230769230768 0.34134615384615385 0.42788461538461536
7 0.39663461538461536 0.21153846153846154 0.20192307692307693 0.4230769230769231
0 0.7259615384615384 0.2860576923076923 0.09615384615384616 0.27884615384615385
24 0.09615384615384616 0.7367788461538461 0.19230769230769232 0.31971153846153844
24 0.3154187886818897 0.6185961508356091 0.3528923990109074 0.29778139651665375
24 0.28125 0.828125 0.3076923076923077 0.34375
24 0.5540865384615384 0.8341346153846154 0.24759615384615385 0.3317307692307692
7 0.8052884615384616 0.5865384615384616 0.2548076923076923 0.3173076923076923
7 0.8389423076923077 0.8497596153846154 0.32211538461538464 0.3004807692307692
7 0.9110576923076923 0.53125 0.1778846153846154 0.20673076923076922