23 0.12303952362145587 0.2651056177808847 0.21427555667194925 0.18276788811718964
23 0.11298076923076923 0.4362980769230769 0.22596153846153846 0.2091346153846154
23 0.2652640048119776 0.28858813417465473 0.24279409718392403 0.21362033000359085
23 0.30656553302133516 0.4374995679810686 0.23145220364596988 0.19527673234235693
1 0.5805288461538461 0.31009615384615385 0.12259615384615384 0.47596153846153844
18 0.2403846153846154 0.5769230769230769 0.3173076923076923 0.057692307692307696
18 0.27072128814256585 0.7077244485053004 0.2760503852241714 0.2422088152949852
12 0.8207751625154891 0.7939131861466643 0.2287042692404887 0.3897434640759272
12 0.9375 0.7788461538461539 0.125 0.3076923076923077
12 0.5625 0.8966346153846154 0.08653846153846154 0.20673076923076922
12 0.6334134615384616 0.8942307692307693 0.20432692307692307 0.21153846153846154
12 0.6947115384615384 0.6418269230769231 0.1875 0.1875