1 0.3942307692307692 0.12980769230769232 0.1875 0.25961538461538464
18 0.8016826923076923 0.22956730769230768 0.39663461538461536 0.45913461538461536
12 0.31971153846153844 0.7295673076923077 0.33653846153846156 0.5408653846153846
12 0.21514423076923078 0.9002403846153846 0.38221153846153844 0.19951923076923078
4 0.8665865384615384 0.8894230769230769 0.2668269230769231 0.22115384615384615
4 0.90625 0.7019230769230769 0.1875 0.3894230769230769
4 0.5961538461538461 0.7415865384615384 0.21634615384615385 0.36778846153846156
4 0.5492788461538461 0.9326923076923077 0.12259615384615384 0.1346153846153846
4 0.7764423076923077 0.5733173076923077 0.33653846153846156 0.2283653846153846
4 0.5901442307692307 0.5348557692307693 0.20432692307692307 0.15144230769230768
4 0.9651442307692307 0.6057692307692307 0.06971153846153846 0.2932692307692308