24 0.15985576923076922 0.18389423076923078 0.31971153846153844 0.36778846153846156
19 0.8305288461538461 0.28966346153846156 0.3389423076923077 0.15625
19 0.8473557692307693 0.12259615384615384 0.30528846153846156 0.24519230769230768
19 0.796875 0.09375 0.40625 0.1875
19 0.21634615384615385 0.7367788461538461 0.20673076923076922 0.24759615384615385
19 0.078125 0.8076923076923077 0.15625 0.21634615384615385
19 0.15303782254969958 0.8691615805709064 0.20748014970054152 0.15492389028300563
24 0.8004807692307693 0.9387019230769231 0.27884615384615385 0.12259615384615384
24 0.8798076923076923 0.7752403846153846 0.2403846153846154 0.31490384615384615
24 0.5685360632095678 0.7106179354159428 0.1475123542979908 0.2034614974538453
24 0.6530349837331464 0.7164046226068511 0.1420657085888363 0.11573509847964959
24 0.6946261398099041 0.567981529280697 0.21354497861931201 0.18741777028349532
24 0.9639423076923077 0.5360576923076923 0.07211538461538461 0.17307692307692307
24 0.7884615384615384 0.4170673076923077 0.1778846153846154 0.0985576923076923
24 0.6057692307692307 0.3954326923076923 0.2548076923076923 0.055288461538461536