18 0.24759615384615385 0.27283653846153844 0.28365384615384615 0.31009615384615385
18 0.19471153846153846 0.4495192307692308 0.3894230769230769 0.30288461538461536
18 0.25721153846153844 0.5576923076923077 0.2644230769230769 0.22115384615384615
17 0.5264423076923077 0.36658653846153844 0.27403846153846156 0.40625
17 0.7127403846153846 0.222063813259992 0.057692307692307696 0.06720938182035209
17 0.7932692307692307 0.237124916520366 0.05889423076923077 0.08173057086468642
20 0.2764423076923077 0.9555288461538461 0.22596153846153846 0.0889423076923077
20 0.06850961538461539 0.9399038461538461 0.13701923076923078 0.1201923076923077
20 0.15865384615384615 0.9122596153846154 0.3173076923076923 0.06490384615384616
20 0.33774038461538464 0.9290865384615384 0.10336538461538461 0.0985576923076923
20 0.7259615384615384 0.9399038461538461 0.2692307692307692 0.1201923076923077
20 0.6105769230769231 0.9627403846153846 0.1201923076923077 0.07451923076923077