0 0.18990384615384615 0.5180288461538461 0.3798076923076923 0.28125
0 0.20432692307692307 0.19951923076923078 0.40865384615384615 0.39903846153846156
0 0.30288461538461536 0.5300480769230769 0.21153846153846154 0.25721153846153844
0 0.3762019230769231 0.33533653846153844 0.06490384615384616 0.3389423076923077
0 0.30408653846153844 0.040865384615384616 0.2091346153846154 0.08173076923076923
24 0.7043269230769231 0.3293269230769231 0.5913461538461539 0.6586538461538461
24 0.3545673076923077 0.7271634615384616 0.10817307692307693 0.13701923076923078
24 0.359375 0.9074519230769231 0.0985576923076923 0.18509615384615385
24 0.26802884615384615 0.8245192307692307 0.28125 0.28846153846153844
25 0.7367788461538461 0.8978365384615384 0.5264423076923077 0.20432692307692307
25 0.7596153846153846 0.8221153846153846 0.4807692307692308 0.3269230769230769
25 0.47836538461538464 0.8629807692307693 0.13942307692307693 0.27403846153846156