20 0.11298076923076923 0.1875 0.22596153846153846 0.375
20 0.7043269230769231 0.21995192307692307 0.5913461538461539 0.43990384615384615
20 0.037259615384615384 0.9206730769230769 0.07451923076923077 0.09134615384615384
20 0.058724766175463024 0.8487686105863765 0.06426581981654914 0.08490050782140393
20 0.09748044263469062 0.7837184746136345 0.08212301934971564 0.06953080530033354
20 0.09083260254669528 0.6456615419616695 0.08256442471233222 0.10420442196162118
20 0.06495399322793077 0.5090618298655568 0.08837781585443293 0.10225595723147893
24 0.43990384615384615 0.7596153846153846 0.0625 0.22115384615384615
24 0.4519230769230769 0.6370192307692307 0.08653846153846154 0.12980769230769232
24 0.5841358055811128 0.7114940823382163 0.30609694429994083 0.3110663884525466
24 0.7420051514970661 0.8261472486283521 0.21303412588090787 0.1953160485206915
24 0.8212579449763181 0.6600803606599166 0.19311657180133734 0.18544536642637732
24 0.9362980769230769 0.5817307692307693 0.12740384615384615 0.11057692307692307
24 0.9507211538461539 0.7043269230769231 0.0985576923076923 0.22115384615384615
24 0.5600961538461539 0.9170673076923077 0.2644230769230769 0.1658653846153846
24 0.8413461538461539 0.890625 0.3173076923076923 0.21875