6 0.20793269230769232 0.30408653846153844 0.41586538461538464 0.6081730769230769
0 0.6646634615384616 0.47115384615384615 0.4495192307692308 0.27403846153846156
0 0.5757211538461539 0.32211538461538464 0.27163461538461536 0.35096153846153844
6 0.23798076923076922 0.8040865384615384 0.40384615384615385 0.3918269230769231
20 0.9350961538461539 0.7271634615384616 0.12980769230769232 0.07932692307692307
20 0.8601801995259968 0.8793363908338432 0.18461944734334507 0.15349819694706185
20 0.6900110435575646 0.8869658144004178 0.17511982134733756 0.20143526361209682
24 0.5132211538461539 0.8185096153846154 0.1466346153846154 0.18028846153846154
11 0.9002403846153846 0.96875 0.19951923076923078 0.0625
11 0.6720758523809014 0.7510226359374107 0.3854716922378022 0.1354150923590885
11 0.5072115384615384 0.9411057692307693 0.1346153846153846 0.11778846153846154