11 0.34160937303608213 0.3384232760962757 0.43359281808999717 0.17093029220486228
11 0.32834241757240173 0.4428227466258121 0.3293040477428596 0.14268373501276288
11 0.5997596153846154 0.36538461538461536 0.19951923076923078 0.12980769230769232
11 0.5588942307692307 0.25961538461538464 0.28125 0.14423076923076922
11 0.5657928169857046 0.42772496752828665 0.21411402554598225 0.11184451485869956
2 0.8076923076923077 0.4326923076923077 0.21634615384615385 0.35096153846153844
2 0.8197115384615384 0.13341346153846154 0.2403846153846154 0.2668269230769231
14 0.6454326923076923 0.8653846153846154 0.10817307692307693 0.2692307692307692
14 0.573935400256617 0.7220012212741455 0.18114699985743515 0.165322643605192
14 0.3786057692307692 0.6862980769230769 0.20432692307692307 0.15625
14 0.16826923076923078 0.6862980769230769 0.21634615384615385 0.15625
14 0.08413461538461539 0.8353365384615384 0.16826923076923078 0.18990384615384615
14 0.38822115384615385 0.8798076923076923 0.5504807692307693 0.2403846153846154