10 0.10697115384615384 0.14423076923076922 0.17548076923076922 0.28846153846153844
10 0.27524038461538464 0.12740384615384615 0.18028846153846154 0.2548076923076923
10 0.45552884615384615 0.13701923076923078 0.23317307692307693 0.27403846153846156
11 0.7956730769230769 0.16706730769230768 0.375 0.24278846153846154
10 0.08533653846153846 0.6983173076923077 0.17067307692307693 0.5745192307692307
10 0.32656400117095646 0.5984637261173713 0.28987970359665244 0.42938646779702067
10 0.28125 0.7992788461538461 0.34134615384615385 0.4014423076923077
10 0.19831730769230768 0.8810096153846154 0.19471153846153846 0.23798076923076922
10 0.3870192307692308 0.45072115384615385 0.28365384615384615 0.3245192307692308
10 0.1814903846153846 0.453125 0.24278846153846154 0.3293269230769231
6 0.6538461538461539 0.6754807692307693 0.09134615384615384 0.5961538461538461
7 0.6274038461538461 0.5733173076923077 0.038461538461538464 0.06009615384615385
7 0.6432921784160465 0.6617473199166869 0.0447343789995052 0.09661705990046862
6 0.7211538461538461 0.36899038461538464 0.22596153846153846 0.16105769230769232