20 0.4651442307692308 0.5769230769230769 0.06971153846153846 0.16346153846153846
20 0.41639187394464083 0.44650413665825617 0.1368284671203031 0.13914045158790203
20 0.32360723175510986 0.4139466765812402 0.1281479059037032 0.09669520317961099
20 0.36156127573324537 0.533939792296272 0.1699099713779669 0.15887003096367389
20 0.2679677263810778 0.45558327505751806 0.13691241127773532 0.1415442977417482
20 0.3858173076923077 0.6141826923076923 0.15625 0.0889423076923077
20 0.2644230769230769 0.5817307692307693 0.13942307692307693 0.15384615384615385
0 0.8100961538461539 0.40384615384615385 0.3798076923076923 0.5096153846153846
0 0.5685096153846154 0.34615384615384615 0.13701923076923078 0.625
6 0.10096153846153846 0.7920673076923077 0.20192307692307693 0.2668269230769231
20 0.8028846153846154 0.8293269230769231 0.3942307692307692 0.34134615384615385