7 0.09975961538461539 0.5216346153846154 0.19951923076923078 0.3125
7 0.38221153846153844 0.5204326923076923 0.2932692307692308 0.31490384615384615
7 0.10817307692307693 0.13701923076923078 0.21634615384615385 0.27403846153846156
7 0.3557692307692308 0.14302884615384615 0.34615384615384615 0.2860576923076923
20 0.5901442307692307 0.4879807692307692 0.12259615384615384 0.1778846153846154
20 0.7465935908677124 0.5856956963425792 0.22727221821232732 0.16758822147950417
6 0.2860576923076923 0.9206730769230769 0.4855769230769231 0.15865384615384615
6 0.36177884615384615 0.7788461538461539 0.33413461538461536 0.20192307692307693
7 0.27695314436177654 0.8225289714000972 0.10256666146694417 0.07962143043500748
7 0.14543269230769232 0.6935096153846154 0.10336538461538461 0.03125
7 0.036057692307692304 0.8016826923076923 0.07211538461538461 0.08413461538461539
7 0.1418587498439036 0.7914986066159415 0.13309374829250942 0.10517165483740297
7 0.5084134615384616 0.7163461538461539 0.040865384615384616 0.07692307692307693
7 0.2817438033530986 0.8910385867847126 0.22691955826651486 0.05979308527241072
7 0.46875 0.96875 0.07692307692307693 0.0625
7 0.10576923076923077 0.9855769230769231 0.07211538461538461 0.028846153846153848
7 0.021634615384615384 0.8978365384615384 0.04326923076923077 0.06009615384615385
7 0.32091346153846156 0.7019230769230769 0.07932692307692307 0.04807692307692308
7 0.7938811474040401 0.8784984422282853 0.38462306132390983 0.24289565894217993