10 0.07572115384615384 0.2439903846153846 0.15144230769230768 0.4879807692307692
10 0.6262019230769231 0.06610576923076923 0.6129807692307693 0.13221153846153846
10 0.6382211538461539 0.203125 0.6370192307692307 0.40625
10 0.6322115384615384 0.32211538461538464 0.625 0.47115384615384615
11 0.20432692307692307 0.9495192307692307 0.23076923076923078 0.10096153846153846
11 0.2536057692307692 0.6742788461538461 0.13221153846153846 0.22355769230769232
24 0.27403846153846156 0.8569711538461539 0.09134615384615384 0.2764423076923077
10 0.5552884615384616 0.7175480769230769 0.47115384615384615 0.31971153846153844
10 0.6838942307692307 0.6658653846153846 0.6322115384615384 0.21634615384615385
10 0.7007211538461539 0.8389423076923077 0.34375 0.32211538461538464
10 0.9134615384615384 0.7211538461538461 0.17307692307692307 0.2980769230769231