18 0.2091346153846154 0.39783653846153844 0.4182692307692308 0.18028846153846154
18 0.12259615384615384 0.2548076923076923 0.24519230769230768 0.46634615384615385
18 0.10336538461538461 0.11177884615384616 0.20673076923076922 0.22355769230769232
9 0.734375 0.2439903846153846 0.53125 0.4879807692307692
10 0.12860576923076922 0.9759615384615384 0.25721153846153844 0.04807692307692308
10 0.13942307692307693 0.8629807692307693 0.27884615384615385 0.1778846153846154
10 0.1310096153846154 0.7668269230769231 0.2620192307692308 0.1346153846153846
10 0.13701923076923078 0.6274038461538461 0.27403846153846156 0.1875
12 0.6607930156920413 0.8641826923076923 0.33947785378114337 0.22956730769230768
12 0.9483173076923077 0.9314903846153846 0.10336538461538461 0.13701923076923078
12 0.6850961538461539 0.5204326923076923 0.30288461538461536 0.06490384615384616