4 0.17908653846153846 0.31490384615384615 0.3581730769230769 0.6298076923076923
18 0.8701923076923077 0.5072115384615384 0.16826923076923078 0.24519230769230768
18 0.7039709785618583 0.4540515346020939 0.2869699494165023 0.28881044240947773
18 0.8642022195738733 0.2591788103555605 0.20769569287923637 0.23519529798144626
18 0.8762019230769231 0.08173076923076923 0.19951923076923078 0.16346153846153846
18 0.7606755214121704 0.16382691009209532 0.27436458070739805 0.3014928755186022
18 0.7584134615384616 0.6009615384615384 0.23317307692307693 0.057692307692307696
18 0.5588942307692307 0.5600961538461539 0.10817307692307693 0.13942307692307693
18 0.4723557692307692 0.4254807692307692 0.2283653846153846 0.25
18 0.5536648498463786 0.17826015881935328 0.2038166491681396 0.3322082449250149
18 0.5096153846153846 0.03485576923076923 0.2644230769230769 0.06971153846153846
18 0.4519230769230769 0.14903846153846154 0.1875 0.2980769230769231
18 0.44591346153846156 0.5865384615384616 0.17548076923076922 0.08653846153846154
4 0.042067307692307696 0.8149038461538461 0.08413461538461539 0.3701923076923077
23 0.8137019230769231 0.7632211538461539 0.37259615384615385 0.2668269230769231
23 0.8365384615384616 0.9266826923076923 0.3269230769230769 0.1466346153846154
23 0.546875 0.9134615384615384 0.37740384615384615 0.17307692307692307
23 0.5084134615384616 0.7584134615384616 0.3004807692307692 0.25721153846153844