3 0.17427884615384615 0.09014423076923077 0.3485576923076923 0.18028846153846154
3 0.15865384615384615 0.328125 0.3173076923076923 0.28125
3 0.1814903846153846 0.22956730769230768 0.33413461538461536 0.45913461538461536
17 0.9639423076923077 0.234375 0.07211538461538461 0.46875
17 0.8713942307692307 0.234375 0.1658653846153846 0.46875
17 0.7199519230769231 0.234375 0.11778846153846154 0.46875
17 0.5913461538461539 0.22716346153846154 0.15865384615384615 0.4543269230769231
17 0.4423076923076923 0.22716346153846154 0.1875 0.4543269230769231
22 0.17427884615384615 0.7596153846153846 0.3485576923076923 0.4807692307692308
22 0.5865384615384616 0.6754807692307693 0.47596153846153844 0.41346153846153844
22 0.8221153846153846 0.734375 0.3557692307692308 0.53125