0 0.5588942307692307 0.421875 0.16105769230769232 0.09375
0 0.5408653846153846 0.10216346153846154 0.1971153846153846 0.20432692307692307
0 0.41225961538461536 0.43149038461538464 0.2956730769230769 0.07451923076923077
0 0.46345182063744705 0.3172038413484621 0.2901430574870194 0.24874854102202817
0 0.28084042333840853 0.1793319000825318 0.33285278685347236 0.22798882573423504
0 0.18269230769230768 0.38341346153846156 0.3557692307692308 0.17067307692307693
0 0.15625 0.06850961538461539 0.3125 0.13701923076923078
0 0.0829326923076923 0.234375 0.1658653846153846 0.33413461538461536
14 0.8461538461538461 0.3269230769230769 0.3076923076923077 0.28365384615384615
14 0.8197115384615384 0.234375 0.3605769230769231 0.46875
25 0.34975961538461536 0.6021634615384616 0.3004807692307692 0.2668269230769231
25 0.5240384615384616 0.5793269230769231 0.23076923076923078 0.22115384615384615
25 0.31971153846153844 0.5540865384615384 0.6394230769230769 0.17067307692307693
20 0.8197115384615384 0.6778846153846154 0.3605769230769231 0.4182692307692308