20 0.31971153846153844 0.056490384615384616 0.25961538461538464 0.11298076923076923
20 0.30408653846153844 0.25721153846153844 0.29086538461538464 0.38461538461538464
20 0.19230769230769232 0.3870192307692308 0.32211538461538464 0.125
20 0.11202206234594786 0.2246577047659647 0.20772488052423171 0.33834489467453766
20 0.17548076923076922 0.05048076923076923 0.2932692307692308 0.10096153846153846
12 0.6550480769230769 0.0829326923076923 0.35336538461538464 0.1658653846153846
12 0.7247596153846154 0.2439903846153846 0.4543269230769231 0.4110576923076923
12 0.4891826923076923 0.15625 0.07932692307692307 0.22596153846153846
12 0.5252403846153846 0.2776442307692308 0.15144230769230768 0.2668269230769231
12 0.6826923076923077 0.39663461538461536 0.46634615384615385 0.10576923076923077
25 0.20432692307692307 0.7247596153846154 0.40865384615384615 0.5504807692307693
20 0.5240384615384616 0.6129807692307693 0.14903846153846154 0.3269230769230769
20 0.6033653846153846 0.49038461538461536 0.3076923076923077 0.08173076923076923
20 0.71875 0.8653846153846154 0.40384615384615385 0.2692307692307692
20 0.8269230769230769 0.9471153846153846 0.34615384615384615 0.10576923076923077
20 0.8377403846153846 0.7103365384615384 0.3245192307692308 0.24278846153846154