5 0.5060096153846154 0.18990384615384615 0.20432692307692307 0.3798076923076923
5 0.24519230769230768 0.18509615384615385 0.18269230769230768 0.3701923076923077
5 0.8677884615384616 0.375 0.2644230769230769 0.1778846153846154
3 0.19831730769230768 0.7992788461538461 0.39663461538461536 0.4014423076923077
3 0.3641826923076923 0.9278846153846154 0.2764423076923077 0.14423076923076922
3 0.46244290627902795 0.7991583475855754 0.22773198346273452 0.36900055641956553
16 0.9026442307692307 0.9399038461538461 0.19471153846153846 0.1201923076923077
16 0.6454326923076923 0.765625 0.07451923076923077 0.22355769230769232
16 0.7298439591563759 0.8418786858135957 0.22104715771984063 0.192464787949245
16 0.8833519470357755 0.8217541031282699 0.19453484598009313 0.19018542339826291
16 0.7502077689918588 0.7180051019001118 0.18372939255823043 0.16936093419091292