14 0.24233141222989035 0.16887158204793765 0.16814194110798816 0.2115484033205042
14 0.07932692307692307 0.33413461538461536 0.15865384615384615 0.28846153846153844
14 0.12860576923076922 0.1310096153846154 0.25721153846153844 0.2620192307692308
14 0.7651033846579794 0.13802670102635956 0.11505669814294296 0.22465428230530138
14 0.6407052673992689 0.09680572819381467 0.14562963507680998 0.1781448123045046
14 0.6558967292216846 0.20218309569401385 0.16023904047761045 0.10692511516119214
14 0.8304656823835102 0.3302750989396998 0.32460686779112424 0.2595792877124656
21 0.14423076923076922 0.8966346153846154 0.28846153846153844 0.20673076923076922
21 0.12980769230769232 0.609375 0.25961538461538464 0.2620192307692308
21 0.15865384615384615 0.7824519230769231 0.3173076923076923 0.40625
21 0.6694711538461539 0.7391826923076923 0.6610576923076923 0.5216346153846154