18 0.25721153846153844 0.30408653846153844 0.5048076923076923 0.6081730769230769
12 0.7548076923076923 0.32572115384615385 0.49038461538461536 0.5649038461538461
12 0.8978365384615384 0.4483173076923077 0.20432692307692307 0.31971153846153844
12 0.6670673076923077 0.2980769230769231 0.31490384615384615 0.5961538461538461
18 0.21634615384615385 0.828125 0.4326923076923077 0.34375
23 0.7439903846153846 0.9615384615384616 0.2620192307692308 0.07692307692307693
23 0.7155993713378177 0.8210831198604792 0.2545199262936878 0.26551285664954183
23 0.5841346153846154 0.9579326923076923 0.14903846153846154 0.08413461538461539
24 0.8563712951751895 0.8215691202257512 0.14277170266123343 0.17462495696027916
25 0.8173076923076923 0.65625 0.36538461538461536 0.09615384615384616
25 0.5540865384615384 0.8040865384615384 0.0889423076923077 0.3918269230769231
25 0.9471153846153846 0.8401442307692307 0.10576923076923077 0.31971153846153844