20 0.27283653846153844 0.32211538461538464 0.25240384615384615 0.19230769230769232
20 0.34615384615384615 0.12259615384615384 0.10576923076923077 0.24519230769230768
20 0.22956730769230768 0.11057692307692307 0.31971153846153844 0.22115384615384615
20 0.08413461538461539 0.20552884615384615 0.16826923076923078 0.34375
25 0.8545673076923077 0.30528846153846156 0.29086538461538464 0.22596153846153846
25 0.7463942307692307 0.31850961538461536 0.3629807692307692 0.19951923076923078
25 0.6598557692307693 0.35336538461538464 0.3293269230769231 0.12980769230769232
25 0.6180599881834673 0.25298649201741985 0.26814290255737505 0.3025653022193263
25 0.5060096153846154 0.30649038461538464 0.21394230769230768 0.22355769230769232
25 0.8216631622451014 0.214735619714509 0.24514376903529714 0.21638905675272024
24 0.19951923076923078 0.8064903846153846 0.39903846153846156 0.3870192307692308
24 0.18870192307692307 0.6141826923076923 0.37740384615384615 0.3918269230769231
20 0.8076923076923077 0.4807692307692308 0.23557692307692307 0.125
20 0.5649038461538461 0.6622596153846154 0.2403846153846154 0.4879807692307692
20 0.4855769230769231 0.6201923076923077 0.17307692307692307 0.14903846153846154