17 0.21153846153846154 0.23197115384615385 0.3894230769230769 0.31490384615384615
25 0.8834134615384616 0.08774038461538461 0.19471153846153846 0.17548076923076922
25 0.859729369281027 0.21374212025442052 0.21250727673657777 0.21575672780191438
25 0.8774038461538461 0.34615384615384615 0.14423076923076922 0.08653846153846154
25 0.7403846153846154 0.038461538461538464 0.1875 0.07692307692307693
25 0.7324718129460768 0.188406728994518 0.2069709741509591 0.2058332522645319
25 0.7451923076923077 0.32572115384615385 0.23557692307692307 0.12740384615384615
25 0.5829326923076923 0.109375 0.24759615384615385 0.21875
25 0.5853365384615384 0.29447115384615385 0.24759615384615385 0.18990384615384615
25 0.47115384615384615 0.11899038461538461 0.10576923076923077 0.23798076923076922
25 0.47596153846153844 0.28846153846153844 0.11538461538461539 0.20192307692307693
20 0.2091346153846154 0.8665865384615384 0.4182692307692308 0.2668269230769231
20 0.5779343309808588 0.6713127698980595 0.1345630098977827 0.13421228704886884