11 0.18990384615384615 0.234375 0.3798076923076923 0.46875
14 0.6899038461538461 0.24278846153846154 0.6201923076923077 0.4519230769230769
2 0.09375 0.9519230769230769 0.1875 0.09615384615384616
2 0.2439903846153846 0.9471153846153846 0.18028846153846154 0.10576923076923077
2 0.3449519230769231 0.9423076923076923 0.06971153846153846 0.11538461538461539
2 0.06009615384615385 0.8473557692307693 0.1201923076923077 0.18509615384615385
2 0.19374607583589679 0.8198354980106843 0.1937629665774214 0.18563069499594034
2 0.31490384615384615 0.8341346153846154 0.12980769230769232 0.18269230769230768
2 0.019230769230769232 0.6622596153846154 0.038461538461538464 0.21394230769230768
2 0.1144507541508543 0.6812496633136758 0.19600172544059793 0.17008962020635698
2 0.2834865787720081 0.6527981752666139 0.16493152338162367 0.21254757394155993
14 0.6598557692307693 0.5853365384615384 0.4831730769230769 0.23317307692307693
14 0.8125 0.8125 0.375 0.375
14 0.5264423076923077 0.7740384615384616 0.2932692307692308 0.4519230769230769