15 0.4230769230769231 0.052884615384615384 0.3076923076923077 0.10576923076923077
8 0.8701923076923077 0.203125 0.25961538461538464 0.3293269230769231
8 0.703125 0.16466346153846154 0.24759615384615385 0.27163461538461536
5 0.3389423076923077 0.43028846153846156 0.4807692307692308 0.125
5 0.328125 0.6860198819959451 0.08653846153846154 0.09165476523417262
5 0.29447115384615385 0.613290004373337 0.09735576923076923 0.12068973588844428
5 0.41586538461538464 0.6352095217318106 0.10216346153846154 0.18327365446982993
5 0.46153846153846156 0.8916238336701853 0.1045673076923077 0.09317138299129205
5 0.4206730769230769 0.8418563723811943 0.09134615384615384 0.09895022227709674
5 0.5300480769230769 0.7403846153846154 0.0985576923076923 0.25
15 0.9759615384615384 0.7283653846153846 0.04807692307692308 0.3317307692307692
15 0.7716346153846154 0.4716667944577007 0.11538461538461539 0.09936981518402509
15 0.7463942307692307 0.6487900593176678 0.11177884615384616 0.0896914916326012