25 0.109375 0.2668269230769231 0.21875 0.18269230769230768
25 0.109375 0.09615384615384616 0.21875 0.19230769230769232
21 0.8401442307692307 0.25721153846153844 0.31971153846153844 0.20192307692307693
21 0.30288461538461536 0.1875 0.16826923076923078 0.34134615384615385
21 0.5084134615384616 0.23076923076923078 0.43509615384615385 0.2548076923076923
21 0.44581350150600074 0.09253663640947354 0.291058187938221 0.18195295504992826
21 0.8076923076923077 0.1201923076923077 0.38461538461538464 0.2403846153846154
11 0.08653846153846154 0.6189903846153846 0.17307692307692307 0.49759615384615385
11 0.038461538461538464 0.5588942307692307 0.07692307692307693 0.4014423076923077
11 0.04567307692307692 0.7848557692307693 0.09134615384615384 0.24278846153846154
17 0.7163461538461539 0.5997596153846154 0.14903846153846154 0.4831730769230769