14 0.04326923076923077 0.27403846153846156 0.08653846153846154 0.3701923076923077
14 0.2492001527357645 0.14454807218104768 0.20254338631125207 0.2635255599568396
14 0.3173076923076923 0.171875 0.08173076923076923 0.34375
14 0.12259615384615384 0.44471153846153844 0.21153846153846154 0.22596153846153846
14 0.15580524545329158 0.31836293954624095 0.19994773185101933 0.1998236368799165
14 0.22596153846153846 0.4855769230769231 0.2644230769230769 0.14423076923076922
14 0.40776223843428383 0.4748440077377393 0.08829745744347953 0.10755505267342504
14 0.5147476542280609 0.3205375599142447 0.28152748710097464 0.2601955986313435
14 0.4315129339587409 0.21558329616378352 0.1441695241879855 0.18426136050770972
14 0.57753332161592 0.19184046885026987 0.19381772500698197 0.1670636228809954
14 0.5108173076923077 0.09975961538461539 0.2668269230769231 0.19951923076923078
14 0.4387019230769231 0.039663461538461536 0.12740384615384615 0.07932692307692307
3 0.15865384615384615 0.7788461538461539 0.3173076923076923 0.4423076923076923
13 0.8209134615384616 0.7788461538461539 0.3581730769230769 0.4423076923076923