22 0.2091346153846154 0.10817307692307693 0.4182692307692308 0.21634615384615385
3 0.6610576923076923 0.26322115384615385 0.46634615384615385 0.18990384615384615
3 0.5865384615384616 0.03485576923076923 0.33653846153846156 0.06971153846153846
3 0.25089219539577223 0.5085627098659652 0.27900101768672936 0.2371362692882729
3 0.24528420691327896 0.7838450499847942 0.25065868804361596 0.24778575496680316
3 0.0733173076923077 0.8245192307692307 0.1466346153846154 0.23557692307692307
3 0.08052884615384616 0.9435096153846154 0.16105769230769232 0.11298076923076923
3 0.23252746643989902 0.5156693595688927 0.27411101164220414 0.2611397679071975
17 0.8353365384615384 0.6141826923076923 0.3293269230769231 0.33413461538461536
17 0.48197115384615385 0.49759615384615385 0.12740384615384615 0.27884615384615385
17 0.5144230769230769 0.9387019230769231 0.19230769230769232 0.04567307692307692
17 0.45072115384615385 0.8569711538461539 0.06490384615384616 0.055288461538461536
17 0.5688782811622138 0.4351746749794341 0.1597800833486314 0.12829889689399315
17 0.5721153846153846 0.37259615384615385 0.07692307692307693 0.028846153846153848
17 0.6440690993865463 0.8600059352619648 0.20055984029983548 0.10089940656152134
17 0.7912602055138591 0.9005364772049436 0.2401969685684685 0.12636355386194253
17 0.6259448619354291 0.6038215052796644 0.13619277947355357 0.18944313697110743
17 0.6491073414169519 0.7518328583388878 0.10060263631703055 0.07027793775803778