8 0.3713942307692308 0.265625 0.35336538461538464 0.2860576923076923
15 0.7439903846153846 0.20432692307692307 0.3918269230769231 0.40865384615384615
15 0.6045673076923077 0.20432692307692307 0.11298076923076923 0.40865384615384615
16 0.42427884615384615 0.4735576923076923 0.24759615384615385 0.12980769230769232
16 0.5036057692307693 0.6586538461538461 0.0889423076923077 0.49038461538461536
16 0.3449519230769231 0.6009615384615384 0.3629807692307692 0.38461538461538464
16 0.17307692307692307 0.4639423076923077 0.34615384615384615 0.11057692307692307
16 0.09975961538461539 0.6189903846153846 0.19951923076923078 0.4206730769230769
16 0.12980769230769232 0.9014423076923077 0.25961538461538464 0.1971153846153846
16 0.3485576923076923 0.8677884615384616 0.33653846153846156 0.2644230769230769
5 0.7439903846153846 0.5853365384615384 0.3918269230769231 0.35336538461538464
5 0.8586605838048397 0.7620243874700342 0.21740604532901087 0.21962773891337542
5 0.9290865384615384 0.6610576923076923 0.14182692307692307 0.19230769230769232