15 0.29447115384615385 0.15504807692307693 0.5889423076923077 0.31009615384615385
15 0.29447115384615385 0.27403846153846156 0.5889423076923077 0.21153846153846154
15 0.734375 0.18990384615384615 0.24278846153846154 0.3798076923076923
16 0.16826923076923078 0.8756570197747142 0.16947115384615385 0.18853326981254198
16 0.12139423076923077 0.7395117621614893 0.17548076923076922 0.1649150415189333
16 0.06971153846153846 0.8525007680672236 0.12740384615384615 0.14592817556011076
15 0.8846153846153846 0.4050480769230769 0.14903846153846154 0.05048076923076923
15 0.8617788461538461 0.4891755755656071 0.17427884615384615 0.1203598410238089
15 0.8377403846153846 0.65551997008348 0.1045673076923077 0.09865821230659304
15 0.9471153846153846 0.7932692307692307 0.10576923076923077 0.1346153846153846
15 0.7692307692307693 0.9030990906132637 0.11057692307692307 0.11350152247452282
15 0.7307692307692307 0.9855769230769231 0.08653846153846154 0.028846153846153848
15 0.7175480769230769 0.7564727119036134 0.1346153846153846 0.19931707083854946
15 0.7091346153846154 0.4723557692307692 0.11538461538461539 0.18509615384615385