3 0.25721153846153844 0.2512019230769231 0.38461538461538464 0.43509615384615385
3 0.08052884615384616 0.29086538461538464 0.16105769230769232 0.3557692307692308
15 0.796875 0.028846153846153848 0.10336538461538461 0.057692307692307696
15 0.7498731888569451 0.2038101994623967 0.13934417640790614 0.26102152414519253
15 0.5108173076923077 0.054086538461538464 0.12259615384615384 0.10817307692307693
15 0.5288461538461539 0.203125 0.15865384615384615 0.13221153846153846
15 0.5888175064273511 0.2995622405651686 0.18984990589166684 0.1096944913142415
15 0.6995192307692307 0.41225961538461536 0.18269230769230768 0.11298076923076923
15 0.49759615384615385 0.34134615384615385 0.09615384615384616 0.125
16 0.19591346153846154 0.7439903846153846 0.3918269230769231 0.4206730769230769
16 0.22115384615384615 0.5480769230769231 0.3701923076923077 0.15865384615384615
16 0.296875 0.7836538461538461 0.30528846153846156 0.3798076923076923
16 0.640625 0.5841346153846154 0.25240384615384615 0.23076923076923078
16 0.6196998107593488 0.8358668740833598 0.23913277180170966 0.31849653782417736
16 0.7007211538461539 0.9603365384615384 0.16105769230769232 0.07932692307692307
16 0.7856181306978635 0.6911158891617644 0.1660382597314639 0.27307040211159916
16 0.7908653846153846 0.8990384615384616 0.16346153846153846 0.20192307692307693
16 0.5606906648924148 0.6734360033703832 0.17822433598247892 0.22921503340249494
16 0.5817307692307693 0.9290865384615384 0.22115384615384615 0.14182692307692307