10 0.2644230769230769 0.21033653846153846 0.5288461538461539 0.4206730769230769
7 0.7139423076923077 0.38461538461538464 0.3701923076923077 0.23076923076923078
7 0.78125 0.04927884615384615 0.4375 0.0985576923076923
7 0.6923076923076923 0.10096153846153846 0.25 0.20192307692307693
7 0.8125 0.09975961538461539 0.23076923076923078 0.19951923076923078
7 0.8377403846153846 0.10817307692307693 0.3245192307692308 0.21634615384615385
7 0.8762019230769231 0.171875 0.24759615384615385 0.34375
7 0.9483173076923077 0.27283653846153844 0.10336538461538461 0.2668269230769231
10 0.11778846153846154 0.7740384615384616 0.23557692307692307 0.4519230769230769
6 0.7055288461538461 0.8786057692307693 0.35336538461538464 0.24278846153846154
11 0.7451923076923077 0.6298076923076923 0.22115384615384615 0.16346153846153846