15 0.3713942307692308 0.3485576923076923 0.11298076923076923 0.39903846153846156
15 0.35336538461538464 0.15865384615384615 0.14903846153846154 0.08173076923076923
15 0.17548076923076922 0.21394230769230768 0.35096153846153844 0.20673076923076922
15 0.16706730769230768 0.23197115384615385 0.33413461538461536 0.19951923076923078
16 0.7360902760102987 0.22471471957387867 0.1627252016369011 0.14174601268365394
16 0.6474427014139289 0.10868567263701961 0.1660610137596506 0.18261139729903858
16 0.6514423076923077 0.14903846153846154 0.36538461538461536 0.2980769230769231
15 0.2920673076923077 0.5865384615384616 0.1466346153846154 0.07692307692307693
15 0.15745192307692307 0.9026442307692307 0.13701923076923078 0.19471153846153846
15 0.0889423076923077 0.890625 0.15865384615384615 0.21875
15 0.10697115384615384 0.5985576923076923 0.21394230769230768 0.10096153846153846
15 0.12740384615384615 0.5829326923076923 0.2403846153846154 0.06971153846153846
16 0.8064903846153846 0.7740384615384616 0.3870192307692308 0.4519230769230769