14 0.3233173076923077 0.09975961538461539 0.05048076923076923 0.07932692307692307
14 0.25970021377639346 0.09550410442982919 0.07686238087978427 0.08486909709511892
14 0.17882164372544976 0.07879460248212625 0.054563290090683565 0.0607724857796627
14 0.2967592435588772 0.17325537565173968 0.08884663925930553 0.08436721449259466
14 0.3245192307692308 0.24158653846153846 0.04807692307692308 0.09375
14 0.26647560864395897 0.2458844971400936 0.09386416590525624 0.09185876914389272
14 0.1601946538558733 0.18089991424359297 0.14174050338004754 0.1702400767927621
14 0.22716346153846154 0.45552884615384615 0.24278846153846154 0.2283653846153846
21 0.8100961538461539 0.5600961538461539 0.3125 0.13942307692307693
21 0.6286057692307693 0.5288461538461539 0.27163461538461536 0.20192307692307693
21 0.5108173076923077 0.5036057692307693 0.2668269230769231 0.25240384615384615
21 0.41225961538461536 0.5036057692307693 0.12740384615384615 0.25240384615384615
21 0.7455533028803301 0.426268914417346 0.39611205209376704 0.3350413032756425
14 0.17427884615384615 0.8149038461538461 0.3485576923076923 0.3701923076923077
14 0.17427884615384615 0.8810096153846154 0.3485576923076923 0.23798076923076922
21 0.765625 0.7572115384615384 0.46875 0.2548076923076923
21 0.4639423076923077 0.7475961538461539 0.23076923076923078 0.23557692307692307