11 0.4014423076923077 0.09014423076923077 0.09615384615384616 0.18028846153846154
11 0.3701923076923077 0.27884615384615385 0.15865384615384615 0.14423076923076922
11 0.3557692307692308 0.3389423076923077 0.1875 0.1201923076923077
11 0.19591346153846154 0.27524038461538464 0.21875 0.24759615384615385
11 0.21588585715935546 0.13157968210145926 0.23138226733691997 0.18012849856910243
11 0.18870192307692307 0.028846153846153848 0.15625 0.057692307692307696
14 0.6069711538461539 0.23197115384615385 0.31490384615384615 0.33413461538461536
14 0.7319711538461539 0.12980769230769232 0.3389423076923077 0.25961538461538464
14 0.9146634615384616 0.13221153846153846 0.17067307692307693 0.2644230769230769
14 0.8476101490434407 0.28703644336374456 0.2388794524116703 0.21895434216960405
24 0.34375 0.48197115384615385 0.21153846153846154 0.1658653846153846
24 0.3293269230769231 0.7055288461538461 0.2403846153846154 0.34375
24 0.3088942307692308 0.9266826923076923 0.28125 0.1466346153846154
24 0.1141826923076923 0.8173076923076923 0.2283653846153846 0.36538461538461536
24 0.1310096153846154 0.5540865384615384 0.2620192307692308 0.31009615384615385
14 0.6141826923076923 0.8485576923076923 0.3293269230769231 0.30288461538461536
14 0.5012019230769231 0.65625 0.10336538461538461 0.42788461538461536