16 0.20552884615384615 0.4639423076923077 0.2620192307692308 0.12980769230769232
16 0.15129439282921972 0.3248377372996721 0.2594245838196582 0.26921709608030614
15 0.8449519230769231 0.4987980769230769 0.31009615384615385 0.06009615384615385
15 0.8605769230769231 0.4014423076923077 0.27884615384615385 0.1875
15 0.8629807692307693 0.2247596153846154 0.27403846153846156 0.19951923076923078
15 0.84375 0.07451923076923077 0.3125 0.14903846153846154
3 0.4987980769230769 0.5793269230769231 0.28125 0.10096153846153846
3 0.5072115384615384 0.7728365384615384 0.2644230769230769 0.34375
3 0.24639423076923078 0.71875 0.3245192307692308 0.3798076923076923
3 0.36899038461538464 0.9122596153846154 0.31009615384615385 0.17548076923076922
16 0.7728365384615384 0.9158653846153846 0.2668269230769231 0.16826923076923078
16 0.7175480769230769 0.7800480769230769 0.15625 0.21394230769230768