21 0.23076923076923078 0.10336538461538461 0.3173076923076923 0.20673076923076922
21 0.31490384615384615 0.24519230769230768 0.14903846153846154 0.27884615384615385
25 0.7151442307692307 0.36778846153846156 0.3245192307692308 0.08173076923076923
25 0.8810096153846154 0.3245192307692308 0.23798076923076922 0.16826923076923078
25 0.6947115384615384 0.25841346153846156 0.6105769230769231 0.3004807692307692
21 0.29447115384615385 0.7584134615384616 0.18990384615384615 0.24759615384615385
21 0.34134615384615385 0.5757211538461539 0.09615384615384616 0.19951923076923078
21 0.140625 0.7259615384615384 0.28125 0.28846153846153844
21 0.046875 0.6971153846153846 0.09375 0.33653846153846156
20 0.7632211538461539 0.5444711538461539 0.4735576923076923 0.27163461538461536
15 0.47475961538461536 0.5612980769230769 0.17067307692307693 0.30528846153846156
18 0.47115384615384615 0.8858173076923077 0.16346153846153846 0.2283653846153846
25 0.7620192307692307 0.8798076923076923 0.47596153846153844 0.2403846153846154