16 0.06009615384615385 0.18990384615384615 0.1201923076923077 0.25
16 0.12049223702778988 0.14747317744392302 0.130921837963882 0.20646684690225747
16 0.23197723550689275 0.14221274599960115 0.18679799485183024 0.2218549875112695
16 0.27750747873604015 0.0805519318134578 0.14755695273441832 0.14310059815087703
16 0.30528846153846156 0.019230769230769232 0.17307692307692307 0.038461538461538464
16 0.28966346153846156 0.3641826923076923 0.23798076923076922 0.2620192307692308
16 0.29447115384615385 0.5733173076923077 0.2283653846153846 0.15144230769230768
16 0.057692307692307696 0.5012019230769231 0.11538461538461539 0.25721153846153844
16 0.14874859689831155 0.5166943381581183 0.20602876408259946 0.22219066183681208
4 0.7043269230769231 0.3245192307692308 0.5913461538461539 0.6490384615384616
4 0.20432692307692307 0.8245192307692307 0.40865384615384615 0.35096153846153844