24 0.20552884615384615 0.3161057692307692 0.37259615384615385 0.24759615384615385
24 0.27283653846153844 0.15264423076923078 0.35336538461538464 0.30528846153846156
24 0.38822115384615385 0.23918269230769232 0.12259615384615384 0.31490384615384615
0 0.8677884615384616 0.21995192307692307 0.2644230769230769 0.43990384615384615
0 0.6598557692307693 0.2824519230769231 0.28125 0.31490384615384615
0 0.7019230769230769 0.08413461538461539 0.46153846153846156 0.16826923076923078
20 0.07932692307692307 0.6382211538461539 0.15865384615384615 0.14182692307692307
20 0.07451923076923077 0.7692307692307693 0.14903846153846154 0.16826923076923078
20 0.18098834458732094 0.7809333826445418 0.1328245750292276 0.1648740882216078
20 0.19330969531969375 0.6391344308499962 0.1725468132253246 0.18335047489349557
20 0.0889423076923077 0.5036057692307693 0.1778846153846154 0.12740384615384615
7 0.90625 0.6454326923076923 0.1875 0.4110576923076923