3 0.35697115384615385 0.12139423076923077 0.24278846153846154 0.24278846153846154
24 0.018028846153846152 0.11298076923076923 0.036057692307692304 0.16826923076923078
24 0.17053249348223062 0.235205207652724 0.15376154723074337 0.1739741351994658
22 0.06009615384615385 0.17427884615384615 0.1201923076923077 0.2956730769230769
9 0.5552884615384616 0.2536057692307692 0.15384615384615385 0.18028846153846154
3 0.38221153846153844 0.6454326923076923 0.19230769230769232 0.37259615384615385
23 0.9002403846153846 0.5721153846153846 0.19951923076923078 0.22596153846153846
23 0.8689903846153846 0.8882211538461539 0.2620192307692308 0.22355769230769232
23 0.7115384615384616 0.8725961538461539 0.25 0.2548076923076923
23 0.6526442307692307 0.6189903846153846 0.3245192307692308 0.31971153846153844
23 0.8377403846153846 0.6706730769230769 0.3245192307692308 0.35096153846153844