7 0.19471153846153846 0.2644230769230769 0.3894230769230769 0.5288461538461539
6 0.6947115384615384 0.3425480769230769 0.6105769230769231 0.37259615384615385
6 0.703125 0.11899038461538461 0.59375 0.23798076923076922
20 0.11899038461538461 0.6189903846153846 0.18990384615384615 0.18028846153846154
20 0.19978072732398738 0.6950042878966473 0.11755279494148005 0.10878593054029022
20 0.17564174578662511 0.7981980258913524 0.12347836367712481 0.10807456806965376
20 0.1367182307389685 0.8880970755404811 0.1292105691234933 0.12168817040083696
20 0.2502873265125317 0.8889061534002092 0.11657774182013342 0.12902239860546785
20 0.22716346153846154 0.9795673076923077 0.13221153846153846 0.040865384615384616
20 0.19591346153846154 0.9543269230769231 0.18028846153846154 0.09134615384615384
25 0.5625 0.6358173076923077 0.34615384615384615 0.21394230769230768
25 0.5060096153846154 0.8269230769230769 0.23317307692307693 0.2980769230769231
25 0.5961538461538461 0.9435096153846154 0.3701923076923077 0.11298076923076923
25 0.8846153846153846 0.9399038461538461 0.23076923076923078 0.1201923076923077
25 0.9495192307692307 0.8305288461538461 0.10096153846153846 0.24759615384615385
25 0.8641826923076923 0.6610576923076923 0.27163461538461536 0.2644230769230769
25 0.7562128952481765 0.8313365354509938 0.3482626890866355 0.28058660257653645