11 0.2644230769230769 0.14182692307692307 0.5288461538461539 0.28365384615384615
11 0.2644230769230769 0.3004807692307692 0.5288461538461539 0.2548076923076923
11 0.4987980769230769 0.1141826923076923 0.06009615384615385 0.2283653846153846
2 0.8870192307692307 0.07211538461538461 0.15865384615384615 0.14423076923076922
2 0.7573093805776042 0.10870899136780374 0.17358093114911866 0.17056192877019674
2 0.6082709190391427 0.11825980994973898 0.1540073396311488 0.16091610354374344
2 0.7836538461538461 0.03485576923076923 0.15865384615384615 0.06971153846153846
11 0.29927884615384615 0.6454326923076923 0.45913461538461536 0.43509615384615385
2 0.8834134615384616 0.7475961538461539 0.23317307692307693 0.25
2 0.8429949300959307 0.6005141413237906 0.2577645211461911 0.17715544298208316
2 0.6478365384615384 0.7259615384615384 0.23798076923076922 0.23076923076923078