1 0.25 0.2644230769230769 0.5 0.5288461538461539
20 0.8918269230769231 0.47475961538461536 0.21634615384615385 0.10817307692307693
20 0.9459134615384616 0.31490384615384615 0.10817307692307693 0.4182692307692308
20 0.7007211538461539 0.390625 0.2860576923076923 0.2764423076923077
20 0.7764423076923077 0.1622596153846154 0.40384615384615385 0.3245192307692308
0 0.04567307692307692 0.8954326923076923 0.09134615384615384 0.2091346153846154
0 0.49399038461538464 0.7091346153846154 0.12740384615384615 0.34615384615384615
0 0.3684179917698025 0.7338811966469014 0.23023508236235365 0.3098516906077673
23 0.90625 0.7920673076923077 0.1875 0.41586538461538464
23 0.7403846153846154 0.7379807692307693 0.36538461538461536 0.4182692307692308
23 0.6069711538461539 0.9026442307692307 0.0985576923076923 0.19471153846153846
23 0.7403846153846154 0.9519230769230769 0.23557692307692307 0.09615384615384616