6 0.4122514260781727 0.2892196382015933 0.4608725724250047 0.40676963331087373
7 0.4098557692307692 0.057692307692307696 0.41586538461538464 0.11538461538461539
0 0.9314903846153846 0.1935096153846154 0.13701923076923078 0.3870192307692308
0 0.8185096153846154 0.39302884615384615 0.31971153846153844 0.21394230769230768
0 0.854232257121314 0.19315807537168275 0.1805788230499482 0.3043381184420102
0 0.7235576923076923 0.15264423076923078 0.12980769230769232 0.30528846153846156
0 0.6826923076923077 0.29927884615384615 0.04807692307692308 0.4014423076923077
0 0.19110576923076922 0.6418269230769231 0.22355769230769232 0.28365384615384615
0 0.5240384615384616 0.5997596153846154 0.23557692307692307 0.19951923076923078
7 0.7439903846153846 0.8978365384615384 0.17067307692307693 0.20432692307692307
7 0.7668269230769231 0.6394230769230769 0.21634615384615385 0.23076923076923078