7 0.19110576923076922 0.12860576923076922 0.38221153846153844 0.25721153846153844
7 0.3894230769230769 0.14423076923076922 0.3173076923076923 0.28846153846153844
7 0.7740384615384616 0.06610576923076923 0.4519230769230769 0.13221153846153846
7 0.7740384615384616 0.23798076923076922 0.4519230769230769 0.10096153846153846
7 0.8112980769230769 0.16706730769230768 0.37740384615384615 0.24278846153846154
7 0.8557692307692307 0.14423076923076922 0.28846153846153844 0.28846153846153844
7 0.9194711538461539 0.14423076923076922 0.16105769230769232 0.28846153846153844
25 0.5120192307692307 0.34975961538461536 0.07211538461538461 0.12259615384615384
25 0.3894230769230769 0.3762019230769231 0.28365384615384615 0.17548076923076922
25 0.2091346153846154 0.3918269230769231 0.23557692307692307 0.20673076923076922
25 0.057692307692307696 0.36177884615384615 0.11538461538461539 0.1466346153846154
25 0.5336538461538461 0.4338942307692308 0.028846153846153848 0.15144230769230768
25 0.43637280161899655 0.5148842718952035 0.16794972168537498 0.19639051402486524
25 0.234842173180949 0.5218372595574117 0.22350794196577356 0.21756954231350617
25 0.078125 0.5036057692307693 0.15625 0.24759615384615385
25 0.4807692307692308 0.6334134615384616 0.1346153846153846 0.25240384615384615
25 0.3293776652492564 0.6826042029801298 0.2653052925500614 0.2606750564469671
25 0.11057692307692307 0.6766826923076923 0.22115384615384615 0.2620192307692308
25 0.49038461538461536 0.8533653846153846 0.11538461538461539 0.2932692307692308
25 0.3161057692307692 0.875 0.2956730769230769 0.25
25 0.1141826923076923 0.8605769230769231 0.2283653846153846 0.2548076923076923
7 0.8209134615384616 0.7572115384615384 0.3581730769230769 0.4182692307692308
7 0.7115384615384616 0.921875 0.3269230769230769 0.15625