14 0.31850961538461536 0.5612980769230769 0.3004807692307692 0.09375
14 0.3449519230769231 0.4206730769230769 0.24759615384615385 0.2692307692307692
14 0.3173076923076923 0.12620192307692307 0.30288461538461536 0.25240384615384615
3 0.8629807692307693 0.5408653846153846 0.27403846153846156 0.1346153846153846
3 0.8725961538461539 0.35216346153846156 0.2548076923076923 0.31971153846153844
3 0.8834134615384616 0.109375 0.23317307692307693 0.21875
3 0.6862980769230769 0.48677884615384615 0.34375 0.24278846153846154
3 0.6910819850732657 0.21565927791293 0.31676698462732106 0.31899989761328273
3 0.6887019230769231 0.036057692307692304 0.30528846153846156 0.07211538461538461
3 0.5360576923076923 0.3762019230769231 0.1346153846153846 0.31490384615384615
3 0.5240384615384616 0.1201923076923077 0.11057692307692307 0.2403846153846154
3 0.30649038461538464 0.8942307692307693 0.3245192307692308 0.21153846153846154
3 0.26802884615384615 0.7824519230769231 0.4014423076923077 0.3485576923076923
14 0.8689903846153846 0.8858173076923077 0.2620192307692308 0.2283653846153846