21 0.36778846153846156 0.1971153846153846 0.5048076923076923 0.3942307692307692
22 0.9362980769230769 0.21514423076923078 0.12740384615384615 0.43028846153846156
19 0.49402080107627155 0.7311970129826018 0.3751225243487151 0.288913653843619
19 0.1201923076923077 0.8100961538461539 0.2403846153846154 0.3798076923076923
19 0.17307692307692307 0.8653846153846154 0.28365384615384615 0.2692307692307692
19 0.609375 0.9519230769230769 0.25240384615384615 0.09615384615384616
19 0.4330076261270529 0.851563241129858 0.2775001030206201 0.20310066683129036
19 0.3894230769230769 0.9639423076923077 0.125 0.07211538461538461
19 0.9038461538461539 0.5252403846153846 0.19230769230769232 0.15144230769230768
19 0.9435096153846154 0.8365384615384616 0.11298076923076923 0.3269230769230769
19 0.8737980769230769 0.8810096153846154 0.13221153846153846 0.23798076923076922