3 0.06129807692307692 0.30528846153846156 0.12259615384615384 0.4567307692307692
3 0.16105769230769232 0.40625 0.32211538461538464 0.28365384615384615
3 0.25600961538461536 0.4987980769230769 0.24759615384615385 0.0985576923076923
3 0.22115384615384615 0.21995192307692307 0.3173076923076923 0.43990384615384615
14 0.7728365384615384 0.140625 0.4543269230769231 0.28125
14 0.6260391477745417 0.3364005945344205 0.2663268082553823 0.3778162886490342
14 0.7944711538461539 0.42908653846153844 0.37740384615384615 0.23798076923076922
14 0.8629807692307693 0.2800480769230769 0.27403846153846156 0.25240384615384615
14 0.5421406041595079 0.14772439511108018 0.11028490874258626 0.18463789968926256
3 0.18990384615384615 0.859375 0.3798076923076923 0.28125
17 0.6790865384615384 0.7956730769230769 0.5072115384615384 0.40865384615384615
17 0.9711538461538461 0.7632211538461539 0.057692307692307696 0.0985576923076923
17 0.9579326923076923 0.8725961538461539 0.08413461538461539 0.07211538461538461
17 0.42788461538461536 0.7259615384615384 0.09615384615384616 0.052884615384615384