13 0.17427884615384615 0.2247596153846154 0.29086538461538464 0.4495192307692308
3 0.5541892983261989 0.2104166021307604 0.31946707522315193 0.23057085899208202
3 0.4639423076923077 0.078125 0.28846153846153844 0.15625
3 0.5685096153846154 0.037259615384615384 0.3581730769230769 0.07451923076923077
13 0.15384615384615385 0.7079326923076923 0.3076923076923077 0.39663461538461536
14 0.9146634615384616 0.7079326923076923 0.17067307692307693 0.18028846153846154
14 0.8533653846153846 0.5949519230769231 0.23076923076923078 0.17067307692307693
14 0.6550480769230769 0.5733173076923077 0.23317307692307693 0.12740384615384615
14 0.7448830709870803 0.715865313286225 0.22022877304872998 0.16595698785043758
14 0.7086743186978169 0.7878700488713037 0.2283060479913093 0.16144310009375765
14 0.5467003499264135 0.7551586851938631 0.2071169358428819 0.1499122670632773
14 0.515357506636038 0.6375533791761079 0.2053014162318297 0.1582417844443066