19 0.3016826923076923 0.18389423076923078 0.5841346153846154 0.36778846153846156
24 0.7307692307692307 0.27163461538461536 0.16346153846153846 0.19230769230769232
24 0.10336538461538461 0.5588942307692307 0.20673076923076922 0.10817307692307693
24 0.11658653846153846 0.7115384615384616 0.23317307692307693 0.25
24 0.24334451892475756 0.5782927632520612 0.12887233847867044 0.1321358525794006
24 0.31839520405916283 0.5291488973747049 0.11968966667482484 0.06563822007959995
24 0.36957357121874423 0.6733203722111222 0.1359999630930762 0.1252601969198892
24 0.4238287794398623 0.5530687701244623 0.13959174668265653 0.12422621524397967
24 0.5093323035303523 0.6379804841924456 0.16512582976300594 0.15064218966645898
24 0.47914352813007327 0.754708630785169 0.15305065642902022 0.1452746926887216
24 0.2695202573691639 0.7032071355878807 0.09000521642265683 0.09548870840448732
24 0.23727727684475888 0.7899991661915363 0.08769926975713215 0.10379020900893984
24 0.32972745427951416 0.7941021317706508 0.13257600719776141 0.14071725551887582
24 0.4071811435024516 0.8481557091076658 0.09969052924398543 0.10194616752513866
24 0.07159286349951464 0.8854088747865383 0.14191167898936996 0.11712663771645009
24 0.172987956837906 0.8434469001735443 0.09625258770748178 0.11620130304720205
24 0.24841541221909497 0.865160515367645 0.07928580821867073 0.10339834573990841
24 0.18421000605937496 0.9113967108881146 0.08712585846839128 0.05451136285509342
24 0.3285806317020322 0.8926598240783432 0.09096938359937021 0.0751119965637994
24 0.46914968913727695 0.8909178017465084 0.19664071488027937 0.07162481612173448
24 0.5853365384615384 0.8641826923076923 0.12740384615384615 0.10336538461538461
24 0.625 0.6310096153846154 0.04807692307692308 0.12740384615384615
24 0.5347273722641279 0.520274336390817 0.11249211385447538 0.06650426035449596
24 0.8858173076923077 0.6887019230769231 0.2283653846153846 0.5745192307692307
24 0.8461538461538461 0.41947115384615385 0.22596153846153846 0.10336538461538461