16 0.18389423076923078 0.036057692307692304 0.36778846153846156 0.07211538461538461
16 0.16826923076923078 0.12740384615384615 0.33653846153846156 0.2548076923076923
16 0.16466346153846154 0.390625 0.3293269230769231 0.2956730769230769
16 0.04326923076923077 0.1141826923076923 0.08653846153846154 0.2283653846153846
16 0.042067307692307696 0.3473557692307692 0.08413461538461539 0.2764423076923077
16 0.7896634615384616 0.43990384615384615 0.4206730769230769 0.1971153846153846
16 0.7896634615384616 0.22956730769230768 0.4206730769230769 0.45913461538461536
16 0.9519230769230769 0.23557692307692307 0.09615384615384616 0.47115384615384615
16 0.33653846153846156 0.9423076923076923 0.41346153846153844 0.11538461538461539
16 0.33533653846153844 0.7403846153846154 0.4014423076923077 0.40384615384615385
3 0.7596153846153846 0.7800480769230769 0.3605769230769231 0.43990384615384615
3 0.6646634615384616 0.6634615384615384 0.17067307692307693 0.25