1 0.27403846153846156 0.25 0.5480769230769231 0.5
9 0.7740384615384616 0.25 0.4519230769230769 0.5
16 0.38403238245390653 0.7103405214961318 0.25149839504868343 0.27416902480206456
16 0.4244696287483883 0.8504716852281174 0.20506129700267686 0.12712017028328376
16 0.42427884615384615 0.9338942307692307 0.21875 0.13221153846153846
16 0.4795673076923077 0.96875 0.13701923076923078 0.0625
16 0.20552884615384615 0.9411057692307693 0.2620192307692308 0.11778846153846154
16 0.1045673076923077 0.6887019230769231 0.2091346153846154 0.25721153846153844
16 0.08653846153846154 0.8461538461538461 0.17307692307692307 0.20192307692307693
4 0.7824519230769231 0.6550480769230769 0.43509615384615385 0.31009615384615385
4 0.734375 0.8665865384615384 0.3389423076923077 0.2668269230769231