1 0.15745192307692307 0.21394230769230768 0.22355769230769232 0.42788461538461536
1 0.6742788461538461 0.21394230769230768 0.6514423076923077 0.42788461538461536
1 0.0625 0.7884615384615384 0.125 0.4230769230769231
1 0.1871387897022636 0.8989355225351761 0.04700086651033294 0.02327152645454101
1 0.23380401218504168 0.8645147412974096 0.02901397585993128 0.02985348373533889
1 0.24109166771441204 0.6712989304638064 0.030341765447187568 0.05153007119867025
1 0.06522630636873586 0.599065237740495 0.024206283552238972 0.029685595420474716
1 0.09530934621134982 0.6061241550930114 0.03025785444029885 0.03710699427559332
1 0.10291946195561003 0.6748856029499231 0.03651920284558066 0.08058608543840438
1 0.1473906158017638 0.6764385698624166 0.024353127814294433 0.05492598003585933
1 0.021634615384615384 0.6911057692307693 0.04326923076923077 0.07451923076923077
1 0.01573848405281726 0.7679754873574981 0.02668704812906652 0.04299069342406065
1 0.06258551371718762 0.7648047061197315 0.033989490181401294 0.05886752589635691
16 0.9471153846153846 0.7307692307692307 0.10576923076923077 0.5384615384615384
16 0.5847927196270603 0.7335356093750788 0.4364675016471533 0.4574596127241838
16 0.4891826923076923 0.9483173076923077 0.43990384615384615 0.10336538461538461
16 0.38341346153846156 0.6129807692307693 0.2283653846153846 0.3701923076923077