20 0.10576923076923077 0.07091346153846154 0.21153846153846154 0.14182692307692307
20 0.27283653846153844 0.10216346153846154 0.18990384615384615 0.20432692307692307
17 0.6141826923076923 0.21514423076923078 0.3293269230769231 0.30528846153846156
20 0.18389423076923078 0.7463942307692307 0.36778846153846156 0.5072115384615384
2 0.2247596153846154 0.6778846153846154 0.2860576923076923 0.6201923076923077
7 0.9747596153846154 0.8822115384615384 0.05048076923076923 0.1971153846153846
7 0.6976344579598184 0.8040484468710325 0.3259727338266256 0.1864354817756565
7 0.7803649903368294 0.9412241282880959 0.14960975476488542 0.08195972636900214
7 0.421875 0.9326923076923077 0.10817307692307693 0.07211538461538461
7 0.44350961538461536 0.6899038461538461 0.15144230769230768 0.17307692307692307
7 0.421875 0.8197115384615384 0.10817307692307693 0.1346153846153846
7 0.47115384615384615 0.4651442307692308 0.20673076923076922 0.12259615384615384
7 0.8725961538461539 0.5576923076923077 0.2548076923076923 0.2692307692307692