23 0.2644230769230769 0.34975961538461536 0.5288461538461539 0.6995192307692307
18 0.721597215929148 0.18595005043800583 0.1659188544773482 0.16800431393589904
18 0.7240746199530783 0.30737924412677364 0.1705295742735734 0.11996235377851286
18 0.7645810319352383 0.402582900224363 0.1480648702720508 0.17390904056190346
18 0.7142566271807642 0.5621729512666511 0.14944165529752268 0.17992564853042617
18 0.6672031521415509 0.44409080120407884 0.09872894116557661 0.1303601064363767
18 0.840188019876136 0.48957587971680544 0.15576602218952582 0.19077791914227105
18 0.8357336645562058 0.6013477332867441 0.11715534543302147 0.1028277570096645
18 0.9226917947711845 0.5874281224050001 0.1320551739852435 0.1605969831249533
18 0.8895203358919458 0.32276729762907147 0.16358495310292162 0.17039417492193054
18 0.8674146045236477 0.17357499924464723 0.15252283868264557 0.16191778012830227
18 0.8641826923076923 0.0673076923076923 0.12740384615384615 0.1346153846153846
18 0.9447115384615384 0.07451923076923077 0.11057692307692307 0.14903846153846154
18 0.953125 0.22355769230769232 0.09375 0.18269230769230768
18 0.9471153846153846 0.42908653846153844 0.10576923076923077 0.18028846153846154
18 0.7525987961105153 0.07072626448326062 0.13591861177077236 0.12817303038365993
12 0.3713942307692308 0.8497596153846154 0.31490384615384615 0.3004807692307692
1 0.7764423076923077 0.7992788461538461 0.3942307692307692 0.19951923076923078