7 0.2091346153846154 0.47716346153846156 0.4182692307692308 0.3293269230769231
23 0.9206730769230769 0.484375 0.15865384615384615 0.3870192307692308
23 0.6754807692307693 0.6033653846153846 0.5144230769230769 0.14903846153846154
23 0.6899533769151076 0.23511286600205364 0.4177096042481381 0.44521222688618367
23 0.5084134615384616 0.3942307692307692 0.18028846153846154 0.5673076923076923
23 0.4723557692307692 0.07451923076923077 0.10817307692307693 0.14423076923076922
0 0.2091346153846154 0.9495192307692307 0.4182692307692308 0.10096153846153846
0 0.20432692307692307 0.8389423076923077 0.40865384615384615 0.32211538461538464
20 0.921875 0.9423076923076923 0.15625 0.11538461538461539
20 0.8293269230769231 0.8257211538461539 0.34134615384615385 0.2956730769230769
20 0.5865384615384616 0.7680288461538461 0.33653846153846156 0.18028846153846154
20 0.6766826923076923 0.953125 0.38221153846153844 0.09375
20 0.4855769230769231 0.8846153846153846 0.1346153846153846 0.23076923076923078