3 0.09254807692307693 0.2127403846153846 0.18509615384615385 0.4254807692307692
3 0.43509615384615385 0.22716346153846154 0.7451923076923077 0.4543269230769231
3 0.8521634615384616 0.11298076923076923 0.0889423076923077 0.22596153846153846
15 0.30649038461538464 0.9699519230769231 0.13701923076923078 0.06009615384615385
15 0.5017127448436008 0.8468620649587237 0.12269146922696245 0.14479720175550936
15 0.4897309501454902 0.7306377425690407 0.13408590961252956 0.11055721766178973
15 0.29237382667206746 0.7720496761450801 0.1805897401098137 0.3573169784302236
15 0.31850961538461536 0.5408653846153846 0.18990384615384615 0.10576923076923077
15 0.44471153846153844 0.546875 0.18269230769230768 0.11778846153846154
15 0.39853633058620797 0.838441975565567 0.10794833089759046 0.16089637876137394
5 0.9399038461538461 0.7439903846153846 0.1201923076923077 0.5120192307692307