6 0.15985576923076922 0.5372596153846154 0.31971153846153844 0.5649038461538461
7 0.1487050170798207 0.42825070095306356 0.08724596521566305 0.07407742867444843
7 0.23297753641707267 0.4745857867370239 0.05921662079393505 0.06581123450091433
7 0.2664754947042637 0.5681885193720965 0.04966211740068725 0.10329165174987956
7 0.055358114646336616 0.2962847403437928 0.07570501233779144 0.04324445478131281
7 0.19029220447511308 0.5547959172713459 0.06917053694238608 0.09053648088817731
6 0.22355769230769232 0.17668269230769232 0.19230769230769232 0.35336538461538464
11 0.6634615384615384 0.5384615384615384 0.6730769230769231 0.5625
20 0.15985576923076922 0.9098557692307693 0.31971153846153844 0.18028846153846154
20 0.2860576923076923 0.9194711538461539 0.0673076923076923 0.16105769230769232
10 0.8509615384615384 0.9326923076923077 0.2980769230769231 0.1346153846153846
10 0.8401442307692307 0.8545673076923077 0.31971153846153844 0.06971153846153846