15 0.03365384615384615 0.49158653846153844 0.0673076923076923 0.18509615384615385
15 0.19230769230769232 0.06490384615384616 0.23076923076923078 0.12980769230769232
15 0.21033653846153846 0.24519230769230768 0.19471153846153846 0.1778846153846154
15 0.20072115384615385 0.484375 0.21394230769230768 0.19471153846153846
16 0.3629807692307692 0.25721153846153844 0.11057692307692307 0.3557692307692308
16 0.5456730769230769 0.10216346153846154 0.2932692307692308 0.20432692307692307
16 0.8689903846153846 0.6430288461538461 0.18509615384615385 0.13221153846153846
16 0.9435096153846154 0.5925480769230769 0.11298076923076923 0.17067307692307693
16 0.2848557692307692 0.8509615384615384 0.04567307692307692 0.19230769230769232
24 0.07451923076923077 0.8413461538461539 0.14903846153846154 0.23076923076923078
15 0.7391826923076923 0.8870192307692307 0.4831730769230769 0.22596153846153846
15 0.8581730769230769 0.9387019230769231 0.28365384615384615 0.12259615384615384