22 0.2692307692307692 0.38341346153846156 0.3173076923076923 0.29086538461538464
22 0.20501636398354284 0.2617790178548796 0.22315074713748187 0.4085726573412746
2 0.7920673076923077 0.38822115384615385 0.41586538461538464 0.28125
8 0.2797636615855111 0.8249172202762636 0.16665359130882962 0.15541354395495743
8 0.3317307692307692 0.9555288461538461 0.16826923076923078 0.0889423076923077
8 0.2800480769230769 0.6502403846153846 0.2956730769230769 0.24278846153846154
4 0.3858173076923077 0.8533653846153846 0.08413461538461539 0.28365384615384615
4 0.15985576923076922 0.9134615384615384 0.18028846153846154 0.17307692307692307
4 0.1471316355272269 0.7229337624849284 0.14056878109393706 0.2534257654836431
21 0.7860576923076923 0.7644230769230769 0.42788461538461536 0.47115384615384615
21 0.5612980769230769 0.7644230769230769 0.2668269230769231 0.47115384615384615