23 0.27524038461538464 0.1778846153846154 0.3293269230769231 0.3557692307692308
23 0.03245192307692308 0.1971153846153846 0.06490384615384616 0.3076923076923077
23 0.13670640187189592 0.20311573957756496 0.25466708012190276 0.30405384702407356
23 0.13822115384615385 0.31009615384615385 0.2764423076923077 0.09615384615384616
23 0.8798076923076923 0.15745192307692307 0.2403846153846154 0.31490384615384615
23 0.7836538461538461 0.20552884615384615 0.4326923076923077 0.30528846153846156
23 0.7007211538461539 0.08052884615384616 0.5216346153846154 0.16105769230769232
23 0.6189903846153846 0.25 0.3581730769230769 0.21634615384615385
23 0.5288461538461539 0.17908653846153846 0.1778846153846154 0.3581730769230769
4 0.21995192307692307 0.6790865384615384 0.43990384615384615 0.6418269230769231
4 0.7427884615384616 0.6826923076923077 0.5144230769230769 0.6346153846153846