7 0.3641826923076923 0.2127403846153846 0.3485576923076923 0.17548076923076922
7 0.359375 0.2439903846153846 0.3581730769230769 0.11298076923076923
7 0.3713942307692308 0.3233173076923077 0.33413461538461536 0.11778846153846154
7 0.36778846153846156 0.15865384615384615 0.34134615384615385 0.10576923076923077
0 0.96875 0.31490384615384615 0.0625 0.22596153846153846
0 0.8197115384615384 0.21394230769230768 0.23076923076923078 0.42788461538461536
0 0.9663461538461539 0.11899038461538461 0.0673076923076923 0.23798076923076922
20 0.35336538461538464 0.9591346153846154 0.21634615384615385 0.08173076923076923
20 0.3564230256071215 0.7091346153846154 0.25120358348054866 0.27524038461538464
20 0.3112980769230769 0.49038461538461536 0.25721153846153844 0.125
20 0.43149038461538464 0.45913461538461536 0.12259615384615384 0.0625
20 0.15144230769230768 0.9026442307692307 0.30288461538461536 0.19471153846153846
20 0.12740384615384615 0.6610576923076923 0.2548076923076923 0.27884615384615385
20 0.42111068695113996 0.8737980769230769 0.09794989475658046 0.171875
20 0.7019230769230769 0.8737980769230769 0.3269230769230769 0.25240384615384615