16 0.23918269230769232 0.2283653846153846 0.47836538461538464 0.4567307692307692
16 0.23918269230769232 0.5108173076923077 0.47836538461538464 0.23798076923076922
16 0.07932692307692307 0.29447115384615385 0.15865384615384615 0.5889423076923077
16 0.8617788461538461 0.06610576923076923 0.2620192307692308 0.13221153846153846
16 0.8194915247039768 0.2613556349796842 0.24905405850867554 0.3228259536216894
16 0.8840909647471372 0.45994250304784584 0.16875812295198392 0.22659877133450396
16 0.953125 0.12980769230769232 0.09375 0.25961538461538464
16 0.9459134615384616 0.3713942307692308 0.10817307692307693 0.2860576923076923
16 0.7728365384615384 0.10697115384615384 0.18509615384615385 0.21394230769230768
16 0.7738668723059868 0.3699948932532956 0.2243403763097372 0.1797235729684209
15 0.13221153846153846 0.6838942307692307 0.2548076923076923 0.10817307692307693
15 0.12259615384615384 0.8846153846153846 0.24519230769230768 0.21153846153846154
15 0.38100961538461536 0.6971153846153846 0.19471153846153846 0.1346153846153846
15 0.37740384615384615 0.8930288461538461 0.20192307692307693 0.21394230769230768
3 0.9483173076923077 0.7319711538461539 0.10336538461538461 0.20432692307692307
3 0.8064903846153846 0.7536057692307693 0.21394230769230768 0.24759615384615385
3 0.6039174405684737 0.8315093722681708 0.2361428379901757 0.2332949732018377
3 0.6237980769230769 0.6838942307692307 0.23317307692307693 0.10817307692307693
3 0.5120192307692307 0.6682692307692307 0.0673076923076923 0.07692307692307693