18 0.25961538461538464 0.20432692307692307 0.5192307692307693 0.40865384615384615
10 0.8064903846153846 0.24278846153846154 0.3870192307692308 0.3317307692307692
10 0.7211538461538461 0.09495192307692307 0.34134615384615385 0.18990384615384615
12 0.20673076923076922 0.7043269230769231 0.41346153846153844 0.5913461538461539
15 0.4162857054102889 0.5985053899797734 0.09073391763601425 0.34567220488660955
15 0.42924562562038776 0.8277572337410982 0.151732065223609 0.07914494504472895
15 0.47115384615384615 0.8725961538461539 0.09615384615384616 0.18269230769230768
12 0.7920673076923077 0.7079326923076923 0.41586538461538464 0.5841346153846154
24 0.59375 0.49759615384615385 0.14903846153846154 0.1778846153846154
15 0.5817307692307693 0.9098557692307693 0.09134615384615384 0.18028846153846154
15 0.5817307692307693 0.7632211538461539 0.125 0.07932692307692307
15 0.546875 0.7175480769230769 0.055288461538461536 0.18028846153846154