11 0.3293269230769231 0.4951923076923077 0.22115384615384615 0.44711538461538464
11 0.2848557692307692 0.30408653846153844 0.31009615384615385 0.6081730769230769
10 0.859375 0.23918269230769232 0.28125 0.47836538461538464
10 0.7596153846153846 0.33653846153846156 0.3942307692307692 0.6730769230769231
10 0.31971153846153844 0.8641826923076923 0.2403846153846154 0.27163461538461536
10 0.16947115384615385 0.7548076923076923 0.24759615384615385 0.07211538461538461
10 0.1935096153846154 0.8786057692307693 0.13701923076923078 0.24278846153846154
11 0.8653846153846154 0.8870192307692307 0.2692307692307692 0.22596153846153846
11 0.8064903846153846 0.7668269230769231 0.3389423076923077 0.09615384615384616
11 0.5661057692307693 0.9110576923076923 0.25240384615384615 0.1778846153846154
11 0.640625 0.8461538461538461 0.4014423076923077 0.2548076923076923