20 0.020432692307692308 0.3762019230769231 0.040865384615384616 0.10336538461538461
20 0.38505575271522285 0.18421706093647763 0.10677187439904892 0.1062295247465715
20 0.41947115384615385 0.2956730769230769 0.11778846153846154 0.1346153846153846
20 0.21991411711512712 0.1658459984382528 0.12118309705168073 0.12750946708975805
20 0.27187570403734856 0.2916019266405413 0.09950218616051551 0.08420979570945875
20 0.3137019230769231 0.39663461538461536 0.10817307692307693 0.0625
20 0.13964157861015034 0.21683364376579364 0.1096776031554192 0.09444136216883924
20 0.4483173076923077 0.3545673076923077 0.06009615384615385 0.12259615384615384
0 0.7391826923076923 0.21394230769230768 0.5216346153846154 0.42788461538461536
0 0.14302884615384615 0.5564903846153846 0.2860576923076923 0.25721153846153844
0 0.039663461538461536 0.6971153846153846 0.07932692307692307 0.3125
25 0.6153846153846154 0.6045673076923077 0.27403846153846156 0.35336538461538464
25 0.96875 0.9326923076923077 0.0625 0.1346153846153846
25 0.7921328254388259 0.7805374092483729 0.27359248556247123 0.2977328643268882
25 0.6009615384615384 0.9074519230769231 0.24519230769230768 0.18509615384615385
25 0.8425480769230769 0.9555288461538461 0.25721153846153844 0.0889423076923077
25 0.8533653846153846 0.8894230769230769 0.2548076923076923 0.22115384615384615