11 0.39783653846153844 0.14543269230769232 0.3629807692307692 0.29086538461538464
11 0.2941245604453543 0.4515775429867991 0.29022655843945155 0.3242832669355604
11 0.14783653846153846 0.16826923076923078 0.2956730769230769 0.33653846153846156
11 0.781355521981281 0.23689002088877326 0.19954294018339142 0.2193433520403933
11 0.6502403846153846 0.5228365384615384 0.14182692307692307 0.21394230769230768
24 0.6538461538461539 0.31490384615384615 0.14903846153846154 0.27884615384615385
11 0.2800480769230769 0.8149038461538461 0.5600961538461539 0.3701923076923077
7 0.7896634615384616 0.6766826923076923 0.4206730769230769 0.09375
7 0.6454326923076923 0.8737980769230769 0.13221153846153846 0.25240384615384615
7 0.828125 0.9302884615384616 0.34375 0.13942307692307693
7 0.7918222589948771 0.8838261178535775 0.23193192432427523 0.21762769209050098
7 0.9014423076923077 0.8846153846153846 0.1971153846153846 0.23076923076923078
7 0.8894230769230769 0.8677884615384616 0.22115384615384615 0.2644230769230769
7 0.9338942307692307 0.8149038461538461 0.13221153846153846 0.3701923076923077