22 0.25 0.2439903846153846 0.5 0.4879807692307692
16 0.7211538461538461 0.12980769230769232 0.33653846153846156 0.25961538461538464
16 0.8076923076923077 0.30528846153846156 0.38461538461538464 0.36538461538461536
16 0.6177884615384616 0.36778846153846156 0.23557692307692307 0.2403846153846154
15 0.12740384615384615 0.5612980769230769 0.1875 0.1466346153846154
15 0.09495192307692307 0.7127403846153846 0.18990384615384615 0.34375
15 0.07932692307692307 0.8545673076923077 0.15865384615384615 0.22355769230769232
15 0.2512019230769231 0.5120192307692307 0.15144230769230768 0.04807692307692308
15 0.3641826923076923 0.5132211538461539 0.13221153846153846 0.05048076923076923
15 0.46153846153846156 0.5060096153846154 0.07692307692307693 0.036057692307692304
15 0.3449519230769231 0.5721153846153846 0.31009615384615385 0.14903846153846154
15 0.27113695131612425 0.7796950676321006 0.3569333436124609 0.35965723901971813
15 0.3870192307692308 0.6826923076923077 0.22596153846153846 0.16346153846153846
15 0.39663461538461536 0.8052884615384616 0.20673076923076922 0.15384615384615385
15 0.3293269230769231 0.8341346153846154 0.34134615384615385 0.15384615384615385
15 0.29981660300422913 0.9318917578832896 0.2772106925916463 0.10891600003671169
15 0.46634615384615385 0.9254807692307693 0.0673076923076923 0.11057692307692307
16 0.75 0.8581730769230769 0.5 0.28365384615384615