17 0.5072115384615384 0.2548076923076923 0.40384615384615385 0.5096153846153846
17 0.25446179115200135 0.31488339543663535 0.1322705772780194 0.1372559235446326
6 0.41796622692165847 0.8224479279895553 0.15677117519947797 0.14544695425531545
6 0.24524397688616428 0.8022234045620185 0.15671029397734074 0.10708336501869144
6 0.30780670051395753 0.7496285467087043 0.14405873985575182 0.13413990043843563
6 0.15664204313257915 0.7290836432284743 0.1866186245421249 0.16224734495428889
6 0.06129807692307692 0.6850961538461539 0.12259615384615384 0.1346153846153846
6 0.46675433848709535 0.7045574270827372 0.1382497520515664 0.11831900198860665
6 0.28799203245591715 0.6649062359746021 0.16520077824630164 0.10862811038281514
6 0.6419735989152975 0.6889201566524108 0.11277829924468327 0.11368476589623565
6 0.6911057692307693 0.6959134615384616 0.036057692307692304 0.14182692307692307
6 0.5690109642644187 0.6727605260588234 0.12732498101769052 0.09749451278125648
7 0.7439903846153846 0.7548076923076923 0.06971153846153846 0.49038461538461536
7 0.7896634615384616 0.7908653846153846 0.16105769230769232 0.4182692307692308
7 0.8413461538461539 0.828125 0.2644230769230769 0.34375
7 0.7980769230769231 0.7548076923076923 0.1778846153846154 0.49038461538461536