24 0.14903846153846154 0.25 0.2980769230769231 0.5
0 0.6466346153846154 0.0829326923076923 0.25 0.1658653846153846
0 0.4961931500947413 0.21195867819993883 0.20053682095735462 0.18003943556311874
0 0.7932692307692307 0.3894230769230769 0.15384615384615385 0.22115384615384615
0 0.8269230769230769 0.09134615384615384 0.11538461538461539 0.18269230769230768
0 0.44471153846153844 0.06850961538461539 0.16346153846153846 0.13701923076923078
0 0.33653846153846156 0.05048076923076923 0.07692307692307693 0.10096153846153846
0 0.6418431364157565 0.30789391483932926 0.17826008716586125 0.19166005307076767
0 0.34134615384615385 0.21394230769230768 0.08653846153846154 0.1346153846153846
0 0.3629807692307692 0.3545673076923077 0.12980769230769232 0.11778846153846154
0 0.3485576923076923 0.4483173076923077 0.10096153846153846 0.10336538461538461
18 0.13221153846153846 0.75 0.2644230769230769 0.5
25 0.5492788461538461 0.8677884615384616 0.5024038461538461 0.2644230769230769
25 0.5793269230769231 0.7992788461538461 0.41346153846153844 0.4014423076923077