24 0.13701923076923078 0.18028846153846154 0.27403846153846156 0.3605769230769231
24 0.13341346153846154 0.37740384615384615 0.2668269230769231 0.14423076923076922
24 0.3581730769230769 0.3786057692307692 0.3942307692307692 0.14182692307692307
24 0.3954326923076923 0.19230769230769232 0.36778846153846156 0.38461538461538464
19 0.7463942307692307 0.12259615384615384 0.33413461538461536 0.24519230769230768
19 0.7415865384615384 0.31850961538461536 0.3245192307692308 0.2620192307692308
19 0.8798076923076923 0.171875 0.19230769230769232 0.34375
24 0.3485576923076923 0.5661057692307693 0.4182692307692308 0.23317307692307693
24 0.04807692307692308 0.7475961538461539 0.09615384615384616 0.28846153846153844
24 0.23494756561041732 0.7215799409360444 0.28642538797569456 0.24366761986011362
19 0.7932692307692307 0.8317307692307693 0.41346153846153844 0.33653846153846156