17 0.3233173076923077 0.2668269230769231 0.11298076923076923 0.3798076923076923
17 0.17813474569498283 0.1999213107648337 0.09421151053788836 0.0858825616966272
17 0.037259615384615384 0.08173076923076923 0.07451923076923077 0.057692307692307696
17 0.1437964276733611 0.10854165025237958 0.07483389704506366 0.05929743069771353
6 0.6899038461538461 0.27403846153846156 0.6201923076923077 0.5480769230769231
7 0.35216346153846156 0.6754807692307693 0.055288461538461536 0.2548076923076923
7 0.35216346153846156 0.8269230769230769 0.055288461538461536 0.09134615384615384
7 0.04447115384615385 0.7764423076923077 0.0889423076923077 0.44711538461538464
7 0.0889423076923077 0.8137019230769231 0.1778846153846154 0.37259615384615385
7 0.14302884615384615 0.7920673076923077 0.20432692307692307 0.41586538461538464
7 0.23677884615384615 0.7740384615384616 0.18990384615384615 0.4519230769230769
7 0.23076923076923078 0.7632211538461539 0.23076923076923078 0.43028846153846156
20 0.42781308683524255 0.8417493537746366 0.09052882288413766 0.0724092679035616
20 0.482905756024297 0.8792693457811288 0.0531783039087261 0.054178821785474
20 0.6298760154364674 0.8318307292632301 0.07971850777573736 0.0728547711397496
20 0.6958978736603479 0.8508763718796881 0.07482690446115633 0.05809550762079045
20 0.7534083741710632 0.8861606110302751 0.0593067932197673 0.0750317473380193
20 0.8809031239157056 0.8794445558211551 0.09054280805195238 0.0748131140574079
20 0.9819711538461539 0.8521634615384616 0.036057692307692304 0.07932692307692307