14 0.4326923076923077 0.1658653846153846 0.21153846153846154 0.3173076923076923
14 0.33413461538461536 0.04326923076923077 0.15384615384615385 0.08653846153846154
14 0.18458409251061492 0.10772174111074098 0.22077005539408867 0.15086942546182455
22 0.7692307692307693 0.29447115384615385 0.46153846153846156 0.5889423076923077
17 0.40024038461538464 0.8701923076923077 0.2764423076923077 0.25961538461538464
17 0.2371548429745468 0.8957024747117198 0.16545362351999743 0.1434866316719249
17 0.08533653846153846 0.7271634615384616 0.17067307692307693 0.15144230769230768
17 0.23519852219077422 0.8188913587226518 0.07843966627583289 0.05772526881683135
17 0.49038461538461536 0.6766826923076923 0.09615384615384616 0.10336538461538461
17 0.3220726277567908 0.7571684574060199 0.06644141325832437 0.06077123337755548
3 0.7331730769230769 0.8810096153846154 0.3894230769230769 0.23798076923076922
3 0.7355769230769231 0.6959134615384616 0.3942307692307692 0.21394230769230768