21 0.3918269230769231 0.1141826923076923 0.2548076923076923 0.2283653846153846
21 0.1658653846153846 0.12620192307692307 0.3076923076923077 0.20432692307692307
2 0.8629807692307693 0.1875 0.27403846153846156 0.08173076923076923
11 0.21875 0.75 0.4375 0.42788461538461536
11 0.2668269230769231 0.4891826923076923 0.5048076923076923 0.33413461538461536
11 0.46274038461538464 0.6923076923076923 0.11298076923076923 0.23557692307692307
11 0.44711538461538464 0.8125 0.14423076923076922 0.16826923076923078
2 0.6430288461538461 0.3425480769230769 0.20432692307692307 0.2283653846153846
2 0.7288201513757571 0.5866044610692313 0.2759137628702053 0.24164751329706213
2 0.8354652303858945 0.7151003398975433 0.2830016964818133 0.25861431172467964
2 0.8978365384615384 0.9110576923076923 0.20432692307692307 0.1778846153846154