0 0.11919477225899791 0.3890204863835829 0.20098767338978427 0.2558864672813511
7 0.4855769230769231 0.36899038461538464 0.3125 0.31009615384615385
7 0.7764423076923077 0.4110576923076923 0.44711538461538464 0.2548076923076923
7 0.453125 0.49038461538461536 0.24759615384615385 0.09615384615384616
17 0.20673076923076922 0.7007211538461539 0.24519230769230768 0.3245192307692308
6 0.9290865384615384 0.5733173076923077 0.14182692307692307 0.06971153846153846
6 0.453125 0.578125 0.10336538461538461 0.07932692307692307
6 0.9387019230769231 0.7331730769230769 0.12259615384615384 0.1346153846153846
6 0.6732813107205365 0.6687511388576494 0.12690817405157026 0.1235970935306043
6 0.4167200825623861 0.7760403409073627 0.14022023148852034 0.139452869629415
6 0.6720522186631332 0.8706322564900334 0.1438260007192895 0.13951580856545412
6 0.9507211538461539 0.9579326923076923 0.0985576923076923 0.08413461538461539
6 0.39663461538461536 0.9519230769230769 0.1346153846153846 0.09615384615384616