24 0.25600961538461536 0.30408653846153844 0.5120192307692307 0.6081730769230769
24 0.34134615384615385 0.30408653846153844 0.41346153846153844 0.6081730769230769
24 0.9242788461538461 0.1935096153846154 0.15144230769230768 0.28125
24 0.7512019230769231 0.140625 0.34375 0.28125
24 0.7552518747954694 0.38830688039444416 0.25875596131548906 0.2857879590779706
24 0.8907013116245829 0.39795633164256894 0.16863630816809347 0.26514543013107184
24 0.4483173076923077 0.7175480769230769 0.19951923076923078 0.21875
24 0.3425480769230769 0.65625 0.22355769230769232 0.09615384615384616
24 0.3289860102285586 0.8235799241799442 0.20371307762929533 0.19708955465760963
24 0.32152869554866964 0.680693901332704 0.15823642331481588 0.13774158397722566
19 0.6502403846153846 0.9338942307692307 0.20432692307692307 0.13221153846153846
19 0.7268219535918483 0.7702662789090708 0.2901530303143337 0.31905507865326427
19 0.9194711538461539 0.9134615384615384 0.16105769230769232 0.17307692307692307
19 0.8822115384615384 0.6754807692307693 0.18269230769230768 0.1346153846153846
19 0.834406754519547 0.8870297073099555 0.10338956550505402 0.11000506988405935
19 0.8016826923076923 0.9459134615384616 0.21394230769230768 0.10817307692307693