16 0.2776442307692308 0.36177884615384615 0.4639423076923077 0.19471153846153846
16 0.17908653846153846 0.21754807692307693 0.3581730769230769 0.43509615384615385
16 0.3473557692307692 0.16947115384615385 0.3245192307692308 0.3389423076923077
16 0.13701923076923078 0.046875 0.27403846153846156 0.09375
15 0.6838942307692307 0.3425480769230769 0.2091346153846154 0.23317307692307693
15 0.675637893383575 0.2620856392083363 0.19824842100768952 0.23278427845926727
15 0.8473557692307693 0.2956730769230769 0.30528846153846156 0.3269230769230769
15 0.9326923076923077 0.38341346153846156 0.1346153846153846 0.15144230769230768
15 0.9507211538461539 0.2764423076923077 0.0985576923076923 0.17307692307692307
15 0.8858173076923077 0.25961538461538464 0.2283653846153846 0.17307692307692307
15 0.8930288461538461 0.16706730769230768 0.21394230769230768 0.12259615384615384
16 0.055288461538461536 0.7247596153846154 0.11057692307692307 0.30528846153846156
16 0.17427884615384615 0.8725961538461539 0.3004807692307692 0.2548076923076923
16 0.22227410787166166 0.6806721729278455 0.3107572968477385 0.3285045864355291
16 0.11899038461538461 0.5360576923076923 0.23798076923076922 0.15384615384615385
15 0.7608173076923077 0.7295673076923077 0.47836538461538464 0.5408653846153846
15 0.8365384615384616 0.7295673076923077 0.3269230769230769 0.5408653846153846
16 0.9723557692307693 0.7355769230769231 0.055288461538461536 0.25