15 0.11276101601727799 0.1985801376530988 0.11245065937917076 0.18381231543691248
15 0.18870192307692307 0.1045673076923077 0.0985576923076923 0.2091346153846154
15 0.03485576923076923 0.35216346153846156 0.06971153846153846 0.21394230769230768
15 0.109375 0.3894230769230769 0.10817307692307693 0.13942307692307693
15 0.203125 0.39783653846153844 0.09375 0.12259615384615384
16 0.4254807692307692 0.375 0.34615384615384615 0.16826923076923078
16 0.4387019230769231 0.15865384615384615 0.37740384615384615 0.3173076923076923
16 0.6682692307692307 0.3245192307692308 0.32211538461538464 0.2692307692307692
16 0.15264423076923078 0.8581730769230769 0.19471153846153846 0.27403846153846156
16 0.16706730769230768 0.9783653846153846 0.1658653846153846 0.04326923076923077
16 0.1875 0.65625 0.125 0.14903846153846154
3 0.8221153846153846 0.5925480769230769 0.3125 0.2668269230769231
3 0.7980769230769231 0.8545673076923077 0.40384615384615385 0.29086538461538464
3 0.5902689008265868 0.7116294213222225 0.5771317936294035 0.44542096460550257