3 0.31850961538461536 0.23197115384615385 0.31009615384615385 0.19471153846153846
9 0.59375 0.16466346153846154 0.23076923076923078 0.3293269230769231
9 0.796875 0.16466346153846154 0.40625 0.3293269230769231
23 0.4338942307692308 0.46274038461538464 0.0889423076923077 0.2668269230769231
23 0.40384615384615385 0.7415865384615384 0.14903846153846154 0.24278846153846154
23 0.37179593553103363 0.5367432869599963 0.19416162022011504 0.2109246160908338
5 0.8545673076923077 0.9350961538461539 0.29086538461538464 0.12980769230769232
5 0.5901442307692307 0.8942307692307693 0.22355769230769232 0.21153846153846154
5 0.5012019230769231 0.6117788461538461 0.04567307692307692 0.1658653846153846
5 0.6866044663040712 0.668316203985989 0.30922106338879346 0.25981061702748487
5 0.8013915057568588 0.8033482179760723 0.24104173102975707 0.19201256247958873
7 0.5925480769230769 0.5432692307692307 0.2283653846153846 0.21634615384615385
3 0.6225961538461539 0.7644230769230769 0.28846153846153844 0.42788461538461536