21 0.2247504033563348 0.36468921270001614 0.2526921107561695 0.2364918408548391
21 0.17762450884516176 0.5840594669786648 0.2747888625237819 0.24433288233115308
21 0.07692307692307693 0.4567307692307692 0.15384615384615385 0.22596153846153846
21 0.18404274901326134 0.1787537215008282 0.2933102856716934 0.2712648034793974
21 0.15625 0.06490384615384616 0.3125 0.12980769230769232
21 0.10096153846153846 0.6923076923076923 0.12980769230769232 0.09134615384615384
11 0.5901442307692307 0.36899038461538464 0.16105769230769232 0.7379807692307693
14 0.2620192307692308 0.8725961538461539 0.15865384615384615 0.2548076923076923
14 0.09495192307692307 0.7728365384615384 0.18990384615384615 0.06971153846153846
14 0.06009615384615385 0.9158653846153846 0.1201923076923077 0.16826923076923078
14 0.7548076923076923 0.9206730769230769 0.49038461538461536 0.15865384615384615