24 0.28125 0.28846153846153844 0.5432692307692307 0.5769230769230769
0 0.9170673076923077 0.17067307692307693 0.1658653846153846 0.22596153846153846
0 0.9423076923076923 0.3557692307692308 0.11538461538461539 0.20192307692307693
0 0.6947115384615384 0.03365384615384615 0.21153846153846154 0.0673076923076923
0 0.671875 0.171875 0.1658653846153846 0.19471153846153846
0 0.6862980769230769 0.4074519230769231 0.19471153846153846 0.20432692307692307
7 0.16826923076923078 0.7992788461538461 0.33653846153846156 0.4014423076923077
7 0.2932692307692308 0.7451923076923077 0.5865384615384616 0.22596153846153846
7 0.28365384615384615 0.6526442307692307 0.5673076923076923 0.10817307692307693
7 0.1814903846153846 0.65625 0.3629807692307692 0.11538461538461539
25 0.8329326923076923 0.7992788461538461 0.2956730769230769 0.4014423076923077