24 0.14759457223475864 0.2330587915151103 0.2766965754296481 0.33331808577774863
24 0.11899038461538461 0.06850961538461539 0.23798076923076922 0.13701923076923078
24 0.0829326923076923 0.3016826923076923 0.1658653846153846 0.3581730769230769
24 0.04326923076923077 0.46033653846153844 0.08653846153846154 0.19471153846153846
6 0.7199519230769231 0.27884615384615385 0.5600961538461539 0.5576923076923077
20 0.12534711483377797 0.7096426699444073 0.1688294984820969 0.15241427685543607
20 0.028846153846153848 0.7680288461538461 0.057692307692307696 0.12740384615384615
20 0.019230769230769232 0.6923076923076923 0.038461538461538464 0.09615384615384616
20 0.06009615384615385 0.8713942307692307 0.1201923076923077 0.13221153846153846
20 0.1806487199481143 0.8114774800392209 0.1541127230940552 0.12708998123316262
20 0.47716346153846156 0.6466346153846154 0.07451923076923077 0.16346153846153846
20 0.5430692214660173 0.6592186427400465 0.13521760925181725 0.15582425373679817
20 0.7428401937766466 0.636423258426803 0.18330851796992922 0.15730588017001723
20 0.5366112234980462 0.8010735361525992 0.14968264309846055 0.15951393397445612
20 0.9435096153846154 0.7872596153846154 0.11298076923076923 0.15625
20 0.783997592726368 0.8176619100215213 0.16641166668706203 0.1511983686106982
20 0.6663489875997944 0.8063279524752155 0.12906813745531379 0.14377006004803022
20 0.9495192307692307 0.6478365384615384 0.10096153846153846 0.15144230769230768
20 0.8275753496670665 0.6876094772770701 0.1772989025853137 0.15727091725048006
20 0.6548340819786745 0.6597702555135816 0.08107512822552355 0.15070189515327298