19 0.10216346153846154 0.3245192307692308 0.20432692307692307 0.44711538461538464
19 0.1971153846153846 0.3425480769230769 0.2644230769230769 0.4110576923076923
8 0.9350961538461539 0.08653846153846154 0.12980769230769232 0.17307692307692307
8 0.5769230769230769 0.10576923076923077 0.38461538461538464 0.21153846153846154
8 0.7516894129965629 0.2619962400760589 0.20655689745009567 0.23805370863194278
8 0.522168687423686 0.2986663892687987 0.30499098490785753 0.26282771353071005
8 0.9543269230769231 0.2704326923076923 0.09134615384615384 0.2668269230769231
8 0.8413461538461539 0.43028846153846156 0.3076923076923077 0.23557692307692307
8 0.5564903846153846 0.4855769230769231 0.29086538461538464 0.125
8 0.16466346153846154 0.7920673076923077 0.3293269230769231 0.41586538461538464
8 0.2932692307692308 0.8641826923076923 0.07211538461538461 0.27163461538461536
2 0.4387019230769231 0.7932692307692307 0.21875 0.34134615384615385
2 0.7043269230769231 0.6899038461538461 0.34134615384615385 0.28365384615384615
2 0.6009615384615384 0.9074519230769231 0.3173076923076923 0.18509615384615385