19 0.23557692307692307 0.41586538461538464 0.1875 0.20673076923076922
19 0.08774038461538461 0.42788461538461536 0.17548076923076922 0.18269230769230768
19 0.22324867150023747 0.15087393273975608 0.19149117701683457 0.22289885254866937
19 0.19591346153846154 0.04567307692307692 0.1466346153846154 0.09134615384615384
19 0.0733173076923077 0.11778846153846154 0.1466346153846154 0.23557692307692307
19 0.08533653846153846 0.2776442307692308 0.17067307692307693 0.17548076923076922
19 0.2184600759371979 0.28881530746823186 0.20957343291642844 0.15618569086604295
2 0.8509615384615384 0.39783653846153844 0.2980769230769231 0.24278846153846154
2 0.8317307692307693 0.2091346153846154 0.33653846153846156 0.2692307692307692
2 0.8052884615384616 0.49038461538461536 0.32211538461538464 0.057692307692307696
14 0.23510389444281427 0.8624139848140842 0.15388051779664857 0.177378527011223
14 0.34975961538461536 0.6694711538461539 0.07932692307692307 0.16105769230769232
24 0.6370192307692307 0.6947115384615384 0.4951923076923077 0.35096153846153844