11 0.2091346153846154 0.17427884615384615 0.4182692307692308 0.3485576923076923
11 0.2848557692307692 0.17427884615384615 0.5697115384615384 0.3485576923076923
11 0.40024038461538464 0.10216346153846154 0.33413461538461536 0.20432692307692307
14 0.9098557692307693 0.22956730769230768 0.18028846153846154 0.23798076923076922
14 0.7367788461538461 0.17427884615384615 0.33413461538461536 0.3485576923076923
11 0.13701923076923078 0.5240384615384616 0.27403846153846156 0.18269230769230768
11 0.13942307692307693 0.6754807692307693 0.27884615384615385 0.14903846153846154
11 0.11658653846153846 0.7920673076923077 0.23317307692307693 0.1466346153846154
11 0.5060096153846154 0.6766826923076923 0.12740384615384615 0.21875
2 0.6983173076923077 0.9314903846153846 0.25721153846153844 0.13701923076923078
2 0.6466346153846154 0.5841346153846154 0.15384615384615385 0.1778846153846154
2 0.6358173076923077 0.4254807692307692 0.13221153846153846 0.15384615384615385
2 0.75 0.4411057692307692 0.19230769230769232 0.18509615384615385
2 0.6686055288493223 0.7533087025045482 0.11956564810072944 0.17202968411839087
2 0.5985576923076923 0.6838942307692307 0.057692307692307696 0.0985576923076923
2 0.7555696665868896 0.7967589045439194 0.19170201236146056 0.17407074566664213
2 0.8187917875896594 0.6169730840229407 0.22174400599235994 0.2429160164397888