7 0.6298076923076923 0.24879807692307693 0.7403846153846154 0.49759615384615385
20 0.6574519230769231 0.5612980769230769 0.17548076923076922 0.10336538461538461
20 0.4963942307692308 0.5817307692307693 0.1658653846153846 0.14423076923076922
20 0.9350961538461539 0.7728365384615384 0.12980769230769232 0.21875
20 0.8027763872466711 0.6774801155549862 0.29679540286615097 0.10533200778033401
20 0.6773764100601289 0.7939716473720068 0.1259182472063607 0.20706745835817963
20 0.8139732214083101 0.8635471242865645 0.31977886516506093 0.11040120889059352
24 0.3293269230769231 0.5516826923076923 0.13942307692307693 0.08413461538461539
24 0.8253864047369888 0.7591804441746868 0.19781529113740903 0.17691007568787853
11 0.8052884615384616 0.9338942307692307 0.3894230769230769 0.13221153846153846
11 0.5954497423795309 0.7944015007382789 0.1259141570629187 0.2658076436664114
11 0.8004807692307693 0.6334134615384616 0.39903846153846156 0.13221153846153846
11 0.32211538461538464 0.6911057692307693 0.125 0.2620192307692308