5 0.21754807692307693 0.29447115384615385 0.3389423076923077 0.18990384615384615
5 0.2800480769230769 0.0829326923076923 0.28125 0.1658653846153846
8 0.6983173076923077 0.19471153846153846 0.37740384615384615 0.3894230769230769
8 0.31850961538461536 0.7103365384615384 0.38221153846153844 0.35336538461538464
8 0.6213942307692307 0.43990384615384615 0.22355769230769232 0.10096153846153846
8 0.8137019230769231 0.5036057692307693 0.3581730769230769 0.2283653846153846
8 0.9615384615384616 0.5132211538461539 0.07692307692307693 0.24759615384615385
8 0.6129807692307693 0.5961538461538461 0.20673076923076922 0.27403846153846156
8 0.6706730769230769 0.7824519230769231 0.32211538461538464 0.31971153846153844
8 0.5733173076923077 0.8641826923076923 0.12740384615384615 0.27163461538461536
8 0.8954326923076923 0.7896634615384616 0.2091346153846154 0.3485576923076923
8 0.7115384615384616 0.9290865384615384 0.3173076923076923 0.14182692307692307