25 0.4170673076923077 0.16105769230769232 0.4014423076923077 0.32211538461538464
0 0.7632211538461539 0.16466346153846154 0.29086538461538464 0.3293269230769231
0 0.8088942307692307 0.04447115384615385 0.38221153846153844 0.0889423076923077
0 0.9122596153846154 0.2403846153846154 0.17548076923076922 0.1778846153846154
25 0.25841346153846156 0.5961538461538461 0.5168269230769231 0.5336538461538461
15 0.1258399114240372 0.44439323697545213 0.08214333168130576 0.0718644851393002
15 0.15180053218188386 0.5684850123634939 0.07015906383161188 0.07773424411202748
15 0.026442307692307692 0.484375 0.052884615384615384 0.06971153846153846
15 0.30313795111558056 0.5522183569994371 0.13755066714619305 0.09294051694167749
15 0.058392367438196965 0.41957157953041757 0.06055067180013474 0.07882428205944023
6 0.9182692307692307 0.5264423076923077 0.16346153846153846 0.36538461538461536