11 0.11899038461538461 0.43990384615384615 0.23798076923076922 0.27884615384615385
11 0.13581730769230768 0.08774038461538461 0.27163461538461536 0.17548076923076922
11 0.5240384615384616 0.12860576923076922 0.3125 0.25721153846153844
11 0.5757211538461539 0.08052884615384616 0.41586538461538464 0.16105769230769232
11 0.7067307692307693 0.07091346153846154 0.40865384615384615 0.14182692307692307
11 0.8040865384615384 0.0733173076923077 0.3004807692307692 0.1466346153846154
11 0.6622596153846154 0.3545673076923077 0.5889423076923077 0.4110576923076923
11 0.8521634615384616 0.5300480769230769 0.20432692307692307 0.0985576923076923
11 0.7247596153846154 0.546875 0.13221153846153846 0.06490384615384616
2 0.33653846153846156 0.8713942307692307 0.0625 0.25721153846153844
2 0.27524038461538464 0.7271634615384616 0.18509615384615385 0.24759615384615385
2 0.19230769230769232 0.9170673076923077 0.25961538461538464 0.1658653846153846
2 0.10096153846153846 0.8221153846153846 0.20192307692307693 0.23557692307692307
2 0.6069711538461539 0.7175480769230769 0.2956730769230769 0.2764423076923077
2 0.7355769230769231 0.890625 0.2932692307692308 0.21875
2 0.8665865384615384 0.7319711538461539 0.2668269230769231 0.30528846153846156