21 0.3293269230769231 0.11778846153846154 0.25961538461538464 0.23557692307692307
21 0.26802884615384615 0.26802884615384615 0.3581730769230769 0.3004807692307692
14 0.8487195130942305 0.26837843212084933 0.19412808174481852 0.1936599760343021
14 0.7030070700851494 0.2897174132805169 0.1840940760163997 0.226620617613653
14 0.6901246318978097 0.1388857602152367 0.3505199669736113 0.2777715204304734
14 0.22355769230769232 0.6177884615384616 0.44711538461538464 0.39903846153846156
14 0.13221153846153846 0.44711538461538464 0.2644230769230769 0.057692307692307696
14 0.6394230769230769 0.8954326923076923 0.3605769230769231 0.2091346153846154
14 0.6117788461538461 0.6334134615384616 0.3004807692307692 0.43028846153846156
14 0.8473557692307693 0.5528846153846154 0.30528846153846156 0.2692307692307692
14 0.8497596153846154 0.7295673076923077 0.3004807692307692 0.24759615384615385