24 0.21995192307692307 0.3245192307692308 0.43990384615384615 0.6490384615384616
24 0.5492788461538461 0.09014423076923077 0.21875 0.18028846153846154
24 0.7520659888398354 0.17115834464154422 0.2679240967186423 0.2654428008552759
24 0.8497596153846154 0.025240384615384616 0.16105769230769232 0.05048076923076923
24 0.9591346153846154 0.22716346153846154 0.08173076923076923 0.2091346153846154
24 0.9026442307692307 0.39783653846153844 0.19471153846153846 0.25721153846153844
24 0.8989724136703965 0.08743744564040692 0.16228038557646146 0.15096560118949903
24 0.8999218780849433 0.2273644435181285 0.1502611548072307 0.15033569999619323
24 0.32572115384615385 0.8245192307692307 0.2283653846153846 0.35096153846153844
24 0.18870192307692307 0.9026442307692307 0.25240384615384615 0.19471153846153846
24 0.4891826923076923 0.7139423076923077 0.0985576923076923 0.12980769230769232
24 0.7920673076923077 0.6694711538461539 0.1466346153846154 0.040865384615384616
24 0.8098715624170065 0.7699033469036027 0.1629358509449398 0.14381705284729115
24 0.6586538461538461 0.7151442307692307 0.12980769230769232 0.13221153846153846
24 0.5186970861968139 0.8129171667894947 0.1474019272296806 0.1442001043729168