0 0.6574519230769231 0.5024038461538461 0.20432692307692307 0.21153846153846154
0 0.4558267549453812 0.4222821725769279 0.3563443261885998 0.25806543505339047
0 0.5340479703030747 0.2244333680064159 0.41195361540908976 0.1826729326508844
0 0.4795673076923077 0.0625 0.37259615384615385 0.125
0 0.5793269230769231 0.08413461538461539 0.1778846153846154 0.16826923076923078
11 0.8497596153846154 0.13701923076923078 0.16105769230769232 0.2548076923076923
11 0.8533653846153846 0.5480769230769231 0.16826923076923078 0.1201923076923077
11 0.9723557692307693 0.5 0.055288461538461536 0.21634615384615385
11 0.9735576923076923 0.16466346153846154 0.052884615384615384 0.2956730769230769
25 0.6490384615384616 0.8677884615384616 0.2403846153846154 0.2644230769230769
25 0.4245487836630036 0.8281965285493728 0.41209431388629186 0.2980505554515923
25 0.6322115384615384 0.7295673076923077 0.27403846153846156 0.24278846153846154
25 0.46875 0.6658653846153846 0.2692307692307692 0.11538461538461539
25 0.18509615384615385 0.6850961538461539 0.3701923076923077 0.15384615384615385
11 0.8846153846153846 0.8040865384615384 0.23076923076923078 0.3918269230769231