17 0.25961538461538464 0.17427884615384615 0.5192307692307693 0.3485576923076923
24 0.7331730769230769 0.140625 0.42788461538461536 0.28125
24 0.7259615384615384 0.2932692307692308 0.41346153846153844 0.11057692307692307
25 0.8858173076923077 0.42427884615384615 0.22355769230769232 0.15144230769230768
25 0.6838942307692307 0.3798076923076923 0.19951923076923078 0.0625
25 0.5685096153846154 0.38341346153846156 0.0985576923076923 0.06971153846153846
25 0.90625 0.5276442307692307 0.1875 0.22355769230769232
25 0.7162282239313031 0.4837118009426193 0.23384849836260704 0.2542182261158166
25 0.5757211538461539 0.4579326923076923 0.11298076923076923 0.21875
25 0.9495192307692307 0.7067307692307693 0.10096153846153846 0.2692307692307692
25 0.7805975289353628 0.6671888072389026 0.2557628644486113 0.2680034750676795
25 0.6021634615384616 0.6586538461538461 0.1658653846153846 0.27884615384615385
25 0.9435096153846154 0.8858173076923077 0.11298076923076923 0.2283653846153846
25 0.7930883161407579 0.8548604538595824 0.27007404109113264 0.2643731282150751
25 0.5985576923076923 0.8365384615384616 0.15865384615384615 0.2932692307692308