22 0.1875 0.5733173076923077 0.375 0.31009615384615385
22 0.2137488891465103 0.144204604680271 0.2921702822448002 0.21597729115254508
1 0.078125 0.421875 0.15625 0.18509615384615385
1 0.23340245704309182 0.334647968317991 0.1663448457914528 0.12813919114806893
1 0.42395303175484417 0.4119383210060135 0.06807319611403145 0.06880375338230439
1 0.3315994634231488 0.3329796655244505 0.06132749822378901 0.05989973123755622
1 0.43633185840612587 0.3257923079525813 0.0534850319002849 0.052099520048473874
1 0.3849635399838323 0.2211270865050992 0.12635120967165228 0.09384771538909152
2 0.7896634615384616 0.4699519230769231 0.4206730769230769 0.5168269230769231
11 0.07932692307692307 0.8149038461538461 0.15865384615384615 0.17307692307692307
11 0.46153846153846156 0.7548076923076923 0.23557692307692307 0.052884615384615384
11 0.3173076923076923 0.7896634615384616 0.22596153846153846 0.12259615384615384
11 0.23438372036467386 0.8674433830023561 0.24962242333084012 0.1934107097990266
19 0.875 0.9134615384615384 0.25 0.17307692307692307
19 0.6730769230769231 0.875 0.1875 0.1346153846153846
19 0.8882211538461539 0.9134615384615384 0.22355769230769232 0.17307692307692307