25 0.15985576923076922 0.15384615384615385 0.31971153846153844 0.3076923076923077
25 0.5925480769230769 0.15384615384615385 0.5456730769230769 0.3076923076923077
25 0.4855769230769231 0.12860576923076922 0.28846153846153844 0.25721153846153844
7 0.19831730769230768 0.6490384615384616 0.24278846153846154 0.5865384615384616
6 0.9359577018769791 0.8580014677459897 0.09795500556622236 0.14956290533151637
6 0.9572943594974934 0.6573432471550025 0.07323387433440888 0.09054280805195251
6 0.9172699500756002 0.4575303278616609 0.10726566120423851 0.09795013886289812
6 0.8083018952458106 0.8620679461594978 0.11655587360368604 0.13765555590480388
6 0.86252629596892 0.6303415327501027 0.11579999217171906 0.1232324789817271
6 0.805165931705817 0.4172025708519965 0.09758728646952318 0.09669227511471583
6 0.6336502191856231 0.8911090909999093 0.1309738397171208 0.160569012789324
6 0.7043763707697184 0.6198031270589417 0.11915380092516596 0.11844576442575704
6 0.6123440968241958 0.3800120799513057 0.1342067790415487 0.1305489062018765
6 0.5170023510083795 0.6163084378155415 0.1343957493995403 0.13415467543264575
6 0.39302884615384615 0.9134615384615384 0.1466346153846154 0.17307692307692307
6 0.3389423076923077 0.5817307692307693 0.038461538461538464 0.125
6 0.42427884615384615 0.36538461538461536 0.14182692307692307 0.11538461538461539