6 0.14903846153846154 0.10096153846153846 0.2980769230769231 0.20192307692307693
6 0.3557692307692308 0.36658653846153844 0.3894230769230769 0.1658653846153846
6 0.07692307692307693 0.37259615384615385 0.15384615384615385 0.15384615384615385
6 0.015625 0.1875 0.03125 0.2548076923076923
6 0.4132918801395208 0.21441554012401526 0.15851959224046952 0.20725353092001425
7 0.3329326923076923 0.140625 0.14182692307692307 0.28125
15 0.17307692307692307 0.4074519230769231 0.20192307692307693 0.08413461538461539
15 0.5036057692307693 0.09254807692307693 0.10336538461538461 0.18509615384615385
15 0.07730372810028832 0.2664492253178784 0.0763028226444283 0.06390034580347176
25 0.7740384615384616 0.2247596153846154 0.23076923076923078 0.4495192307692308
6 0.3293269230769231 0.6310096153846154 0.6586538461538461 0.3629807692307692
0 0.9567307692307693 0.6983173076923077 0.08653846153846154 0.22355769230769232
0 0.9495192307692307 0.53125 0.10096153846153846 0.16346153846153846
0 0.8799105869220235 0.708585199771896 0.16170207970405726 0.31662853092001436
0 0.9086538461538461 0.9170673076923077 0.18269230769230768 0.1658653846153846