2 0.20552884615384615 0.25 0.4110576923076923 0.5
25 0.5564903846153846 0.25 0.23317307692307693 0.5
25 0.8353365384615384 0.14543269230769232 0.3293269230769231 0.29086538461538464
25 0.7781455796490341 0.24167803979779215 0.36564243937587015 0.22263435752533914
25 0.7582949437629568 0.42065392922902467 0.3274442521225549 0.15054567778282837
25 0.6646634615384616 0.47596153846153844 0.27163461538461536 0.04807692307692308
17 0.24759615384615385 0.6237980769230769 0.38461538461538464 0.13701923076923078
11 0.9014423076923077 0.6778846153846154 0.1971153846153846 0.3557692307692308
11 0.7319711538461539 0.7439903846153846 0.3245192307692308 0.4879807692307692
11 0.5685096153846154 0.6935096153846154 0.25721153846153844 0.3870192307692308
11 0.484375 0.734375 0.0889423076923077 0.46875