18 0.30408653846153844 0.4230769230769231 0.23798076923076922 0.052884615384615384
18 0.38341346153846156 0.2704326923076923 0.15144230769230768 0.2620192307692308
18 0.421875 0.07932692307692307 0.07451923076923077 0.15865384615384615
18 0.27524038461538464 0.1141826923076923 0.2620192307692308 0.2283653846153846
18 0.234375 0.31850961538461536 0.18990384615384615 0.2620192307692308
16 0.3170758522341877 0.10031758308410492 0.10571629544610062 0.15561688389455994
10 0.7127403846153846 0.4110576923076923 0.33413461538461536 0.07692307692307693
10 0.5805288461538461 0.4326923076923077 0.24278846153846154 0.03365384615384615
10 0.6033653846153846 0.3173076923076923 0.28846153846153844 0.12980769230769232
10 0.6468753366863242 0.19816657886147523 0.3503491017356305 0.13871278985688834
10 0.5512489971089203 0.3794029080127646 0.145825348228686 0.07270630214978596
10 0.6129807692307693 0.09254807692307693 0.3076923076923077 0.12259615384615384
10 0.6057692307692307 0.03245192307692308 0.2932692307692308 0.06490384615384616
18 0.22355769230769232 0.7668269230769231 0.44711538461538464 0.46634615384615385
12 0.6105769230769231 0.9471153846153846 0.30288461538461536 0.10576923076923077
12 0.828125 0.8509615384615384 0.34375 0.2980769230769231