25 0.19831730769230768 0.06370192307692307 0.39663461538461536 0.12740384615384615
23 0.8185096153846154 0.2403846153846154 0.3629807692307692 0.3173076923076923
23 0.7127403846153846 0.19591346153846154 0.4254807692307692 0.3918269230769231
23 0.5588942307692307 0.17067307692307693 0.11778846153846154 0.34134615384615385
20 0.1875 0.9423076923076923 0.17307692307692307 0.11538461538461539
20 0.15609279724959849 0.7497160332861077 0.17745401567668148 0.2077640390433112
20 0.34134615384615385 0.9362980769230769 0.1778846153846154 0.12740384615384615
20 0.24519230769230768 0.4326923076923077 0.14903846153846154 0.0673076923076923
20 0.3122122339859956 0.4989349034204775 0.1759847773029648 0.17170634673561896
20 0.3512981719791515 0.6890573828549351 0.1695078580282847 0.1892309129956417
20 0.3432683270534633 0.8173857421474574 0.16068015735565774 0.14906317156335683
20 0.16105769230769232 0.49038461538461536 0.17307692307692307 0.18269230769230768
20 0.2088121367057768 0.6532177638614143 0.17716016800193793 0.20055250058177274
20 0.18640409932602692 0.8428189300856784 0.16573681286907826 0.0966828360725648
12 0.6742788461538461 0.46153846153846156 0.3485576923076923 0.125
12 0.8725961538461539 0.5336538461538461 0.2548076923076923 0.2692307692307692
12 0.7211538461538461 0.5084134615384616 0.25961538461538464 0.21875