24 0.08774038461538461 0.3137019230769231 0.17548076923076922 0.23798076923076922
24 0.20874990345536434 0.1777785929816654 0.2478021170366974 0.21998453711561167
24 0.29286241519778583 0.3578528039792327 0.26690690602880535 0.21836428476108105
24 0.8269230769230769 0.3401442307692308 0.34615384615384615 0.2956730769230769
24 0.7043269230769231 0.2247596153846154 0.3701923076923077 0.4495192307692308
19 0.2860576923076923 0.6298076923076923 0.39903846153846156 0.28365384615384615
19 0.2608173076923077 0.8713942307692307 0.3629807692307692 0.25721153846153844
19 0.4139502565860224 0.8094861233710084 0.14356509236996884 0.15337066966920487
19 0.4349243059194794 0.6838984280215217 0.13155097241038022 0.13009335969555133
24 0.9278846153846154 0.6899038461538461 0.14423076923076922 0.40384615384615385
24 0.7813301125506479 0.8371241653706516 0.18808390390652704 0.22474734495428889
24 0.7367788461538461 0.9435096153846154 0.12259615384615384 0.11298076923076923
24 0.9615384615384616 0.9375 0.07692307692307693 0.125
24 0.8461538461538461 0.9387019230769231 0.15865384615384615 0.12259615384615384