22 0.21394230769230768 0.18509615384615385 0.42788461538461536 0.3701923076923077
2 0.7055288461538461 0.24519230769230768 0.38221153846153844 0.36538461538461536
19 0.38100961538461536 0.7079326923076923 0.09375 0.3245192307692308
19 0.28966346153846156 0.6682692307692307 0.2764423076923077 0.27403846153846156
19 0.18973207735077183 0.6517685452023098 0.21056932513858173 0.2511207342643517
21 0.6502403846153846 0.5276442307692307 0.2668269230769231 0.19951923076923078
21 0.7027853428820615 0.6899032223992971 0.14989699985743504 0.16477717282618526
21 0.8942993952329594 0.6126681805648382 0.18546629442637708 0.18581827484892358
21 0.5342299156900396 0.8673594318159926 0.15506717366772954 0.14084360951445574
21 0.7218978040049038 0.8658245641823411 0.2536821052599801 0.1786006530952077
21 0.8871069535160737 0.4742372302652202 0.16519766089473856 0.08696686750638144