14 0.18870192307692307 0.3293269230769231 0.37740384615384615 0.27884615384615385
14 0.41147147019803865 0.31009615384615385 0.19831506454184697 0.24759615384615385
14 0.34975961538461536 0.09495192307692307 0.12740384615384615 0.18990384615384615
14 0.15504807692307693 0.0985576923076923 0.31009615384615385 0.1971153846153846
17 0.8605769230769231 0.4423076923076923 0.2644230769230769 0.052884615384615384
17 0.6105769230769231 0.22956730769230768 0.08173076923076923 0.11778846153846154
17 0.7463942307692307 0.140625 0.35336538461538464 0.28125
17 0.7848557692307693 0.234375 0.43028846153846156 0.46875
3 0.5264423076923077 0.6033653846153846 0.08653846153846154 0.15865384615384615
3 0.48744893169306197 0.7139423076923077 0.08672364356466088 0.16826923076923078
3 0.3797066117498389 0.6033653846153846 0.12150940874798977 0.16706730769230768
3 0.19017649437408224 0.6382211538461539 0.08811299181824375 0.0889423076923077
3 0.1690211746263315 0.7331730769230769 0.10093670834541786 0.16466346153846154
3 0.13816861194531113 0.8088942307692307 0.09458892699404818 0.13822115384615385
3 0.13431614618565663 0.6274038461538461 0.10949017797875928 0.16706730769230768
3 0.0915713849846098 0.5564903846153846 0.0923950929825217 0.14182692307692307
3 0.05720676566115014 0.671875 0.09360887032988977 0.12139423076923077
3 0.03245192307692308 0.5408653846153846 0.06490384615384616 0.125
17 0.6814903846153846 0.734375 0.22355769230769232 0.53125