7 0.30408653846153844 0.27884615384615385 0.3485576923076923 0.5576923076923077
25 0.7716346153846154 0.22115384615384615 0.4567307692307692 0.4423076923076923
6 0.2704326923076923 0.8762019230769231 0.21394230769230768 0.24759615384615385
6 0.20552884615384615 0.6358173076923077 0.16105769230769232 0.15625
6 0.037259615384615384 0.9086538461538461 0.07451923076923077 0.18269230769230768
7 0.43149038461538464 0.7379807692307693 0.09375 0.32211538461538464
7 0.0625 0.7379807692307693 0.125 0.14903846153846154
0 0.5661057692307693 0.9723557692307693 0.1466346153846154 0.055288461538461536
0 0.7415865384615384 0.9399038461538461 0.17067307692307693 0.1201923076923077
0 0.7652562993929485 0.7964630750179307 0.16164717865870742 0.13599519087536396
0 0.6010394340376599 0.8365283416074665 0.18336672419278863 0.1922353203529021
0 0.5072115384615384 0.765625 0.057692307692307696 0.17548076923076922
0 0.608505762947596 0.6704950155910685 0.18540588949578007 0.12509556944622333
0 0.75 0.6298076923076923 0.12980769230769232 0.14423076923076922
0 0.6298076923076923 0.5793269230769231 0.20673076923076922 0.04326923076923077