12 0.18870192307692307 0.41947115384615385 0.37740384615384615 0.3004807692307692
12 0.16826923076923078 0.30408653846153844 0.33653846153846156 0.28125
20 0.4266826923076923 0.8617788461538461 0.1658653846153846 0.17548076923076922
20 0.2983071921391768 0.9175028943542108 0.14490700479109364 0.14523053237701114
20 0.1687189345598283 0.8576929470877089 0.1709491445938525 0.17335377304872998
20 0.07451923076923077 0.875 0.14903846153846154 0.18269230769230768
20 0.28647153334770414 0.8345114253888831 0.1363472534337362 0.111156452978312
20 0.19591346153846154 0.9591346153846154 0.17067307692307693 0.08173076923076923
20 0.3425480769230769 0.9783653846153846 0.17548076923076922 0.04326923076923077
20 0.4567307692307692 0.9519230769230769 0.10576923076923077 0.09615384615384616
23 0.7548076923076923 0.8473557692307693 0.49038461538461536 0.30528846153846156