2 0.41466346153846156 0.12980769230769232 0.2091346153846154 0.25961538461538464
2 0.42427884615384615 0.49038461538461536 0.18990384615384615 0.40384615384615385
2 0.22115384615384615 0.055288461538461536 0.21153846153846154 0.11057692307692307
2 0.23698135893837308 0.25126984530154467 0.14796928991346725 0.25872459995518493
2 0.23557692307692307 0.5769230769230769 0.23557692307692307 0.32211538461538464
2 0.9038461538461539 0.3245192307692308 0.19230769230769232 0.2403846153846154
2 0.6928830349985606 0.4377150379647896 0.2190921650484889 0.17318747589151479
2 0.7762311040933566 0.5580729588695191 0.34263317068460136 0.19478350579575585
2 0.5588942307692307 0.6129807692307693 0.07932692307692307 0.13942307692307693
2 0.5661057692307693 0.3942307692307692 0.09375 0.32211538461538464
2 0.7036254705486281 0.20628133179107347 0.1517368150503921 0.1016224007753593
21 0.25961538461538464 0.8689903846153846 0.5192307692307693 0.2620192307692308