19 0.3329326923076923 0.08533653846153846 0.21394230769230768 0.17067307692307693
19 0.38221153846153844 0.3389423076923077 0.11538461538461539 0.4807692307692308
19 0.29086538461538464 0.1658653846153846 0.2932692307692308 0.3317307692307692
19 0.3425480769230769 0.36177884615384615 0.19471153846153846 0.43028846153846156
19 0.32211538461538464 0.5048076923076923 0.23557692307692307 0.14903846153846154
19 0.13581730769230768 0.28966346153846156 0.27163461538461536 0.5793269230769231
24 0.6319496229365169 0.23097187494202706 0.37444845716523467 0.3619973478409196
24 0.8329326923076923 0.109375 0.33413461538461536 0.21875
24 0.9038461538461539 0.21634615384615385 0.19230769230769232 0.33653846153846156
19 0.07211538461538461 0.9230769230769231 0.14423076923076922 0.15384615384615385
19 0.10817307692307693 0.8966346153846154 0.20673076923076922 0.20673076923076922
19 0.09254807692307693 0.8269230769230769 0.18509615384615385 0.1875
19 0.7199519230769231 0.7067307692307693 0.5600961538461539 0.2548076923076923