9 0.17427884615384615 0.28966346153846156 0.3485576923076923 0.5793269230769231
10 0.6742788461538461 0.17908653846153846 0.6514423076923077 0.2956730769230769
10 0.6742788461538461 0.38822115384615385 0.6514423076923077 0.2764423076923077
10 0.6742788461538461 0.5288461538461539 0.6514423076923077 0.10096153846153846
9 0.17427884615384615 0.8677884615384616 0.3485576923076923 0.2644230769230769
9 0.17427884615384615 0.9122596153846154 0.3485576923076923 0.17548076923076922
9 0.13942307692307693 0.8677884615384616 0.27884615384615385 0.2644230769230769
18 0.7355769230769231 0.765625 0.5288461538461539 0.37259615384615385
18 0.47115384615384615 0.7716346153846154 0.24519230769230768 0.27403846153846156
18 0.46033653846153844 0.9290865384615384 0.22355769230769232 0.14182692307692307
18 0.6935096153846154 0.9675480769230769 0.2668269230769231 0.06490384615384616
18 0.49399038461538464 0.6081730769230769 0.29086538461538464 0.057692307692307696