3 0.17067307692307693 0.11899038461538461 0.34134615384615385 0.23798076923076922
3 0.5516826923076923 0.11899038461538461 0.18028846153846154 0.23798076923076922
3 0.42908653846153844 0.16466346153846154 0.3485576923076923 0.1466346153846154
17 0.8497596153846154 0.11899038461538461 0.3004807692307692 0.23798076923076922
3 0.11658653846153846 0.8665865384615384 0.23317307692307693 0.2668269230769231
3 0.11177884615384616 0.6189903846153846 0.22355769230769232 0.31971153846153844
3 0.1045673076923077 0.3641826923076923 0.2091346153846154 0.25240384615384615
3 0.31009615384615385 0.9603365384615384 0.2932692307692308 0.07932692307692307
3 0.28353118672243605 0.7790672594753373 0.32736566816201645 0.2927466674783824
3 0.2887202701521284 0.4887964054850184 0.302372133214312 0.3196215056739985
3 0.29086538461538464 0.29447115384615385 0.2980769230769231 0.11298076923076923
3 0.5348557692307693 0.8882211538461539 0.3293269230769231 0.22355769230769232
3 0.5324859087420267 0.6519009938681304 0.32021200901016655 0.31654032228887563
3 0.5432692307692307 0.3798076923076923 0.28365384615384615 0.28365384615384615
17 0.7776442307692307 0.6189903846153846 0.15625 0.7620192307692307
17 0.7728365384615384 0.5576923076923077 0.1466346153846154 0.35096153846153844