10 0.23918269230769232 0.28725961538461536 0.47836538461538464 0.4014423076923077
1 0.59375 0.2439903846153846 0.23076923076923078 0.4879807692307692
18 0.3762019230769231 0.8737980769230769 0.20432692307692307 0.25240384615384615
18 0.359375 0.5600961538461539 0.23798076923076922 0.14423076923076922
18 0.31286913329574256 0.6658541133244598 0.2836697595373364 0.28293431035153066
18 0.22355769230769232 0.8365384615384616 0.3076923076923077 0.3269230769230769
18 0.12259615384615384 0.9555288461538461 0.21634615384615385 0.0889423076923077
18 0.056490384615384616 0.7800480769230769 0.11298076923076923 0.24759615384615385
18 0.1346153846153846 0.5745192307692307 0.23557692307692307 0.17307692307692307
10 0.7824519230769231 0.7247596153846154 0.43509615384615385 0.4735576923076923
10 0.8966346153846154 0.7896634615384616 0.20673076923076922 0.31490384615384615