18 0.24879807692307693 0.04447115384615385 0.21875 0.0889423076923077
18 0.26633477554197316 0.1655726672596911 0.21610017926172057 0.21358135980887602
18 0.1732228018792702 0.08957910969764663 0.1463153046668424 0.13572365271512454
18 0.14783653846153846 0.025240384615384616 0.12259615384615384 0.05048076923076923
18 0.07692307692307693 0.021634615384615384 0.15384615384615385 0.04326923076923077
18 0.10782799838697159 0.20526334324998866 0.15845702681308277 0.18183766047351554
18 0.0747877993146703 0.08146015551726962 0.12298820559901731 0.12851722506322824
18 0.056490384615384616 0.22716346153846154 0.11298076923076923 0.20432692307692307
18 0.021634615384615384 0.09495192307692307 0.04326923076923077 0.18990384615384615
12 0.7596153846153846 0.16466346153846154 0.4807692307692308 0.3293269230769231
12 0.7740384615384616 0.2439903846153846 0.42788461538461536 0.17067307692307693
23 0.08173076923076923 0.5673076923076923 0.16346153846153846 0.40865384615384615
23 0.29787891353966234 0.638868177470777 0.348875416096802 0.35936643878434127
23 0.16466346153846154 0.8449519230769231 0.3293269230769231 0.31009615384615385
23 0.21033653846153846 0.43990384615384615 0.4206730769230769 0.22115384615384615
4 0.7596153846153846 0.6646634615384616 0.4807692307692308 0.6706730769230769