11 0.18990384615384615 0.32091346153846156 0.33653846153846156 0.23798076923076922
11 0.24639423076923078 0.21995192307692307 0.43990384615384615 0.43990384615384615
11 0.38341346153846156 0.21995192307692307 0.4110576923076923 0.43990384615384615
11 0.45552884615384615 0.21995192307692307 0.2668269230769231 0.43990384615384615
14 0.8016826923076923 0.28966346153846156 0.29086538461538464 0.3004807692307692
14 0.9242788461538461 0.11658653846153846 0.15144230769230768 0.23317307692307693
14 0.12379807692307693 0.7752403846153846 0.24759615384615385 0.4495192307692308
14 0.3762019230769231 0.6274038461538461 0.4254807692307692 0.375
14 0.3173076923076923 0.8930288461538461 0.47115384615384615 0.21394230769230768
14 0.5661057692307693 0.6730769230769231 0.04567307692307692 0.21153846153846154
14 0.5336538461538461 0.8521634615384616 0.11057692307692307 0.2956730769230769
21 0.7668269230769231 0.6274038461538461 0.3557692307692308 0.375
21 0.8966346153846154 0.7439903846153846 0.20673076923076922 0.4639423076923077
21 0.8653846153846154 0.5564903846153846 0.2692307692307692 0.23317307692307693
21 0.6899038461538461 0.8774038461538461 0.20192307692307693 0.2403846153846154