7 0.27163461538461536 0.17427884615384615 0.19230769230769232 0.29086538461538464
7 0.28725961538461536 0.15985576923076922 0.16105769230769232 0.31971153846153844
7 0.2704326923076923 0.15985576923076922 0.19471153846153846 0.31971153846153844
24 0.7764423076923077 0.15985576923076922 0.44711538461538464 0.31971153846153844
24 0.8233173076923077 0.04927884615384615 0.35336538461538464 0.0985576923076923
24 0.2824519230769231 0.6983173076923077 0.17067307692307693 0.6033653846153846
7 0.7738372793154459 0.5508928252106218 0.45188192277478184 0.22314052551819769
7 0.9136239706017075 0.6060859713682747 0.17256726580683232 0.12799797167965726
7 0.9771634615384616 0.609375 0.04567307692307692 0.1466346153846154
7 0.6370192307692307 0.4519230769230769 0.40384615384615385 0.2644230769230769
7 0.5072115384615384 0.4098557692307692 0.2403846153846154 0.18028846153846154
7 0.9663461538461539 0.8509615384615384 0.0673076923076923 0.11538461538461539