13 0.23601464688196408 0.2898963065510154 0.29673357001776723 0.4163180104328528
13 0.07091346153846154 0.11899038461538461 0.14182692307692307 0.0985576923076923
13 0.5769230769230769 0.2439903846153846 0.3173076923076923 0.4879807692307692
13 0.2091346153846154 0.7548076923076923 0.4182692307692308 0.49038461538461536
13 0.30649038461538464 0.7067307692307693 0.22355769230769232 0.3942307692307692
14 0.4855769230769231 0.6574519230769231 0.1346153846153846 0.29086538461538464
14 0.6057692307692307 0.6045673076923077 0.1971153846153846 0.18990384615384615
14 0.5651605509974356 0.8250308215441243 0.19221230101042125 0.2602058759054489
14 0.515625 0.96875 0.19471153846153846 0.0625
14 0.7947608198142668 0.7521651347302356 0.28599526213494475 0.3404290061658655
14 0.796875 0.9411057692307693 0.31971153846153844 0.11778846153846154