23 0.46153846153846156 0.12740384615384615 0.15384615384615385 0.2548076923076923
23 0.4026442307692308 0.3401442307692308 0.27163461538461536 0.3293269230769231
23 0.19831730769230768 0.21875 0.39663461538461536 0.4375
23 0.24759615384615385 0.03125 0.3557692307692308 0.0625
23 0.038461538461538464 0.27524038461538464 0.07692307692307693 0.5072115384615384
12 0.7620192307692307 0.16346153846153846 0.25961538461538464 0.3269230769230769
12 0.7091346153846154 0.3870192307692308 0.2403846153846154 0.32211538461538464
12 0.9579326923076923 0.19110576923076922 0.08413461538461539 0.38221153846153844
12 0.8834134615384616 0.4074519230769231 0.23317307692307693 0.28125
18 0.4110576923076923 0.6141826923076923 0.2548076923076923 0.13221153846153846
18 0.34615384615384615 0.8545673076923077 0.27403846153846156 0.29086538461538464
18 0.4579326923076923 0.7175480769230769 0.16105769230769232 0.21875
18 0.4098557692307692 0.9338942307692307 0.25721153846153844 0.13221153846153846
18 0.23063797438528907 0.755261002319801 0.17340637587572025 0.27825826788967206
18 0.20432692307692307 0.9122596153846154 0.1201923076923077 0.17548076923076922
18 0.3106633544978025 0.6616771796560547 0.15608997192527924 0.1926514874938031
23 0.8425480769230769 0.7271634615384616 0.31490384615384615 0.3581730769230769