17 0.23197115384615385 0.21394230769230768 0.4206730769230769 0.42788461538461536
17 0.2063369917522668 0.5575576217599998 0.0726128128115212 0.09941914022364474
17 0.31643746627839964 0.4581513433631464 0.049812150348498216 0.16963315396791118
17 0.7439903846153846 0.25240384615384615 0.5120192307692307 0.5048076923076923
3 0.037259615384615384 0.9170673076923077 0.07451923076923077 0.1658653846153846
3 0.19471153846153846 0.9375 0.2548076923076923 0.125
3 0.40384615384615385 0.8737980769230769 0.16826923076923078 0.25240384615384615
3 0.12860576923076922 0.8028846153846154 0.25721153846153844 0.20673076923076922
3 0.10817307692307693 0.6875 0.21634615384615385 0.11538461538461539
3 0.31850961538461536 0.7103365384615384 0.3389423076923077 0.16105769230769232
3 0.9639423076923077 0.8401442307692307 0.07211538461538461 0.31971153846153844
3 0.8497596153846154 0.859375 0.25721153846153844 0.28125
3 0.8846153846153846 0.7103365384615384 0.23076923076923078 0.16105769230769232
3 0.7103365384615384 0.8870192307692307 0.44471153846153844 0.22596153846153846
3 0.6538461538461539 0.6983173076923077 0.3317307692307692 0.13701923076923078