6 0.21875 0.35336538461538464 0.32211538461538464 0.3701923076923077
6 0.2439903846153846 0.14783653846153846 0.27163461538461536 0.2956730769230769
24 0.8903165249529251 0.14683901965078291 0.16944398486567364 0.21172364356466067
24 0.9579326923076923 0.06490384615384616 0.08413461538461539 0.12980769230769232
24 0.7139423076923077 0.4735576923076923 0.21634615384615385 0.12980769230769232
24 0.8737980769230769 0.4519230769230769 0.1658653846153846 0.17307692307692307
24 0.96875 0.35697115384615385 0.0625 0.16105769230769232
24 0.9651442307692307 0.48677884615384615 0.06971153846153846 0.10336538461538461
6 0.18990384615384615 0.7307692307692307 0.3798076923076923 0.38461538461538464
6 0.6213942307692307 0.6911057692307693 0.3245192307692308 0.30528846153846156
8 0.8245192307692307 0.6081730769230769 0.2644230769230769 0.13942307692307693
4 0.5985576923076923 0.9074519230769231 0.23557692307692307 0.18509615384615385
5 0.9515656537886502 0.7132236834960813 0.07101915165222185 0.22881985013612868
5 0.8930288461538461 0.9495192307692307 0.18028846153846154 0.10096153846153846