2 0.46033653846153844 0.3293269230769231 0.055288461538461536 0.15865384615384615
24 0.18990384615384615 0.3269230769230769 0.15865384615384615 0.16346153846153846
22 0.2403846153846154 0.09375 0.25961538461538464 0.1875
19 0.7439903846153846 0.3004807692307692 0.5120192307692307 0.21634615384615385
19 0.40024038461538464 0.8341346153846154 0.17548076923076922 0.30288461538461536
19 0.3297903000179836 0.7979061257736542 0.24842151804192733 0.3450651889617865
19 0.1691521263834096 0.7482601356642918 0.2973898531826889 0.2973898531826889
19 0.0889423076923077 0.7223557692307693 0.1778846153846154 0.27163461538461536
19 0.7091346153846154 0.6850961538461539 0.4423076923076923 0.23557692307692307
19 0.7007211538461539 0.5144230769230769 0.4254807692307692 0.21153846153846154
19 0.90625 0.47115384615384615 0.1875 0.125