21 0.2980769230769231 0.07692307692307693 0.25961538461538464 0.15384615384615385
21 0.14074320620912756 0.19726012852496502 0.27479018036593944 0.30919070274099114
21 0.35096153846153844 0.15384615384615385 0.15384615384615385 0.3076923076923077
21 0.10817307692307693 0.04326923076923077 0.21634615384615385 0.08653846153846154
2 0.7848557692307693 0.19471153846153846 0.43028846153846156 0.3894230769230769
2 0.31611332640959083 0.5702415177854552 0.21582344310630847 0.23564615925331792
2 0.40024038461538464 0.4723557692307692 0.055288461538461536 0.1658653846153846
11 0.8629807692307693 0.9302884615384616 0.18269230769230768 0.13942307692307693
11 0.9627403846153846 0.9639423076923077 0.07451923076923077 0.0673076923076923
11 0.6950624803983096 0.8488407304211102 0.28502748708444375 0.1212725062021315
11 0.6719779390032854 0.7539184545413631 0.2134730066982099 0.1683384669456256
11 0.7601037314047352 0.5326196863289844 0.19442156344933673 0.10385281733063952