24 0.140625 0.24759615384615385 0.28125 0.4951923076923077
24 0.34134615384615385 0.24519230769230768 0.23557692307692307 0.42788461538461536
24 0.22235576923076922 0.4423076923076923 0.43028846153846156 0.15384615384615385
7 0.6670673076923077 0.27403846153846156 0.37740384615384615 0.49038461538461536
7 0.7956730769230769 0.25961538461538464 0.32211538461538464 0.5192307692307693
7 0.8930288461538461 0.25961538461538464 0.21394230769230768 0.5192307692307693
7 0.5348557692307693 0.4026442307692308 0.15144230769230768 0.23317307692307693
23 0.3870192307692308 0.671875 0.14423076923076922 0.30528846153846156
23 0.36177884615384615 0.9266826923076923 0.19471153846153846 0.1466346153846154
0 0.8031878552806374 0.6607027924961203 0.23644209959152393 0.1827840310498034
0 0.8252685338678807 0.8458324530085742 0.24055214871611652 0.1902477094582536
0 0.6790865384615384 0.9362980769230769 0.19471153846153846 0.12740384615384615
0 0.96875 0.8617788461538461 0.0625 0.2091346153846154
0 0.9735576923076923 0.6382211538461539 0.052884615384615384 0.22355769230769232
0 0.8173076923076923 0.5528846153846154 0.19230769230769232 0.0673076923076923
0 0.9290865384615384 0.5733173076923077 0.14182692307692307 0.10817307692307693
0 0.6971153846153846 0.5841346153846154 0.125 0.12980769230769232
0 0.5528846153846154 0.5757211538461539 0.14903846153846154 0.11298076923076923
0 0.5742594141137939 0.6700583604560679 0.18444849067928454 0.15761945640842434
0 0.6350620077844524 0.8023369122502069 0.1598552092643294 0.18221273782337952
0 0.5144230769230769 0.7692307692307693 0.11057692307692307 0.15384615384615385
0 0.4795673076923077 0.8846153846153846 0.040865384615384616 0.14903846153846154
0 0.5168269230769231 0.9423076923076923 0.11538461538461539 0.11538461538461539