10 0.47475961538461536 0.3629807692307692 0.06971153846153846 0.39903846153846156
10 0.3514360993975086 0.3706797976119475 0.19524766214786246 0.4284362311951618
10 0.18466954498582774 0.40527037322883747 0.16987270158810475 0.37063646016128615
4 0.7548076923076923 0.29927884615384615 0.49038461538461536 0.5985576923076923
23 0.0733173076923077 0.8822115384615384 0.1466346153846154 0.23557692307692307
23 0.08052884615384616 0.7584134615384616 0.16105769230769232 0.31009615384615385
23 0.3088942307692308 0.671875 0.3485576923076923 0.1466346153846154
23 0.26322115384615385 0.8233173076923077 0.37740384615384615 0.35336538461538464
12 0.7548076923076923 0.7127403846153846 0.49038461538461536 0.2283653846153846
12 0.7824519230769231 0.6911057692307693 0.30528846153846156 0.18509615384615385
12 0.7548076923076923 0.7920673076923077 0.49038461538461536 0.3870192307692308