21 0.25 0.12980769230769232 0.33653846153846156 0.25961538461538464
21 0.3443186142561713 0.29420582709113374 0.3382555381764085 0.33403172077028387
21 0.10216346153846154 0.203125 0.20432692307692307 0.35336538461538464
20 0.734375 0.48677884615384615 0.23317307692307693 0.10336538461538461
20 0.6838942307692307 0.4098557692307692 0.13221153846153846 0.24278846153846154
20 0.6959134615384616 0.18990384615384615 0.15625 0.28365384615384615
21 0.37645002790920823 0.8215445550891036 0.25778010176831007 0.2644508231314579
21 0.5492788461538461 0.7475961538461539 0.13701923076923078 0.28846153846153844
21 0.47596153846153844 0.6346153846153846 0.24519230769230768 0.19230769230769232
21 0.17459562793772124 0.7949330210937097 0.2940629216754248 0.3063304070484251
21 0.06129807692307692 0.7680288461538461 0.12259615384615384 0.35336538461538464
14 0.8894230769230769 0.7692307692307693 0.22115384615384615 0.46153846153846156
15 0.8377403846153846 0.9615384615384616 0.07451923076923077 0.07692307692307693