24 0.13701923076923078 0.057692307692307696 0.27403846153846156 0.11538461538461539
24 0.3545673076923077 0.11778846153846154 0.2668269230769231 0.23557692307692307
24 0.4519230769230769 0.32211538461538464 0.1346153846153846 0.2692307692307692
24 0.47596153846153844 0.042067307692307696 0.08653846153846154 0.08413461538461539
24 0.47115384615384615 0.14783653846153846 0.09615384615384616 0.15625
19 0.6298076923076923 0.0985576923076923 0.22115384615384615 0.1971153846153846
13 0.7932692307692307 0.030048076923076924 0.1346153846153846 0.06009615384615385
24 0.4254807692307692 0.8846153846153846 0.1875 0.20192307692307693
24 0.24350940160587267 0.7257171508057682 0.2837330241122838 0.3847616601498976
19 0.8882211538461539 0.6274038461538461 0.22355769230769232 0.21634615384615385
19 0.890625 0.7884615384615384 0.21875 0.4230769230769231