15 0.1466346153846154 0.45072115384615385 0.27884615384615385 0.07451923076923077
15 0.3425480769230769 0.1201923076923077 0.2764423076923077 0.2403846153846154
5 0.7475961538461539 0.4362980769230769 0.3173076923076923 0.10336538461538461
5 0.6454326923076923 0.3605769230769231 0.11298076923076923 0.2548076923076923
5 0.7760404733317393 0.2593984312340929 0.32211704501901023 0.2967563267518493
5 0.9278846153846154 0.4206730769230769 0.14423076923076922 0.1346153846153846
5 0.9423076923076923 0.2247596153846154 0.11538461538461539 0.23798076923076922
5 0.890625 0.08533653846153846 0.21875 0.17067307692307693
8 0.5264423076923077 0.7127403846153846 0.125 0.4495192307692308
8 0.39302884615384615 0.9002403846153846 0.3918269230769231 0.19951923076923078
8 0.33413461538461536 0.6850961538461539 0.3894230769230769 0.3942307692307692
4 0.7944711538461539 0.7439903846153846 0.4110576923076923 0.5120192307692307
4 0.9074519230769231 0.8485576923076923 0.18509615384615385 0.30288461538461536