3 0.10216346153846154 0.35697115384615385 0.20432692307692307 0.4639423076923077
16 0.6955045096827301 0.3971119453877839 0.1651957579689502 0.16046880579845835
16 0.6087414358199337 0.5137407871570276 0.1657132266929358 0.2049399596446122
16 0.6213942307692307 0.5084134615384616 0.35336538461538464 0.4206730769230769
16 0.18990384615384615 0.8245192307692307 0.25961538461538464 0.21153846153846154
16 0.14302884615384615 0.9447115384615384 0.2860576923076923 0.11057692307692307
16 0.4795673076923077 0.9663461538461539 0.23798076923076922 0.0673076923076923
16 0.5347964584047579 0.8750488600833506 0.27156637130929934 0.2195476032155605
16 0.35216346153846156 0.9290865384615384 0.06490384615384616 0.14182692307692307
16 0.3858173076923077 0.8052884615384616 0.13221153846153846 0.17307692307692307
16 0.5504807692307693 0.7596153846153846 0.27403846153846156 0.08173076923076923
16 0.7151442307692307 0.9375 0.28125 0.125
16 0.6954633948244777 0.8165155259348972 0.16874558463496406 0.15591325343767778