2 0.30288461538461536 0.4230769230769231 0.09134615384615384 0.3317307692307692
2 0.03125 0.3942307692307692 0.0625 0.1875
2 0.14629559173482792 0.4291054690802346 0.17566342463153772 0.12304676978552355
2 0.07631916815601623 0.35022715206458305 0.10185661949762188 0.07927298281474375
2 0.1897178224918215 0.5182146222543266 0.17771847182097786 0.1963920525479702
2 0.06490384615384616 0.5588942307692307 0.12980769230769232 0.18028846153846154
11 0.6742788461538461 0.2980769230769231 0.6514423076923077 0.5336538461538461
21 0.07572115384615384 0.7391826923076923 0.15144230769230768 0.18028846153846154
21 0.2439903846153846 0.7259615384615384 0.2091346153846154 0.15384615384615385
14 0.5564903846153846 0.7872596153846154 0.41586538461538464 0.2764423076923077
14 0.8870192307692307 0.6826923076923077 0.20192307692307693 0.0673076923076923
14 0.8270595650737088 0.7907933554503198 0.21274206874601267 0.21162640650507486
14 0.8016826923076923 0.9122596153846154 0.2668269230769231 0.17548076923076922