22 0.37740384615384615 0.20552884615384615 0.4807692307692308 0.4110576923076923
19 0.8088942307692307 0.23918269230769232 0.38221153846153844 0.47836538461538464
19 0.4287483568770651 0.8445212132913456 0.36257771183223586 0.3003703326575836
19 0.09134615384615384 0.8521634615384616 0.18269230769230768 0.2956730769230769
19 0.12740384615384615 0.9122596153846154 0.2548076923076923 0.17548076923076922
19 0.36778846153846156 0.9266826923076923 0.2692307692307692 0.1466346153846154
10 0.8846153846153846 0.9002403846153846 0.23076923076923078 0.18990384615384615
10 0.7007211538461539 0.8221153846153846 0.1658653846153846 0.23557692307692307
10 0.8637868840278357 0.7056870228775025 0.189291004137481 0.2702387690519761
10 0.7086968501811922 0.6984507743910687 0.18132424105174702 0.20483064300430642
10 0.6454326923076923 0.6610576923076923 0.055288461538461536 0.1778846153846154
10 0.7487980769230769 0.5661057692307693 0.2620192307692308 0.14182692307692307
10 0.9615384615384616 0.6790865384615384 0.07692307692307693 0.2091346153846154