11 0.3088942307692308 0.1658653846153846 0.28125 0.3269230769230769
11 0.7451923076923077 0.18269230769230768 0.5096153846153846 0.36538461538461536
11 0.7247596153846154 0.39663461538461536 0.5504807692307693 0.20673076923076922
11 0.07932692307692307 0.8449519230769231 0.15865384615384615 0.31009615384615385
11 0.10576923076923077 0.9242788461538461 0.21153846153846154 0.15144230769230768
11 0.23473757652009722 0.7779355152278933 0.38531190786560454 0.3386432292945884
11 0.31009615384615385 0.8425480769230769 0.27884615384615385 0.31490384615384615
10 0.515625 0.75 0.13221153846153846 0.5
10 0.5673076923076923 0.7463942307692307 0.23557692307692307 0.49278846153846156
10 0.6274038461538461 0.7259615384615384 0.3557692307692308 0.4519230769230769
10 0.7391826923076923 0.6514423076923077 0.33413461538461536 0.30288461538461536