8 0.31971153846153844 0.21394230769230768 0.6394230769230769 0.42788461538461536
13 0.9393226363531374 0.19064137317498078 0.10875260682446598 0.1367490752951281
13 0.6971153846153846 0.026442307692307692 0.10576923076923077 0.052884615384615384
13 0.6526442307692307 0.1310096153846154 0.026442307692307692 0.10817307692307693
13 0.7824519230769231 0.3016826923076923 0.2860576923076923 0.25240384615384615
13 0.9555288461538461 0.3870192307692308 0.08413461538461539 0.08173076923076923
8 0.38822115384615385 0.8016826923076923 0.5024038461538461 0.39663461538461536
8 0.9038461538461539 0.7512019230769231 0.19230769230769232 0.49759615384615385
8 0.7536057692307693 0.8954326923076923 0.2283653846153846 0.2091346153846154
8 0.7379807692307693 0.6983173076923077 0.1971153846153846 0.4254807692307692
8 0.8197115384615384 0.4987980769230769 0.3605769230769231 0.14182692307692307