12 0.4254807692307692 0.08653846153846154 0.0673076923076923 0.16346153846153846
12 0.4338942307692308 0.21875 0.05048076923076923 0.22596153846153846
12 0.16706730769230768 0.0625 0.3004807692307692 0.125
12 0.1640541261071549 0.1547865803683203 0.260659308073337 0.16917615062509703
12 0.13553722720833286 0.24925949354275517 0.2568855974415542 0.16531824144741605
12 0.22956730769230768 0.3605769230769231 0.45913461538461536 0.09615384615384616
18 0.6838942307692307 0.20432692307692307 0.4495192307692308 0.40865384615384615
12 0.296875 0.8365384615384616 0.3245192307692308 0.3269230769230769
12 0.3701923076923077 0.7632211538461539 0.1778846153846154 0.4735576923076923
12 0.140625 0.640625 0.28125 0.4639423076923077
23 0.84375 0.5697115384615384 0.3125 0.32211538461538464
23 0.9050480769230769 0.8052884615384616 0.18990384615384615 0.25961538461538464