2 0.28846153846153844 0.17067307692307693 0.5769230769230769 0.34134615384615385
2 0.21875 0.052884615384615384 0.4375 0.10576923076923077
11 0.7475961538461539 0.10096153846153846 0.18269230769230768 0.20192307692307693
11 0.9375 0.2247596153846154 0.125 0.4495192307692308
11 0.7800480769230769 0.296875 0.2956730769230769 0.30528846153846156
11 0.19591346153846154 0.5408653846153846 0.18990384615384615 0.18269230769230768
11 0.49759615384615385 0.8677884615384616 0.18269230769230768 0.2644230769230769
11 0.3485576923076923 0.8798076923076923 0.1875 0.2403846153846154
11 0.1935096153846154 0.8774038461538461 0.18990384615384615 0.24519230769230768
11 0.07211538461538461 0.8653846153846154 0.14423076923076922 0.2692307692307692
11 0.8088942307692307 0.6694711538461539 0.38221153846153844 0.43990384615384615