12 0.140625 0.07572115384615384 0.28125 0.15144230769230768
12 0.36177884615384615 0.22235576923076922 0.43509615384615385 0.17067307692307693
12 0.40384615384615385 0.125 0.35096153846153844 0.25
12 0.625 0.14783653846153846 0.09134615384615384 0.2956730769230769
18 0.4098557692307692 0.49038461538461536 0.3389423076923077 0.27884615384615385
18 0.3076923076923077 0.7367788461538461 0.5432692307692307 0.36778846153846156
18 0.14182692307692307 0.5504807692307693 0.28365384615384615 0.25961538461538464
18 0.11778846153846154 0.44591346153846156 0.23557692307692307 0.2764423076923077
18 0.3942307692307692 0.3954326923076923 0.3701923076923077 0.17548076923076922
18 0.28966346153846156 0.9230769230769231 0.5793269230769231 0.15384615384615385
12 0.7632211538461539 0.6682692307692307 0.36778846153846156 0.6634615384615384