24 0.4483173076923077 0.49399038461538464 0.19951923076923078 0.12740384615384615
24 0.15144230769230768 0.5060096153846154 0.24519230769230768 0.10336538461538461
24 0.2075021997086071 0.28203732172008567 0.2510610809002903 0.2676142447970087
24 0.4543269230769231 0.23197115384615385 0.1875 0.19951923076923078
24 0.4963942307692308 0.03125 0.10336538461538461 0.0625
24 0.31971153846153844 0.037259615384615384 0.21153846153846154 0.07451923076923077
24 0.11658653846153846 0.06971153846153846 0.20432692307692307 0.13942307692307693
24 0.04326923076923077 0.3125 0.08653846153846154 0.22596153846153846
24 0.008413461538461538 0.49158653846153844 0.016826923076923076 0.13221153846153846
19 0.7740384615384616 0.30288461538461536 0.4519230769230769 0.5096153846153846
19 0.23076923076923078 0.8798076923076923 0.46153846153846156 0.2403846153846154
19 0.7788461538461539 0.7776442307692307 0.4423076923076923 0.43990384615384615