17 0.4362980769230769 0.21995192307692307 0.22355769230769232 0.43990384615384615
24 0.6875 0.21995192307692307 0.27884615384615385 0.43990384615384615
7 0.4228096021781431 0.7691809424425688 0.167592552840512 0.307504136808928
7 0.5300480769230769 0.828125 0.036057692307692304 0.14182692307692307
7 0.3268523497288535 0.5350351682284111 0.1595279191422709 0.16040738504131566
7 0.45072115384615385 0.49759615384615385 0.12259615384615384 0.11538461538461539
7 0.11270026451932388 0.5848029065650104 0.10940377169077906 0.21847050728341452
7 0.18269230769230768 0.9230769230769231 0.24519230769230768 0.15384615384615385
25 0.8882211538461539 0.9519230769230769 0.22355769230769232 0.09615384615384616
25 0.8798076923076923 0.8918269230769231 0.2403846153846154 0.12980769230769232
25 0.8930288461538461 0.8197115384615384 0.21394230769230768 0.16346153846153846