16 0.12740384615384615 0.18629807692307693 0.2548076923076923 0.31009615384615385
16 0.2980769230769231 0.38822115384615385 0.20673076923076922 0.18028846153846154
16 0.3231316064717654 0.24590559036923024 0.20535961985075973 0.20536501548920955
16 0.43028846153846156 0.38221153846153844 0.1778846153846154 0.19230769230769232
16 0.7596153846153846 0.23918269230769232 0.4807692307692308 0.47836538461538464
16 0.25961538461538464 0.8149038461538461 0.5192307692307693 0.3701923076923077
15 0.9038461538461539 0.5841346153846154 0.19230769230769232 0.21153846153846154
15 0.8215064016276608 0.7184911897954057 0.1884591389037527 0.32628367006607917
15 0.8772808635313945 0.8579132617794334 0.1891493379618209 0.2674453894371262
15 0.9314903846153846 0.7163461538461539 0.13701923076923078 0.20673076923076922
15 0.9134615384615384 0.8389423076923077 0.17307692307692307 0.32211538461538464