17 0.5168269230769231 0.038461538461538464 0.08173076923076923 0.07692307692307693
17 0.21033653846153846 0.12740384615384615 0.37740384615384615 0.2548076923076923
17 0.4387019230769231 0.3389423076923077 0.23798076923076922 0.1778846153846154
17 0.4795673076923077 0.24519230769230768 0.15625 0.36538461538461536
14 0.9002403846153846 0.27283653846153844 0.19951923076923078 0.2956730769230769
14 0.90625 0.3581730769230769 0.1875 0.13942307692307693
14 0.8401442307692307 0.10216346153846154 0.31971153846153844 0.20432692307692307
14 0.6899038461538461 0.25240384615384615 0.2644230769230769 0.35096153846153844
3 0.1502403846153846 0.953125 0.3004807692307692 0.09375
3 0.22235576923076922 0.6334134615384616 0.44471153846153844 0.4110576923076923
22 0.7788461538461539 0.7139423076923077 0.4423076923076923 0.5721153846153846