3 0.2347204307031499 0.27357816485166314 0.28329274567887947 0.29842902305629554
3 0.2608173076923077 0.06129807692307692 0.2956730769230769 0.12259615384615384
3 0.055288461538461536 0.31490384615384615 0.11057692307692307 0.28846153846153844
3 0.7199519230769231 0.13701923076923078 0.38221153846153844 0.27403846153846156
3 0.8293269230769231 0.3545673076923077 0.34134615384615385 0.29086538461538464
3 0.6634615384615384 0.4495192307692308 0.2692307692307692 0.10096153846153846
17 0.22235576923076922 0.7235576923076923 0.44471153846153844 0.44711538461538464
14 0.9206730769230769 0.5180288461538461 0.15865384615384615 0.036057692307692304
14 0.8918269230769231 0.5336538461538461 0.10096153846153846 0.0673076923076923
14 0.9110576923076923 0.6286057692307693 0.1778846153846154 0.25721153846153844
14 0.8100961538461539 0.9555288461538461 0.10576923076923077 0.0889423076923077
14 0.9038461538461539 0.8485576923076923 0.19230769230769232 0.30288461538461536