16 0.29086538461538464 0.4182692307692308 0.4375 0.25961538461538464
16 0.42908653846153844 0.14302884615384615 0.16105769230769232 0.21394230769230768
16 0.4651442307692308 0.3473557692307692 0.0889423076923077 0.24278846153846154
16 0.19110576923076922 0.2692307692307692 0.38221153846153844 0.3076923076923077
16 0.18389423076923078 0.11298076923076923 0.36778846153846156 0.16826923076923078
15 0.7319711538461539 0.3894230769230769 0.44471153846153844 0.3173076923076923
15 0.9507211538461539 0.3786057692307692 0.07451923076923077 0.3389423076923077
15 0.8822115384615384 0.13581730769230768 0.21153846153846154 0.27163461538461536
15 0.8617788461538461 0.12379807692307693 0.20432692307692307 0.24759615384615385
15 0.20432692307692307 0.7740384615384616 0.40865384615384615 0.4519230769230769
3 0.71875 0.6069711538461539 0.4182692307692308 0.11778846153846154
3 0.6213942307692307 0.7271634615384616 0.22355769230769232 0.3581730769230769