4 0.2247596153846154 0.19471153846153846 0.4495192307692308 0.3894230769230769
1 0.7055288461538461 0.2668269230769231 0.2283653846153846 0.24519230769230768
1 0.7764423076923077 0.09975961538461539 0.44711538461538464 0.19951923076923078
4 0.28846153846153844 0.7043269230769231 0.32211538461538464 0.5480769230769231
1 0.5168269230769231 0.7536057692307693 0.1346153846153846 0.49278846153846156
1 0.641235315820423 0.8520212552749988 0.04592481846447537 0.02563049184373211
1 0.6873139763379754 0.8211613625033464 0.027965900516573054 0.030062787573433034
1 0.8115036512143388 0.7983384446465797 0.03171152615923052 0.042397482273646696
1 0.697923183543079 0.6331955219320501 0.030621488211817923 0.0519077122453703
1 0.5279913456030088 0.5545616394552697 0.02315820820888102 0.02964216899878913
1 0.5579694943201416 0.5632001209314093 0.030453660517552203 0.037484635322293375
1 0.5632098994393728 0.6298316633804834 0.03575085026685279 0.07997256158924497
1 0.6064791302086036 0.6336172305522781 0.02345190667384582 0.05488255361417375
1 0.47716346153846156 0.6394230769230769 0.055288461538461536 0.07692307692307693
1 0.47678248096510767 0.7161156836805547 0.02691781949272709 0.04317878677592587
1 0.5225115004529398 0.7153038678319791 0.0331092482127968 0.059329559994230646