19 0.33413461538461536 0.2091346153846154 0.40865384615384615 0.4182692307692308
19 0.6382211538461539 0.2980769230769231 0.19951923076923078 0.2403846153846154
19 0.8653846153846154 0.25600961538461536 0.2692307692307692 0.3245192307692308
19 0.6931799441772438 0.1785406035029253 0.1443446793894232 0.11643355452098324
19 0.5709134615384616 0.17668269230769232 0.06490384615384616 0.1466346153846154
24 0.45913461538461536 0.9254807692307693 0.15865384615384615 0.14903846153846154
24 0.45913461538461536 0.7848557692307693 0.15865384615384615 0.17067307692307693
24 0.4519230769230769 0.6237980769230769 0.17307692307692307 0.17067307692307693
24 0.44471153846153844 0.4879807692307692 0.15384615384615385 0.13942307692307693
24 0.40625 0.44350961538461536 0.15865384615384615 0.05048076923076923
24 0.10027522591570566 0.8331342149052582 0.1367984450252672 0.15320314157351936
21 0.7151442307692307 0.8052884615384616 0.35336538461538464 0.3894230769230769
21 0.8665865384615384 0.7175480769230769 0.2668269230769231 0.38221153846153844