21 0.3016826923076923 0.3112980769230769 0.33413461538461536 0.33413461538461536
21 0.0889423076923077 0.3425480769230769 0.1778846153846154 0.27163461538461536
21 0.41466346153846156 0.08774038461538461 0.17067307692307693 0.17548076923076922
21 0.18990384615384615 0.052884615384615384 0.3798076923076923 0.10576923076923077
14 0.75 0.1045673076923077 0.5 0.2091346153846154
14 0.75 0.3713942307692308 0.5 0.21394230769230768
11 0.28365384615384615 0.8185096153846154 0.4326923076923077 0.28125
11 0.3112980769230769 0.9206730769230769 0.3581730769230769 0.15865384615384615
11 0.3389423076923077 0.6478365384615384 0.32211538461538464 0.28125
14 0.7259615384615384 0.6021634615384616 0.44711538461538464 0.24759615384615385
14 0.6574519230769231 0.8076923076923077 0.31490384615384615 0.30288461538461536
14 0.859375 0.8353365384615384 0.21394230769230768 0.3293269230769231