24 0.1814903846153846 0.17067307692307693 0.3629807692307692 0.34134615384615385
24 0.42788461538461536 0.2247596153846154 0.30288461538461536 0.3004807692307692
24 0.20552884615384615 0.31009615384615385 0.4110576923076923 0.14903846153846154
23 0.6971153846153846 0.23317307692307693 0.23557692307692307 0.3701923076923077
7 0.13221153846153846 0.9411057692307693 0.2644230769230769 0.11778846153846154
7 0.07451923076923077 0.7019230769230769 0.14903846153846154 0.5673076923076923
24 0.9699519230769231 0.875 0.06009615384615385 0.25
24 0.8725552777916139 0.7975727878340602 0.2375381928037929 0.24323176385955053
24 0.7458757686442313 0.6716138074403024 0.24128383738525658 0.2493043181802052
24 0.9495192307692307 0.47115384615384615 0.10096153846153846 0.10576923076923077
24 0.8413461538461539 0.46033653846153844 0.13942307692307693 0.08413461538461539