10 0.056490384615384616 0.19110576923076922 0.11298076923076923 0.29086538461538464
10 0.09975961538461539 0.030048076923076924 0.19951923076923078 0.06009615384615385
10 0.16706730769230768 0.4266826923076923 0.2668269230769231 0.18509615384615385
10 0.21769555819505076 0.1339918935599355 0.2543908291695782 0.18853909735133564
10 0.21634615384615385 0.03485576923076923 0.19230769230769232 0.06971153846153846
10 0.34615384615384615 0.07211538461538461 0.125 0.14423076923076922
10 0.25203900287651443 0.30019197407793763 0.1960420691793542 0.21841831891453012
21 0.6983173076923077 0.18389423076923078 0.16105769230769232 0.2620192307692308
21 0.7415865384615384 0.016826923076923076 0.08413461538461539 0.03365384615384615
10 0.3798076923076923 0.5913461538461539 0.4519230769230769 0.14423076923076922
10 0.43149038461538464 0.7596153846153846 0.37259615384615385 0.4807692307692308
21 0.8088942307692307 0.8894230769230769 0.38221153846153844 0.22115384615384615
21 0.7127403846153846 0.7524038461538461 0.18990384615384615 0.34134615384615385