11 0.2644230769230769 0.10576923076923077 0.2692307692307692 0.21153846153846154
11 0.32245263135323843 0.27163461538461536 0.09574208505845896 0.13581730769230768
11 0.23932414669613913 0.23798076923076922 0.11392476805826791 0.1622596153846154
11 0.17639060649388044 0.16346153846153846 0.16297985152707734 0.12379807692307693
11 0.052884615384615384 0.18269230769230768 0.10576923076923077 0.34134615384615385
11 0.5444711538461539 0.3329326923076923 0.23317307692307693 0.21394230769230768
11 0.6286057692307693 0.052884615384615384 0.21875 0.10576923076923077
11 0.90625 0.18629807692307693 0.1875 0.24759615384615385
24 0.7036790168389834 0.18870192307692307 0.28032158905061483 0.2536057692307692
0 0.203125 0.6129807692307693 0.3918269230769231 0.20673076923076922
0 0.12860576923076922 0.8665865384615384 0.25721153846153844 0.2668269230769231
0 0.2920673076923077 0.8257211538461539 0.21394230769230768 0.31971153846153844
11 0.47716346153846156 0.6622596153846154 0.15625 0.2283653846153846
11 0.4951923076923077 0.9627403846153846 0.19230769230769232 0.07451923076923077
11 0.5913461538461539 0.8822115384615384 0.27884615384615385 0.23557692307692307
11 0.6189903846153846 0.4855769230769231 0.21875 0.09134615384615384
11 0.8509615384615384 0.5360576923076923 0.22115384615384615 0.19230769230769232
11 0.8605769230769231 0.8581730769230769 0.22596153846153846 0.28365384615384615