8 0.2283653846153846 0.43509615384615385 0.3894230769230769 0.10576923076923077
8 0.06490384615384616 0.2692307692307692 0.12980769230769232 0.4375
8 0.28793604176319465 0.1990969184570299 0.33838783098477576 0.24794096765065113
8 0.17908653846153846 0.04807692307692308 0.3293269230769231 0.09615384615384616
8 0.7103365384615384 0.203125 0.5024038461538461 0.40625
5 0.11658653846153846 0.6430288461538461 0.19951923076923078 0.31009615384615385
5 0.34615384615384615 0.5072115384615384 0.17307692307692307 0.038461538461538464
5 0.39663461538461536 0.6033653846153846 0.125 0.15384615384615385
15 0.9350961538461539 0.7956730769230769 0.12980769230769232 0.08653846153846154
15 0.9699519230769231 0.7512019230769231 0.06009615384615385 0.07932692307692307
15 0.9747596153846154 0.6634615384615384 0.05048076923076923 0.09615384615384616
15 0.9591346153846154 0.5625 0.08173076923076923 0.10096153846153846
15 0.7358677281078531 0.6009554568007996 0.1438711130751604 0.19678682427580726
15 0.8854656910490923 0.6189210663945653 0.12248726838274575 0.15508887124864976