11 0.3449519230769231 0.36658653846153844 0.06971153846153846 0.3245192307692308
11 0.22355769230769232 0.4254807692307692 0.27403846153846156 0.20673076923076922
11 0.09495192307692307 0.34134615384615385 0.18990384615384615 0.375
11 0.17548076923076922 0.140625 0.22115384615384615 0.28125
11 0.27884615384615385 0.06129807692307692 0.20192307692307693 0.12259615384615384
11 0.3173076923076923 0.23076923076923078 0.125 0.375
11 0.051682692307692304 0.20552884615384615 0.10336538461538461 0.4110576923076923
11 0.6899038461538461 0.23076923076923078 0.6201923076923077 0.22115384615384615
11 0.4891826923076923 0.07692307692307693 0.21875 0.15384615384615385
6 0.19471153846153846 0.7644230769230769 0.3701923076923077 0.47115384615384615
21 0.6670673076923077 0.7752403846153846 0.5745192307692307 0.4495192307692308