17 0.2608173076923077 0.38341346153846156 0.5216346153846154 0.4110576923076923
3 0.9098557692307693 0.33774038461538464 0.18028846153846154 0.5024038461538461
3 0.7596153846153846 0.3605769230769231 0.28365384615384615 0.4567307692307692
3 0.8233173076923077 0.10576923076923077 0.35336538461538464 0.21153846153846154
3 0.6995192307692307 0.3894230769230769 0.30288461538461536 0.39903846153846156
22 0.27403846153846156 0.7944711538461539 0.5480769230769231 0.4110576923076923
22 0.45913461538461536 0.7944711538461539 0.1778846153846154 0.4110576923076923
17 0.9086538461538461 0.8605769230769231 0.18269230769230768 0.27884615384615385
17 0.8545673076923077 0.6334134615384616 0.08413461538461539 0.0889423076923077
17 0.9663461538461539 0.6045673076923077 0.057692307692307696 0.03125
17 0.9795673076923077 0.859375 0.040865384615384616 0.10336538461538461