3 0.18972527631518027 0.3434361350793165 0.25446214910396514 0.2886231692465579
3 0.3401442307692308 0.4110576923076923 0.11778846153846154 0.2548076923076923
3 0.3112980769230769 0.21875 0.17548076923076922 0.1875
16 0.8064903846153846 0.3605769230769231 0.3870192307692308 0.2980769230769231
16 0.7836538461538461 0.12139423076923077 0.40384615384615385 0.24278846153846154
16 0.9290865384615384 0.40625 0.14182692307692307 0.2644230769230769
16 0.8942307692307693 0.171875 0.21153846153846154 0.28125
15 0.3016826923076923 0.8918269230769231 0.19471153846153846 0.21634615384615385
15 0.30649038461538464 0.6983173076923077 0.18509615384615385 0.25240384615384615
14 0.8822115384615384 0.7536057692307693 0.23557692307692307 0.43028846153846156
14 0.8341346153846154 0.734375 0.3317307692307692 0.3918269230769231
14 0.6310096153846154 0.7403846153846154 0.4254807692307692 0.40384615384615385