15 0.27524038461538464 0.04326923076923077 0.14182692307692307 0.08653846153846154
15 0.05048076923076923 0.4230769230769231 0.10096153846153846 0.21153846153846154
15 0.2644230769230769 0.4050480769230769 0.20673076923076922 0.24759615384615385
15 0.3139305931614684 0.31492322119526944 0.12614171390969794 0.2038382435585548
15 0.41586538461538464 0.16346153846153846 0.125 0.23557692307692307
15 0.4543269230769231 0.3233173076923077 0.04807692307692308 0.15144230769230768
15 0.7668269230769231 0.2644230769230769 0.46634615384615385 0.5288461538461539
15 0.6370192307692307 0.1346153846153846 0.2980769230769231 0.2692307692307692
15 0.6418269230769231 0.04326923076923077 0.2980769230769231 0.08653846153846154
17 0.41225961538461536 0.5600961538461539 0.13221153846153846 0.0625
17 0.328125 0.7091346153846154 0.3004807692307692 0.16346153846153846
17 0.3215948707596364 0.8350342546432216 0.0986984665329398 0.07748947621957623
17 0.41871986389159505 0.847689009192876 0.06700789398066508 0.052067284422599266
17 0.14622172952441345 0.6233357650300392 0.13152802322609836 0.0993128913696913
17 0.1958991889398415 0.6002125306282975 0.07099129682766978 0.07372287755893676
17 0.31971153846153844 0.5552884615384616 0.1201923076923077 0.052884615384615384
17 0.3293546097689959 0.59703250766073 0.10746858204229043 0.09797111661462037
16 0.8990384615384616 0.9050480769230769 0.20192307692307693 0.18990384615384615
16 0.8430643787502946 0.744114648415419 0.29458151161051427 0.42114238140002197
16 0.9375 0.6899038461538461 0.125 0.3076923076923077