8 0.44350961538461536 0.33533653846153844 0.06971153846153846 0.19471153846153846
8 0.3545673076923077 0.3737980769230769 0.21394230769230768 0.2091346153846154
7 0.4326923076923077 0.453125 0.09134615384615384 0.05048076923076923
7 0.4074519230769231 0.21394230769230768 0.14182692307692307 0.14423076923076922
7 0.26489064683619173 0.3909871135085175 0.12146736853648726 0.13534358891033177
15 0.5877403846153846 0.03245192307692308 0.21875 0.06490384615384616
15 0.7542451841306466 0.21571887050002658 0.08612103869943127 0.1287255638106702
15 0.6646634615384616 0.42908653846153844 0.07932692307692307 0.0985576923076923
15 0.5264423076923077 0.12379807692307693 0.09615384615384616 0.11778846153846154
15 0.5192307692307693 0.33413461538461536 0.08173076923076923 0.125
15 0.03245192307692308 0.8641826923076923 0.06490384615384616 0.12740384615384615
15 0.27524038461538464 0.5288461538461539 0.31490384615384615 0.10096153846153846
15 0.11227039859054735 0.6348096609611307 0.07819813776725636 0.13458832167786083
15 0.27524038461538464 0.9483173076923077 0.15144230769230768 0.10336538461538461
15 0.2704095032484375 0.7471008316642825 0.10996327599537828 0.12674131056375243
5 0.6574519230769231 0.5685096153846154 0.3581730769230769 0.18028846153846154
5 0.6418269230769231 0.796875 0.3269230769230769 0.40625