16 0.22956730769230768 0.20432692307692307 0.45913461538461536 0.40865384615384615
16 0.6730769230769231 0.27884615384615385 0.42788461538461536 0.25961538461538464
16 0.6009615384615384 0.14543269230769232 0.28365384615384615 0.29086538461538464
16 0.8197115384615384 0.17548076923076922 0.3605769230769231 0.35096153846153844
3 0.22956730769230768 0.7043269230769231 0.45913461538461536 0.5913461538461539
16 0.5540865384615384 0.7163461538461539 0.18990384615384615 0.1778846153846154
16 0.73214860375194 0.5599906318648729 0.20984873191764522 0.09969940621739032
16 0.8882211538461539 0.6995192307692307 0.22355769230769232 0.28846153846153844
16 0.5528846153846154 0.9134615384615384 0.1875 0.17307692307692307
16 0.6955372115006336 0.8770465684284081 0.23588727971503032 0.1973908497737022
16 0.8569711538461539 0.9038461538461539 0.2091346153846154 0.19230769230769232
16 0.7151442307692307 0.9603365384615384 0.19471153846153846 0.07932692307692307