13 0.2692307692307692 0.25961538461538464 0.3605769230769231 0.5192307692307693
14 0.8665865384615384 0.4675480769230769 0.19951923076923078 0.10336538461538461
14 0.7379807692307693 0.41466346153846156 0.21634615384615385 0.2091346153846154
14 0.7032271998982206 0.216571470407336 0.2121344647897807 0.23539083603761954
14 0.8831630014908696 0.32147172265637214 0.18373381417981485 0.22409099650234438
14 0.9350961538461539 0.2848557692307692 0.12980769230769232 0.23317307692307693
14 0.9230769230769231 0.11298076923076923 0.15384615384615385 0.21153846153846154
14 0.8088942307692307 0.08774038461538461 0.17548076923076922 0.17548076923076922
13 0.2247596153846154 0.7596153846153846 0.4495192307692308 0.4807692307692308
13 0.6802884615384616 0.6935096153846154 0.46153846153846156 0.3485576923076923
13 0.5396634615384616 0.9723557692307693 0.18028846153846154 0.055288461538461536