9 0.2099528270721545 0.30993651678340556 0.358292996961695 0.20106276894109626
9 0.34375 0.0829326923076923 0.1346153846153846 0.1658653846153846
9 0.21033653846153846 0.0829326923076923 0.11778846153846154 0.1658653846153846
3 0.6826923076923077 0.09975961538461539 0.44711538461538464 0.19951923076923078
3 0.5084134615384616 0.18990384615384615 0.11778846153846154 0.3605769230769231
3 0.8557692307692307 0.24639423076923078 0.28846153846153844 0.3629807692307692
3 0.7247596153846154 0.29927884615384615 0.5504807692307693 0.25721153846153844
23 0.30288461538461536 0.6237980769230769 0.2932692307692308 0.3918269230769231
23 0.3016826923076923 0.9459134615384616 0.2956730769230769 0.10817307692307693
23 0.12379807692307693 0.9387019230769231 0.24759615384615385 0.12259615384615384
23 0.09014423076923077 0.7415865384615384 0.18028846153846154 0.3870192307692308
23 0.22504235276997042 0.8055946650470094 0.3403840708464671 0.3692121344163099
9 0.6706730769230769 0.7139423076923077 0.23076923076923078 0.5721153846153846
9 0.6754807692307693 0.49759615384615385 0.4519230769230769 0.13942307692307693
9 0.7247596153846154 0.6634615384615384 0.5504807692307693 0.47115384615384615
9 0.6117788461538461 0.8341346153846154 0.29086538461538464 0.3317307692307692