12 0.2692307692307692 0.28966346153846156 0.5384615384615384 0.39663461538461536
4 0.8677884615384616 0.24158653846153846 0.2644230769230769 0.4831730769230769
17 0.42908653846153844 0.5697115384615384 0.21875 0.16346153846153846
17 0.3470047891842766 0.6581424495179374 0.21631208721341366 0.15147525439216805
17 0.31685619226229894 0.7643066435406859 0.15224047087430803 0.10752541375620749
17 0.24564884743566034 0.8589893933543272 0.1657220013423388 0.16348624848643348
17 0.18990384615384615 0.9435096153846154 0.1875 0.11298076923076923
17 0.29927884615384615 0.7439903846153846 0.47836538461538464 0.5120192307692307
23 0.8774038461538461 0.7331730769230769 0.24519230769230768 0.49038461538461536
23 0.7692307692307693 0.8533653846153846 0.46153846153846156 0.2932692307692308
23 0.7608173076923077 0.6478365384615384 0.44471153846153844 0.31971153846153844
23 0.5709134615384616 0.7439903846153846 0.06490384615384616 0.5120192307692307