14 0.3088942307692308 0.328125 0.6177884615384616 0.65625
24 0.9399038461538461 0.5877403846153846 0.1201923076923077 0.16105769230769232
24 0.6382211538461539 0.4423076923076923 0.040865384615384616 0.16826923076923078
24 0.7649208000412551 0.46941912726681695 0.16426793831850398 0.1571011968127756
24 0.9266826923076923 0.45913461538461536 0.1466346153846154 0.14903846153846154
24 0.7758638977237986 0.38142678217411 0.1246215100964124 0.08676486796757334
24 0.8949971056457892 0.3560229812489441 0.09513648972479444 0.11036750948036296
24 0.9771634615384616 0.2848557692307692 0.04567307692307692 0.10817307692307693
24 0.8404309973153226 0.21158790923125687 0.1555688301668305 0.11832470775458422
24 0.9200941069881279 0.2026228690477464 0.08615997163487393 0.08474918414899492
24 0.9723557692307693 0.140625 0.055288461538461536 0.12740384615384615
24 0.8204855515850835 0.13718954789104518 0.13946482026434218 0.09353036478415569
24 0.9019976875352413 0.10178220001522702 0.09091712395989596 0.11852901054150224
24 0.96875 0.057692307692307696 0.0625 0.07692307692307693
24 0.90625 0.038461538461538464 0.14903846153846154 0.07692307692307693
24 0.5252403846153846 0.796875 0.18509615384615385 0.24759615384615385
24 0.5072115384615384 0.9423076923076923 0.22115384615384615 0.11538461538461539
24 0.3449519230769231 0.8942307692307693 0.2860576923076923 0.21153846153846154
24 0.34975961538461536 0.7463942307692307 0.24278846153846154 0.15625
24 0.16346153846153846 0.9591346153846154 0.2403846153846154 0.08173076923076923
24 0.12379807692307693 0.8846153846153846 0.24759615384615385 0.23076923076923078
24 0.078125 0.7992788461538461 0.15625 0.2620192307692308
24 0.7896634615384616 0.8822115384615384 0.34375 0.23557692307692307
24 0.7055288461538461 0.8930288461538461 0.17548076923076922 0.21394230769230768