23 0.09134615384615384 0.1814903846153846 0.18269230769230768 0.3629807692307692
23 0.3329326923076923 0.1814903846153846 0.33413461538461536 0.3629807692307692
23 0.07692307692307693 0.4014423076923077 0.15384615384615385 0.17307692307692307
23 0.29927884615384615 0.3954326923076923 0.31490384615384615 0.18509615384615385
25 0.7824519230769231 0.2439903846153846 0.2283653846153846 0.4879807692307692
25 0.31009615384615385 0.8569711538461539 0.6201923076923077 0.2860576923076923
25 0.8533653846153846 0.5432692307692307 0.27884615384615385 0.11057692307692307
25 0.7307692307692307 0.6225961538461539 0.125 0.2692307692307692
25 0.7439903846153846 0.8713942307692307 0.15144230769230768 0.25721153846153844
25 0.8798076923076923 0.9362980769230769 0.23076923076923078 0.12740384615384615
25 0.9579326923076923 0.8521634615384616 0.08413461538461539 0.2956730769230769
25 0.8674335372146807 0.7317437236004534 0.2626603005664027 0.3471599435108246