16 0.24879807692307693 0.13581730769230768 0.18028846153846154 0.27163461538461536
14 0.4326923076923077 0.09735576923076923 0.1875 0.16105769230769232
14 0.6238354439080621 0.11166055332056966 0.19320973563174676 0.16288401491623278
14 0.49158653846153844 0.03365384615384615 0.30528846153846156 0.0673076923076923
14 0.7007211538461539 0.030048076923076924 0.16105769230769232 0.06009615384615385
14 0.8413461538461539 0.0829326923076923 0.24519230769230768 0.1658653846153846
16 0.30528846153846156 0.5600961538461539 0.0673076923076923 0.22596153846153846
3 0.2091346153846154 0.9375 0.0625 0.125
17 0.6165865384615384 0.4807692307692308 0.4014423076923077 0.2644230769230769
17 0.3762019230769231 0.6274038461538461 0.07451923076923077 0.1201923076923077
17 0.41876111570819685 0.7054696997372079 0.07861448087351786 0.08731796519433498
17 0.47926983200488726 0.7739344306528082 0.09178668663231995 0.07944322439290293
17 0.5233773714878563 0.7096223699918909 0.0702219970867785 0.09058091213790384
17 0.4557060648169794 0.6498649482894954 0.08934787755893676 0.07333565978337311
17 0.6723598923550588 0.6939341334318105 0.13049296553061723 0.12307771968384174
17 0.8578756012356565 0.7585074277287825 0.08087148276530862 0.06217552980386479
17 0.921875 0.5456730769230769 0.15625 0.3942307692307692
17 0.36899038461538464 0.42908653846153844 0.06009615384615385 0.16105769230769232