14 0.5904045590841034 0.21754807692307693 0.37375073154602406 0.4050480769230769
14 0.25880664894757466 0.2403846153846154 0.18867475409644285 0.20192307692307693
14 0.042067307692307696 0.2668269230769231 0.08413461538461539 0.20192307692307693
14 0.8942307692307693 0.17668269230769232 0.21153846153846154 0.35336538461538464
14 0.9134615384615384 0.28125 0.17307692307692307 0.3557692307692308
14 0.9230769230769231 0.5 0.15384615384615385 0.2932692307692308
14 0.8834134615384616 0.5048076923076923 0.18990384615384615 0.3701923076923077
17 0.4816510976967123 0.8990384615384616 0.1196197171670504 0.10817307692307693
17 0.5999072610018202 0.7728365384615384 0.1147420990202843 0.09615384615384616
17 0.5300480769230769 0.9891826923076923 0.05048076923076923 0.021634615384615384
17 0.6959134615384616 0.9735576923076923 0.1466346153846154 0.052884615384615384
17 0.22716346153846154 0.9194711538461539 0.3485576923076923 0.16105769230769232
17 0.5012019230769231 0.7932692307692307 0.3245192307692308 0.20673076923076922
14 0.8725961538461539 0.8737980769230769 0.16826923076923078 0.24759615384615385