11 0.25600961538461536 0.4074519230769231 0.21394230769230768 0.3629807692307692
11 0.16947115384615385 0.5396634615384616 0.12740384615384615 0.0985576923076923
11 0.4122862693080896 0.15699487376835183 0.17695745106345157 0.2595812591930038
11 0.5961538461538461 0.35697115384615385 0.20192307692307693 0.4639423076923077
11 0.5661057692307693 0.09375 0.19951923076923078 0.1875
14 0.875 0.29447115384615385 0.25 0.5889423076923077
14 0.35697115384615385 0.9338942307692307 0.27163461538461536 0.13221153846153846
14 0.4795673076923077 0.8112980769230769 0.31490384615384615 0.37740384615384615
2 0.8389423076923077 0.7644230769230769 0.1778846153846154 0.19230769230769232
2 0.9423076923076923 0.9471153846153846 0.10576923076923077 0.10576923076923077
2 0.8918269230769231 0.6322115384615384 0.10576923076923077 0.08653846153846154