16 0.47475961538461536 0.21514423076923078 0.2668269230769231 0.37740384615384615
16 0.4807692307692308 0.4206730769230769 0.2548076923076923 0.15865384615384615
16 0.6526442307692307 0.20673076923076922 0.0889423076923077 0.2932692307692308
16 0.7367788461538461 0.08413461538461539 0.25721153846153844 0.16826923076923078
16 0.8689903846153846 0.07932692307692307 0.18028846153846154 0.15865384615384615
16 0.7728365384615384 0.28365384615384615 0.3293269230769231 0.4326923076923077
16 0.8197115384615384 0.453125 0.3605769230769231 0.09375
16 0.9543269230769231 0.4483173076923077 0.09134615384615384 0.10336538461538461
16 0.9302884615384616 0.26802884615384615 0.13942307692307693 0.3293269230769231
16 0.3137019230769231 0.9146634615384616 0.5120192307692307 0.17067307692307693
16 0.296875 0.6923076923076923 0.59375 0.38461538461538464
16 0.11538461538461539 0.8377403846153846 0.23076923076923078 0.3245192307692308
16 0.1875 0.6105769230769231 0.375 0.22115384615384615
14 0.8040865384615384 0.7391826923076923 0.3918269230769231 0.47836538461538464