24 0.27884615384615385 0.3088942307692308 0.5576923076923077 0.6177884615384616
24 0.7776442307692307 0.2382345197104826 0.31971153846153844 0.3653130640496262
24 0.6911057692307693 0.0673076923076923 0.2668269230769231 0.1346153846153846
24 0.6057692307692307 0.2704326923076923 0.09615384615384616 0.25240384615384615
24 0.8846153846153846 0.4951923076923077 0.23076923076923078 0.24519230769230768
24 0.6706730769230769 0.5012019230769231 0.22596153846153846 0.23317307692307693
24 0.9134615384615384 0.14783653846153846 0.17307692307692307 0.2956730769230769
19 0.24158653846153846 0.8786057692307693 0.4735576923076923 0.24278846153846154
19 0.44711538461538464 0.8137019230769231 0.22115384615384615 0.2956730769230769
19 0.051682692307692304 0.859375 0.10336538461538461 0.28125
19 0.7788461538461539 0.8088942307692307 0.4423076923076923 0.38221153846153844