11 0.057692307692307696 0.24278846153846154 0.11538461538461539 0.27403846153846156
11 0.11298076923076923 0.21875 0.22596153846153846 0.3173076923076923
11 0.07932692307692307 0.35697115384615385 0.15865384615384615 0.21394230769230768
11 0.14182692307692307 0.7007211538461539 0.21634615384615385 0.19471153846153846
11 0.14949613173290713 0.580459831805929 0.22531371985804818 0.16237553542136768
11 0.20478241318020027 0.3872569372537921 0.1544443902706547 0.24348984817003214
14 0.7740384615384616 0.5168269230769231 0.4519230769230769 0.5625
14 0.6189903846153846 0.2956730769230769 0.2620192307692308 0.21153846153846154
14 0.6165865384615384 0.6225961538461539 0.25721153846153844 0.35096153846153844
14 0.5540865384615384 0.4387019230769231 0.13221153846153846 0.23317307692307693
25 0.2620192307692308 0.9002403846153846 0.4519230769230769 0.19951923076923078
11 0.9146634615384616 0.8774038461538461 0.17067307692307693 0.15865384615384615
11 0.7235576923076923 0.8990384615384616 0.32211538461538464 0.20192307692307693
11 0.6394230769230769 0.8990384615384616 0.2980769230769231 0.20192307692307693
11 0.8653846153846154 0.9447115384615384 0.2692307692307692 0.11057692307692307