2 0.12139423076923077 0.36538461538461536 0.24278846153846154 0.3701923076923077
2 0.28365384615384615 0.4014423076923077 0.27403846153846156 0.5336538461538461
14 0.7944711538461539 0.5661057692307693 0.4110576923076923 0.20432692307692307
14 0.9254807692307693 0.4206730769230769 0.14903846153846154 0.4230769230769231
14 0.8870192307692307 0.17908653846153846 0.22596153846153846 0.3581730769230769
11 0.17427884615384615 0.9447115384615384 0.17548076923076922 0.11057692307692307
11 0.2692307692307692 0.9627403846153846 0.16346153846153846 0.07451923076923077
11 0.45072115384615385 0.9326923076923077 0.055288461538461536 0.1346153846153846
2 0.824295487050165 0.8212531186564 0.22306712381404217 0.20338449154991714
2 0.9555288461538461 0.8701923076923077 0.0889423076923077 0.21634615384615385
2 0.6765742234499831 0.8700931472784331 0.21781158777031379 0.19360121861966834
2 0.5276442307692307 0.8617788461538461 0.0985576923076923 0.19951923076923078