6 0.3329326923076923 0.2692307692307692 0.6322115384615384 0.5384615384615384
6 0.19471153846153846 0.1346153846153846 0.3894230769230769 0.2692307692307692
6 0.11298076923076923 0.3112980769230769 0.22596153846153846 0.4543269230769231
20 0.8245192307692307 0.3713942307692308 0.35096153846153844 0.33413461538461536
6 0.21153846153846154 0.8894230769230769 0.4230769230769231 0.22115384615384615
6 0.11177884615384616 0.6694711538461539 0.22355769230769232 0.2620192307692308
6 0.5649038461538461 0.6598557692307693 0.16826923076923078 0.24278846153846154
6 0.59375 0.8954326923076923 0.11057692307692307 0.2091346153846154
7 0.16114829573230824 0.7575563522660358 0.10634052399565465 0.08103694436948371
7 0.27360007504435874 0.6003411219645145 0.10802145697506606 0.10507540590794526
7 0.43957421633360927 0.7629088469714963 0.13303497163487393 0.08572015507431192
7 0.29760446995008016 0.737948048083232 0.13815358054711346 0.10750169429629895
7 0.5324519230769231 0.9603365384615384 0.09375 0.07932692307692307
7 0.5132359472967642 0.8222397591094001 0.13946482026434218 0.09197464352121351
7 0.1661910946705421 0.8296717368814204 0.23550111310291763 0.05993286943501357
7 0.010817307692307692 0.9050480769230769 0.021634615384615384 0.0889423076923077
7 0.3641826923076923 0.9651442307692307 0.07451923076923077 0.06971153846153846
7 0.49158653846153844 0.9891826923076923 0.12259615384615384 0.021634615384615384
7 0.4477520112750892 0.862717436968569 0.0630125165687884 0.061293986779634664
7 0.09278206362073874 0.6025613400988582 0.08381490213866326 0.10169206750495455