3 0.046875 0.07211538461538461 0.09375 0.14423076923076922
3 0.06850961538461539 0.30528846153846156 0.13701923076923078 0.40865384615384615
3 0.2548076923076923 0.07091346153846154 0.49038461538461536 0.14182692307692307
3 0.29086538461538464 0.32211538461538464 0.4326923076923077 0.375
3 0.38221153846153844 0.21875 0.3942307692307692 0.4375
3 0.5300480769230769 0.1346153846153846 0.0985576923076923 0.2692307692307692
3 0.5072115384615384 0.3858173076923077 0.14423076923076922 0.24759615384615385
3 0.7896634615384616 0.2548076923076923 0.4206730769230769 0.5096153846153846
22 0.3329326923076923 0.8016826923076923 0.19471153846153846 0.39663461538461536
22 0.06490384615384616 0.7908653846153846 0.12980769230769232 0.3605769230769231
17 0.8545673076923077 0.6995192307692307 0.29086538461538464 0.3798076923076923
17 0.6057692307692307 0.6358173076923077 0.052884615384615384 0.25240384615384615
17 0.9266826923076923 0.9783653846153846 0.07932692307692307 0.04326923076923077