3 0.19312456870538255 0.21758453012390036 0.35976060664567283 0.3306343573821123
3 0.265625 0.10817307692307693 0.3629807692307692 0.21634615384615385
3 0.41586538461538464 0.33052884615384615 0.3269230769230769 0.3389423076923077
17 0.25841346153846156 0.5721153846153846 0.3581730769230769 0.14423076923076922
17 0.36177884615384615 0.890625 0.35336538461538464 0.21875
17 0.06129807692307692 0.9627403846153846 0.12259615384615384 0.07451923076923077
17 0.007211538461538462 0.8617788461538461 0.014423076923076924 0.10817307692307693
17 0.41602692113768036 0.7634585095725145 0.13816181722207851 0.1597800833486314
17 0.5504807692307693 0.6057692307692307 0.057692307692307696 0.21153846153846154
17 0.4882263524020356 0.7656154145158619 0.05560761481797381 0.07566848730649699
17 0.026442307692307692 0.6478365384615384 0.052884615384615384 0.19951923076923078
17 0.2522962094128602 0.6907173980380376 0.19761086786780305 0.13619277947355357
17 0.15745192307692307 0.9447115384615384 0.09375 0.11057692307692307
17 0.5366817653825462 0.8486633816849106 0.058372917559037334 0.06381719793827975
17 0.10656083717558583 0.6537837236734064 0.07651931702815425 0.10060263631703055
14 0.7896634615384616 0.75 0.4206730769230769 0.5