15 0.20432692307692307 0.025240384615384616 0.10096153846153846 0.05048076923076923
15 0.1585829851510689 0.19358910540961569 0.1355985318264426 0.2540873350684571
15 0.04567307692307692 0.28846153846153844 0.09134615384615384 0.10576923076923077
15 0.10817307692307693 0.36177884615384615 0.1778846153846154 0.036057692307692304
15 0.7091346153846154 0.18990384615384615 0.5817307692307693 0.3798076923076923
16 0.3473557692307692 0.7608173076923077 0.14182692307692307 0.22355769230769232
16 0.1466346153846154 0.7548076923076923 0.2932692307692308 0.2548076923076923
16 0.3317307692307692 0.6069711538461539 0.17307692307692307 0.19471153846153846
16 0.12660362344935946 0.6020552334005173 0.23723046703226502 0.2354136386657828
16 0.3293269230769231 0.4699519230769231 0.1778846153846154 0.18028846153846154
16 0.12740384615384615 0.4855769230769231 0.2548076923076923 0.21153846153846154
16 0.8100961538461539 0.9362980769230769 0.2644230769230769 0.12740384615384615
16 0.789447700489744 0.7608886174304236 0.189936845919231 0.26710850032133987
16 0.7451124022380877 0.5585513013731814 0.1806281821363251 0.2283041395726009