11 0.2764423076923077 0.09375 0.20192307692307693 0.1875
11 0.5504807692307693 0.11057692307692307 0.11538461538461539 0.22115384615384615
11 0.5 0.3137019230769231 0.21634615384615385 0.4110576923076923
11 0.359375 0.39903846153846156 0.2860576923076923 0.2403846153846154
11 0.2980769230769231 0.17548076923076922 0.2692307692307692 0.35096153846153844
21 0.9158653846153846 0.375 0.16826923076923078 0.25961538461538464
21 0.9074519230769231 0.15384615384615385 0.18509615384615385 0.23076923076923078
21 0.7735926371894303 0.27083996003279576 0.20176309935611755 0.2859055343852435
21 0.8209134615384616 0.44591346153846156 0.18028846153846154 0.1466346153846154
2 0.3798076923076923 0.6237980769230769 0.20673076923076922 0.2091346153846154
2 0.5228365384615384 0.5637019230769231 0.17067307692307693 0.0889423076923077
2 0.5300480769230769 0.7211538461538461 0.15625 0.22115384615384615
14 0.7019230769230769 0.8966346153846154 0.1875 0.20673076923076922
14 0.859375 0.9435096153846154 0.25721153846153844 0.11298076923076923
14 0.96875 0.8149038461538461 0.0625 0.28846153846153844