15 0.203125 0.2800480769230769 0.40625 0.41586538461538464
15 0.7680288461538461 0.2439903846153846 0.45913461538461536 0.4879807692307692
15 0.12139423076923077 0.5276442307692307 0.14182692307692307 0.07932692307692307
15 0.32211538461538464 0.8810096153846154 0.1346153846153846 0.23798076923076922
15 0.390625 0.8701923076923077 0.15625 0.25961538461538464
15 0.35336538461538464 0.5528846153846154 0.27884615384615385 0.12980769230769232
15 0.2980769230769231 0.5324519230769231 0.2403846153846154 0.0889423076923077
15 0.48197115384615385 0.703125 0.11298076923076923 0.21394230769230768
15 0.7692307692307693 0.5685096153846154 0.46153846153846156 0.16105769230769232
15 0.7692307692307693 0.7091346153846154 0.46153846153846156 0.32211538461538464
15 0.7692307692307693 0.8918269230769231 0.46153846153846156 0.21634615384615385
15 0.9230769230769231 0.5576923076923077 0.15384615384615385 0.13942307692307693