12 0.375 0.20552884615384615 0.25 0.24759615384615385
12 0.7463942307692307 0.07932692307692307 0.49278846153846156 0.15865384615384615
12 0.6862980769230769 0.17908653846153846 0.37259615384615385 0.3004807692307692
10 0.30408653846153844 0.34975961538461536 0.3629807692307692 0.040865384615384616
10 0.2932692307692308 0.3858173076923077 0.34615384615384615 0.11298076923076923
10 0.4014423076923077 0.3557692307692308 0.1971153846153846 0.052884615384615384
10 0.3737980769230769 0.4795673076923077 0.25240384615384615 0.1466346153846154
10 0.3329326923076923 0.6057692307692307 0.33413461538461536 0.15865384615384615
10 0.43990384615384615 0.41225961538461536 0.1201923076923077 0.07932692307692307
10 0.35697115384615385 0.7091346153846154 0.2860576923076923 0.13942307692307693
10 0.36177884615384615 0.78125 0.2764423076923077 0.11057692307692307
10 0.36778846153846156 0.8605769230769231 0.2644230769230769 0.1346153846153846
10 0.33653846153846156 0.9326923076923077 0.2932692307692308 0.1346153846153846
10 0.40384615384615385 0.9651442307692307 0.19230769230769232 0.06971153846153846
10 0.8185096153846154 0.6646634615384616 0.3629807692307692 0.6706730769230769
10 0.8882211538461539 0.44350961538461536 0.22355769230769232 0.2283653846153846