14 0.131622112417299 0.13328338044119212 0.1380634235738427 0.18656464617097826
14 0.12259615384615384 0.3701923076923077 0.24519230769230768 0.25
14 0.09375 0.47716346153846156 0.1875 0.2620192307692308
14 0.17668269230769232 0.5600961538461539 0.30528846153846156 0.09615384615384616
11 0.7977111956015576 0.2793314409611918 0.3770311891983988 0.14851037543454312
11 0.7655692058522885 0.1906968173750377 0.26622319792997745 0.14361792721440408
11 0.9038461538461539 0.1045673076923077 0.19230769230769232 0.17548076923076922
11 0.9711538461538461 0.2127403846153846 0.057692307692307696 0.15625
11 0.6790865384615384 0.020432692307692308 0.24278846153846154 0.040865384615384616
2 0.9483173076923077 0.8918269230769231 0.10336538461538461 0.21634615384615385
2 0.8870192307692307 0.9375 0.22596153846153846 0.125