11 0.8064903846153846 0.18028846153846154 0.3870192307692308 0.3605769230769231
11 0.5871840720216395 0.22905356111865485 0.3266433527370066 0.44161026706829504
0 0.23317307692307693 0.7860576923076923 0.052884615384615384 0.42788461538461536
11 0.9555288461538461 0.6887019230769231 0.0889423076923077 0.34375
11 0.8304369469328751 0.7580339688781853 0.2893178151033439 0.2844859573255513
11 0.8586837071297649 0.5634402094125674 0.09361833365085778 0.12875490752573526
11 0.7844180454257282 0.596893469964282 0.11156486606787078 0.15328298252013334
11 0.7299726048196818 0.6682836831318888 0.15555852898081268 0.11855424102141153
11 0.5980673019629944 0.6528649043794827 0.14573247820680033 0.3199177597091325
11 0.47410459756625156 0.7046139283759302 0.18737827543290045 0.2863209965079143
11 0.33052884615384615 0.6706730769230769 0.14182692307692307 0.33653846153846156