10 0.3076923076923077 0.0733173076923077 0.1971153846153846 0.1466346153846154
10 0.38221153846153844 0.10216346153846154 0.1346153846153846 0.20432692307692307
10 0.3858173076923077 0.3894230769230769 0.12740384615384615 0.39903846153846156
10 0.09416855334553303 0.19000295010551793 0.15604728010287872 0.3174789421962061
10 0.20552884615384615 0.1658653846153846 0.17548076923076922 0.3317307692307692
10 0.20117265389154723 0.38917908599947243 0.20266190348100194 0.26631118975055273
10 0.057692307692307696 0.41947115384615385 0.11538461538461539 0.21394230769230768
10 0.25961538461538464 0.43028846153846156 0.17307692307692307 0.3173076923076923
11 0.8774038461538461 0.15504807692307693 0.24519230769230768 0.31009615384615385
11 0.8990384615384616 0.43990384615384615 0.20192307692307693 0.2980769230769231
11 0.33533653846153844 0.609375 0.15144230769230768 0.040865384615384616
11 0.36538461538461536 0.6995192307692307 0.16826923076923078 0.22115384615384615
11 0.2932692307692308 0.8617788461538461 0.24519230769230768 0.2764423076923077
11 0.8064903846153846 0.7944711538461539 0.3870192307692308 0.4110576923076923