10 0.4375 0.056490384615384616 0.19230769230769232 0.11298076923076923
10 0.32211538461538464 0.0889423076923077 0.23076923076923078 0.1778846153846154
10 0.26322115384615385 0.2283653846153846 0.19471153846153846 0.4567307692307692
10 0.4014423076923077 0.31971153846153844 0.1778846153846154 0.2980769230769231
10 0.5372596153846154 0.14423076923076922 0.10336538461538461 0.28846153846153844
10 0.5492788461538461 0.34615384615384615 0.07932692307692307 0.24519230769230768
10 0.5324519230769231 0.3545673076923077 0.11298076923076923 0.2283653846153846
10 0.6790865384615384 0.04807692307692308 0.18028846153846154 0.09615384615384616
10 0.7704326923076923 0.09134615384615384 0.17548076923076922 0.18269230769230768
10 0.6550480769230769 0.11177884615384616 0.13221153846153846 0.22355769230769232
10 0.8664966188914461 0.1902157405865701 0.21641949176534106 0.19107948207901979
10 0.6334134615384616 0.16346153846153846 0.0889423076923077 0.24519230769230768
11 0.42908653846153844 0.7740384615384616 0.31971153846153844 0.4519230769230769
11 0.18389423076923078 0.734375 0.36778846153846156 0.53125
11 0.9519230769230769 0.6778846153846154 0.09615384615384616 0.4182692307692308
11 0.8245192307692307 0.6706730769230769 0.20192307692307693 0.40384615384615385
11 0.6945321394638966 0.5930392584953131 0.050849741374904264 0.043828656416782893