7 0.3389423076923077 0.36658653846153844 0.6778846153846154 0.6225961538461539
7 0.8112980769230769 0.4050480769230769 0.2668269230769231 0.5456730769230769
6 0.3926690694659485 0.8339652374896231 0.1598046692816591 0.21654907660748152
7 0.2593478912514226 0.770697925644558 0.0990196688938104 0.09956095084811754
7 0.10519961744212665 0.9015956945525866 0.08275580236834615 0.12343519119239041
7 0.13222145503582333 0.7743560695929291 0.1034406346229502 0.12858925726375298
7 0.38100961538461536 0.9567307692307693 0.0889423076923077 0.08653846153846154
7 0.04807692307692308 0.9483173076923077 0.08653846153846154 0.10336538461538461
7 0.05048076923076923 0.7127403846153846 0.0625 0.06971153846153846
7 0.020432692307692308 0.8966346153846154 0.040865384615384616 0.057692307692307696
6 0.8389423076923077 0.8389423076923077 0.32211538461538464 0.32211538461538464