25 0.21033653846153846 0.17908653846153846 0.4206730769230769 0.3581730769230769
25 0.4120679141870775 0.31866080899993865 0.1635206848781767 0.21515417255127345
25 0.296875 0.3737980769230769 0.19951923076923078 0.17067307692307693
25 0.4579326923076923 0.09975961538461539 0.24278846153846154 0.19951923076923078
25 0.3701923076923077 0.08774038461538461 0.22115384615384615 0.17548076923076922
25 0.2620192307692308 0.08173076923076923 0.19230769230769232 0.16346153846153846
25 0.23247935917064025 0.16267431984717554 0.20362900807219544 0.16903656581950807
25 0.18450447546207377 0.22129196220873126 0.21380555565911707 0.21269765985777028
25 0.1373172756962651 0.3194611051747398 0.19830503726198118 0.18558358656140847
25 0.1141826923076923 0.39783653846153844 0.2283653846153846 0.12259615384615384
25 0.8389423076923077 0.16706730769230768 0.32211538461538464 0.33413461538461536
25 0.21995192307692307 0.6430288461538461 0.43990384615384615 0.36778846153846156
25 0.8112980769230769 0.9134615384615384 0.21875 0.17307692307692307
25 0.8154569359473475 0.7607742266367891 0.25932761860138026 0.2700014182083942
25 0.7836538461538461 0.6706730769230769 0.21153846153846154 0.20192307692307693
25 0.8401442307692307 0.5685096153846154 0.3004807692307692 0.21875
25 0.8040865384615384 0.5132211538461539 0.25240384615384615 0.10817307692307693