20 0.23798076923076922 0.05048076923076923 0.2403846153846154 0.10096153846153846
20 0.20664912587526138 0.20159705412476428 0.19421949952980347 0.22526772631280587
20 0.41586538461538464 0.0673076923076923 0.1875 0.1346153846153846
20 0.3918269230769231 0.23317307692307693 0.23557692307692307 0.25
20 0.35136682322812346 0.39420100046759055 0.21934412552581123 0.17799516819920697
20 0.09134615384615384 0.04447115384615385 0.18269230769230768 0.0889423076923077
20 0.8024403637420503 0.4772293612082852 0.2793875108719187 0.13293873246411428
20 0.6033653846153846 0.5 0.1875 0.09615384615384616
20 0.5877403846153846 0.3629807692307692 0.15625 0.21634615384615385
20 0.7710967087648672 0.3425311699866897 0.23616082698344998 0.224087913798801
20 0.9206730769230769 0.36177884615384615 0.15865384615384615 0.18028846153846154
20 0.9338942307692307 0.4543269230769231 0.13221153846153846 0.1201923076923077
24 0.2548076923076923 0.7896634615384616 0.5096153846153846 0.4206730769230769
24 0.5709134615384616 0.7247596153846154 0.12259615384615384 0.21875
24 0.5829326923076923 0.6189903846153846 0.1466346153846154 0.07932692307692307
24 0.7524038461538461 0.7091346153846154 0.3076923076923077 0.25961538461538464
24 0.90625 0.8100961538461539 0.1875 0.19230769230769232
24 0.9495192307692307 0.65625 0.10096153846153846 0.15384615384615385
24 0.5793269230769231 0.9026442307692307 0.13942307692307693 0.19471153846153846
24 0.7367788461538461 0.9086538461538461 0.2668269230769231 0.18269230769230768
24 0.9350961538461539 0.890625 0.12980769230769232 0.21875