17 0.25841346153846156 0.1502403846153846 0.5024038461538461 0.3004807692307692
15 0.7992788461538461 0.16947115384615385 0.4014423076923077 0.3389423076923077
17 0.16105769230769232 0.5492788461538461 0.32211538461538464 0.3581730769230769
17 0.015625 0.8942307692307693 0.03125 0.08173076923076923
17 0.030048076923076924 0.828125 0.06009615384615385 0.09375
17 0.17600807925016812 0.8163161894387823 0.14318814281038222 0.12494587412495242
17 0.37361071044300603 0.8886806000295098 0.08842099448211425 0.06276665209732576
17 0.41346153846153844 0.6069711538461539 0.19230769230769232 0.5360576923076923
17 0.8371580548817961 0.8503984415605484 0.06725715232502202 0.034786747002552416
17 0.8428655503032694 0.708298783094122 0.1351866778418085 0.07918887862048972
17 0.7637237538406575 0.6434937518748304 0.05870910415491956 0.06704985327135796
17 0.768262832851508 0.5363128015752125 0.09046338404874298 0.07480686251190331
17 0.9447115384615384 0.6045673076923077 0.11057692307692307 0.07451923076923077
17 0.9375 0.7536057692307693 0.125 0.16105769230769232