24 0.3161057692307692 0.25 0.4735576923076923 0.5
17 0.8305288461538461 0.3737980769230769 0.3389423076923077 0.25240384615384615
17 0.7620192307692307 0.040865384615384616 0.07211538461538461 0.08173076923076923
17 0.7285102846613251 0.14879407388269122 0.058029013473023576 0.07071703892986399
17 0.9387019230769231 0.10576923076923077 0.12259615384615384 0.21153846153846154
17 0.8677884615384616 0.1310096153846154 0.07211538461538461 0.2620192307692308
6 0.25 0.7307692307692307 0.5 0.46153846153846156
20 0.8725961538461539 0.5528846153846154 0.2548076923076923 0.10576923076923077
20 0.9338942307692307 0.8461538461538461 0.13221153846153846 0.23557692307692307
20 0.7833591845899578 0.8709785932249466 0.19887982391223302 0.19498070210522656
20 0.6875 0.7079326923076923 0.11538461538461539 0.30528846153846156