12 0.4026442307692308 0.2127403846153846 0.15144230769230768 0.2668269230769231
12 0.30408653846153844 0.21394230769230768 0.28125 0.42788461538461536
12 0.3954326923076923 0.21394230769230768 0.1658653846153846 0.42788461538461536
25 0.7391826923076923 0.3473557692307692 0.5216346153846154 0.16105769230769232
12 0.2956730769230769 0.8569711538461539 0.36538461538461536 0.2860576923076923
12 0.10216346153846154 0.8569711538461539 0.20432692307692307 0.2860576923076923
12 0.08774038461538461 0.640625 0.17548076923076922 0.4254807692307692
12 0.30408653846153844 0.6754807692307693 0.3485576923076923 0.22596153846153846
12 0.2644230769230769 0.5612980769230769 0.42788461538461536 0.2668269230769231
12 0.4206730769230769 0.5456730769230769 0.11538461538461539 0.23557692307692307
24 0.7884615384615384 0.7139423076923077 0.4230769230769231 0.5721153846153846