19 0.0673076923076923 0.046875 0.1346153846153846 0.09375
19 0.05889423076923077 0.21995192307692307 0.11778846153846154 0.28125
19 0.3016826923076923 0.3870192307692308 0.19951923076923078 0.10576923076923077
19 0.14302884615384615 0.4074519230769231 0.20432692307692307 0.06490384615384616
19 0.32632593054416026 0.17626974974365409 0.20423429899244966 0.23277574785008126
19 0.31850961538461536 0.06009615384615385 0.16105769230769232 0.1201923076923077
19 0.1935096153846154 0.036057692307692304 0.21394230769230768 0.07211538461538461
19 0.1561933374897442 0.15573088859248135 0.20863608337585432 0.25579443888110137
19 0.16692238127991538 0.31968367122830943 0.1915094970638885 0.1828593677030497
19 0.3034158388308414 0.31531059015247503 0.218673176611467 0.16581442930605933
19 0.90625 0.14423076923076922 0.1875 0.28846153846153844
19 0.028846153846153848 0.8401442307692307 0.057692307692307696 0.21875
19 0.2763436933221521 0.8610417194262603 0.3493515273691591 0.24019020907294739
19 0.7475961538461539 0.8185096153846154 0.3798076923076923 0.3629807692307692