18 0.025240384615384616 0.26802884615384615 0.05048076923076923 0.12740384615384615
18 0.04807692307692308 0.36899038461538464 0.09615384615384616 0.18509615384615385
18 0.10096153846153846 0.42427884615384615 0.17307692307692307 0.12740384615384615
18 0.13611840377975912 0.2860576923076923 0.1807287504034259 0.18028846153846154
18 0.09525018034782132 0.12740384615384615 0.16918283243319188 0.17067307692307693
18 0.07932692307692307 0.04326923076923077 0.14423076923076922 0.08653846153846154
18 0.1935096153846154 0.05048076923076923 0.17548076923076922 0.10096153846153846
18 0.23156015162269525 0.1814903846153846 0.18395228311993905 0.19110576923076922
18 0.25721153846153844 0.3954326923076923 0.21634615384615385 0.18509615384615385
12 0.7247596153846154 0.2800480769230769 0.5504807692307693 0.41586538461538464
4 0.24759615384615385 0.8485576923076923 0.40384615384615385 0.30288461538461536
4 0.14423076923076922 0.6262019230769231 0.28846153846153844 0.2764423076923077
4 0.4014423076923077 0.6262019230769231 0.09615384615384616 0.2764423076923077
10 0.7247596153846154 0.7439903846153846 0.5504807692307693 0.5120192307692307