18 0.140625 0.19230769230769232 0.28125 0.38461538461538464
18 0.09495192307692307 0.4807692307692308 0.18990384615384615 0.27403846153846156
18 0.3401545096822605 0.4066158872023653 0.33582418595996527 0.4215305165621433
3 0.6045673076923077 0.21394230769230768 0.13221153846153846 0.42788461538461536
23 0.4579326923076923 0.7367788461538461 0.16105769230769232 0.23798076923076922
23 0.33413461538461536 0.6538461538461539 0.30288461538461536 0.07211538461538461
23 0.1875 0.7319711538461539 0.28365384615384615 0.2283653846153846
23 0.039663461538461536 0.7079326923076923 0.07932692307692307 0.18028846153846154
23 0.7091346153846154 0.7872596153846154 0.34134615384615385 0.3389423076923077
23 0.6610576923076923 0.9074519230769231 0.24519230769230768 0.18509615384615385
24 0.7752403846153846 0.9579326923076923 0.2956730769230769 0.08413461538461539