25 0.40024038461538464 0.2247596153846154 0.5552884615384616 0.4495192307692308
0 0.8461538461538461 0.1935096153846154 0.3076923076923077 0.3870192307692308
20 0.21514423076923078 0.9651442307692307 0.14182692307692307 0.06971153846153846
20 0.22682702363272747 0.8660604919581848 0.1395349233996638 0.1449789757088609
20 0.3389423076923077 0.9519230769230769 0.15865384615384615 0.09615384615384616
20 0.346655026186072 0.8605535412597527 0.16275369837545822 0.13430151969470108
20 0.4362980769230769 0.9459134615384616 0.12259615384615384 0.10817307692307693
20 0.34750915609104815 0.7607449777877855 0.15871047909627778 0.11265291914227091
20 0.21631738813695117 0.7591033232798458 0.17817861443068386 0.14760658454774364
20 0.09488871402541132 0.8704354454187678 0.14607306511743104 0.16784348450602893
20 0.10336538461538461 0.96875 0.14903846153846154 0.0625
6 0.9326923076923077 0.7283653846153846 0.1346153846153846 0.5432692307692307