24 0.35096153846153844 0.5829326923076923 0.1875 0.11298076923076923
24 0.43296714909607636 0.42485808691710314 0.21778158279070176 0.22368629994858497
24 0.253733753117113 0.41957059253525747 0.20776758491373515 0.20068192432427523
24 0.29598106455654677 0.29139049950359397 0.21641182255100724 0.21404993568785385
24 0.5304399831379325 0.2921071609687353 0.18965482017850321 0.1955595373363866
24 0.38467161650469744 0.27541492882488233 0.13120724525372487 0.1512832835905281
24 0.19780708915726736 0.24621485077665367 0.1375735146092292 0.17182087412495242
24 0.1080675549417959 0.20209426760921143 0.09479289897514334 0.13022120192244324
24 0.17869338473758503 0.1154989504268881 0.11864254370548721 0.11982348713706378
24 0.0673076923076923 0.03125 0.1346153846153846 0.0625
24 0.21201155656588846 0.09568075112641922 0.21585145541883138 0.1131093768716619
24 0.875 0.6081730769230769 0.25 0.0625
24 0.8377403846153846 0.5084134615384616 0.21875 0.21875
24 0.7560096153846154 0.4519230769230769 0.055288461538461536 0.23557692307692307
24 0.8425480769230769 0.28365384615384615 0.2283653846153846 0.23557692307692307
24 0.9074519230769231 0.16346153846153846 0.18509615384615385 0.22115384615384615
24 0.7956730769230769 0.07572115384615384 0.1346153846153846 0.15144230769230768
24 0.8930288461538461 0.037259615384615384 0.21394230769230768 0.07451923076923077
19 0.26802884615384615 0.8569711538461539 0.49278846153846156 0.2860576923076923
19 0.2620192307692308 0.7451923076923077 0.4519230769230769 0.21153846153846154
24 0.8786057692307693 0.8822115384615384 0.24278846153846154 0.23557692307692307
24 0.8725961538461539 0.7331730769230769 0.2548076923076923 0.1875