10 0.3954326923076923 0.4230769230769231 0.35336538461538464 0.15384615384615385
10 0.40475433635718233 0.28336640883590786 0.36002593190956705 0.1737434210362062
10 0.38276462825503993 0.11593651541971109 0.32190721573522924 0.1810377661039557
10 0.3870192307692308 0.02403846153846154 0.34615384615384615 0.04807692307692308
11 0.7944711538461539 0.25 0.4110576923076923 0.5
11 0.140625 0.7776442307692307 0.24759615384615385 0.44471153846153844
11 0.2411743979535186 0.7713085925863028 0.21316888569717315 0.1934802786403681
11 0.28966346153846156 0.9038461538461539 0.21875 0.19230769230769232
11 0.453125 0.9447115384615384 0.18990384615384615 0.11057692307692307
11 0.41284940936024755 0.7122909471756889 0.09894130892046576 0.130131692551207
11 0.45916733653215264 0.8129855683463407 0.11027080497185328 0.17247877936119266
11 0.6574519230769231 0.7379807692307693 0.13701923076923078 0.47596153846153844