8 0.27403846153846156 0.36658653846153844 0.5480769230769231 0.3245192307692308
8 0.8641826923076923 0.46274038461538464 0.27163461538461536 0.13221153846153846
8 0.6454326923076923 0.45552884615384615 0.19471153846153846 0.1466346153846154
8 0.6466346153846154 0.2127403846153846 0.1971153846153846 0.40625
8 0.9350961538461539 0.36899038461538464 0.12980769230769232 0.21394230769230768
8 0.7943199602308305 0.3188758245272287 0.29616713749302687 0.30433459234442384
8 0.9254807692307693 0.1502403846153846 0.14903846153846154 0.23317307692307693
8 0.7788461538461539 0.09975961538461539 0.375 0.19951923076923078
2 0.4483173076923077 0.9399038461538461 0.19951923076923078 0.1201923076923077
2 0.25721153846153844 0.9134615384615384 0.2403846153846154 0.17307692307692307
2 0.09014423076923077 0.9242788461538461 0.18028846153846154 0.15144230769230768
2 0.3824455802605516 0.8107027577940318 0.19242959502374427 0.16391562319919378
2 0.21800272666276044 0.7694939884206975 0.21896084430757987 0.2440400157717216
2 0.07692307692307693 0.7391826923076923 0.15384615384615385 0.25721153846153844
2 0.07932692307692307 0.5949519230769231 0.15865384615384615 0.13221153846153846
2 0.25600961538461536 0.6105769230769231 0.2668269230769231 0.16346153846153846
2 0.41947115384615385 0.6442307692307693 0.25721153846153844 0.23076923076923078
2 0.8221153846153846 0.9074519230769231 0.22115384615384615 0.18509615384615385
2 0.7129184459473932 0.7580012979301227 0.22419004708147974 0.2790217012386389
2 0.6694711538461539 0.6394230769230769 0.24278846153846154 0.22115384615384615
2 0.6983173076923077 0.953125 0.3004807692307692 0.09375
2 0.6117788461538461 0.8978365384615384 0.12740384615384615 0.20432692307692307