11 0.23557692307692307 0.2860576923076923 0.44711538461538464 0.28365384615384615
2 0.8954326923076923 0.06850961538461539 0.2091346153846154 0.13701923076923078
2 0.8819641775544148 0.18656801443223436 0.19789450902649527 0.1896118318195094
19 0.296875 0.9314903846153846 0.3245192307692308 0.13701923076923078
19 0.17307692307692307 0.8125 0.34615384615384615 0.34615384615384615
19 0.055288461538461536 0.5432692307692307 0.11057692307692307 0.23076923076923078
19 0.34975961538461536 0.49038461538461536 0.21875 0.125
19 0.23703001725548353 0.6387017180384574 0.39893003675804767 0.2916091497943333
19 0.43149038461538464 0.6009615384615384 0.055288461538461536 0.25
19 0.40625 0.7139423076923077 0.10576923076923077 0.17307692307692307
19 0.37259615384615385 0.8377403846153846 0.17307692307692307 0.18990384615384615
19 0.19831730769230768 0.4651442307692308 0.2091346153846154 0.07451923076923077
19 0.042067307692307696 0.5348557692307693 0.08413461538461539 0.21394230769230768
19 0.5612980769230769 0.9567307692307693 0.20432692307692307 0.08653846153846154
19 0.78125 0.9350961538461539 0.1875 0.12980769230769232
19 0.7755356876680903 0.7979421190569193 0.22528211846616758 0.2967927702834953
19 0.7129169124196575 0.6723407364858007 0.2282727605309112 0.22118350156685182
19 0.5625 0.6201923076923077 0.20673076923076922 0.22596153846153846
19 0.5661057692307693 0.7704326923076923 0.21394230769230768 0.2860576923076923