15 0.3293269230769231 0.4098557692307692 0.11538461538461539 0.06009615384615385
15 0.3033748976132827 0.2745050400895763 0.11295360025028901 0.2032237415536357
15 0.21033653846153846 0.4182692307692308 0.11298076923076923 0.04326923076923077
15 0.021634615384615384 0.3112980769230769 0.04326923076923077 0.14182692307692307
15 0.03245192307692308 0.3605769230769231 0.06490384615384616 0.1201923076923077
15 0.10336538461538461 0.39663461538461536 0.12980769230769232 0.08653846153846154
15 0.04807692307692308 0.27163461538461536 0.09615384615384616 0.08653846153846154
15 0.09510656127803528 0.21439321647160556 0.10631465231400784 0.09498073642461471
16 0.7944711538461539 0.21995192307692307 0.4110576923076923 0.43990384615384615
16 0.296875 0.5877403846153846 0.47836538461538464 0.2956730769230769
16 0.3137019230769231 0.8545673076923077 0.5504807692307693 0.29086538461538464
16 0.0985576923076923 0.7956730769230769 0.1971153846153846 0.40865384615384615
5 0.8413461538461539 0.8870192307692307 0.25961538461538464 0.22596153846153846
5 0.8701923076923077 0.7043269230769231 0.25961538461538464 0.20673076923076922