15 0.03514309574330092 0.12040599762469835 0.06648369916791681 0.09344475778195588
15 0.0684190119599995 0.2131372300684817 0.07447692746152554 0.08772894694835287
15 0.2052954194226243 0.23719478835159585 0.07321622772696704 0.06970010079450671
15 0.32105796474438725 0.1496680936686019 0.08999261082121976 0.10385761189294539
15 0.4490583741159924 0.09389506393020046 0.05868383416358442 0.08477946377119822
15 0.3586955100661502 0.05941321386906518 0.05596907140519118 0.06310287630786686
15 0.4230769230769231 0.030048076923076924 0.057692307692307696 0.06009615384615385
15 0.9483173076923077 0.23677884615384615 0.10336538461538461 0.2764423076923077
15 0.07451923076923077 0.75 0.14903846153846154 0.5
5 0.7043269230769231 0.8389423076923077 0.3317307692307692 0.32211538461538464
5 0.6081730769230769 0.6454326923076923 0.13942307692307693 0.29086538461538464
5 0.7956730769230769 0.6021634615384616 0.40865384615384615 0.20432692307692307
5 0.9266826923076923 0.7860576923076923 0.1466346153846154 0.42788461538461536