12 0.2644230769230769 0.07932692307692307 0.5288461538461539 0.15865384615384615
12 0.1814903846153846 0.20793269230769232 0.3629807692307692 0.38221153846153844
18 0.921875 0.3076923076923077 0.15625 0.2403846153846154
18 0.9290865384615384 0.09495192307692307 0.14182692307692307 0.18990384615384615
18 0.7716346153846154 0.29927884615384615 0.23076923076923078 0.25721153846153844
18 0.8149038461538461 0.02403846153846154 0.27403846153846156 0.04807692307692308
18 0.734375 0.11298076923076923 0.2956730769230769 0.22596153846153846
18 0.6514423076923077 0.25841346153846156 0.24519230769230768 0.3389423076923077
18 0.609375 0.03365384615384615 0.16105769230769232 0.0673076923076923
9 0.23317307692307693 0.6658653846153846 0.46634615384615385 0.47596153846153844
9 0.18509615384615385 0.7139423076923077 0.3701923076923077 0.5721153846153846
9 0.2644230769230769 0.5889423076923077 0.40384615384615385 0.32211538461538464
4 0.8966346153846154 0.7247596153846154 0.20673076923076922 0.5504807692307693
4 0.7403846153846154 0.8088942307692307 0.4230769230769231 0.38221153846153844