10 0.43028846153846156 0.03245192307692308 0.23557692307692307 0.06490384615384616
10 0.4411057692307692 0.10697115384615384 0.21394230769230768 0.09375
10 0.4543269230769231 0.3161057692307692 0.1875 0.0985576923076923
10 0.42788461538461536 0.3629807692307692 0.2403846153846154 0.07211538461538461
10 0.42210101083742385 0.47209385370574763 0.1713299616998319 0.08177594316208843
10 0.4015399600861285 0.5203926431954355 0.18972311299264122 0.08763369618137909
10 0.4190209291232533 0.6083311856826946 0.15661572454723982 0.09288512131460071
10 0.39302884615384615 0.6875 0.14182692307692307 0.02403846153846154
4 0.7367788461538461 0.44591346153846156 0.37740384615384615 0.5072115384615384
12 0.27403846153846156 0.7932692307692307 0.5480769230769231 0.1875
12 0.27283653846153844 0.8846153846153846 0.5456730769230769 0.23076923076923078
23 0.7740384615384616 0.8497596153846154 0.4519230769230769 0.3004807692307692