10 0.12259615384615384 0.3737980769230769 0.24519230769230768 0.5120192307692307
10 0.27884615384615385 0.4387019230769231 0.34134615384615385 0.45913461538461536
7 0.7836538461538461 0.16947115384615385 0.4326923076923077 0.3389423076923077
7 0.8377403846153846 0.28365384615384615 0.3245192307692308 0.2980769230769231
7 0.8605769230769231 0.4014423076923077 0.27884615384615385 0.22596153846153846
7 0.7247596153846154 0.05889423076923077 0.5504807692307693 0.11778846153846154
7 0.09254807692307693 0.8173076923076923 0.18509615384615385 0.2980769230769231
0 0.6842105863050768 0.9554255195205834 0.13017653623424288 0.08900863938106272
0 0.7467105863050768 0.9536069552556762 0.09870261436622485 0.08329166494091676
0 0.6779407740005722 0.8208101349051987 0.17702520296441454 0.11557797480541797
0 0.5649038461538461 0.6923076923076923 0.14903846153846154 0.04807692307692308