3 0.34615384615384615 0.15144230769230768 0.44711538461538464 0.30288461538461536
3 0.2512019230769231 0.44591346153846156 0.3629807692307692 0.08413461538461539
3 0.8197115384615384 0.09375 0.20673076923076922 0.1875
24 0.9435096153846154 0.10697115384615384 0.11298076923076923 0.21394230769230768
24 0.9134615384615384 0.2512019230769231 0.17307692307692307 0.14182692307692307
16 0.35336538461538464 0.5673076923076923 0.34615384615384615 0.15865384615384615
16 0.4436932940503597 0.7262716162189122 0.22146137147990486 0.2596581414739785
16 0.26052423472890684 0.7829080437412028 0.32572317640095166 0.33236789572149195
16 0.09254807692307693 0.6670673076923077 0.18509615384615385 0.35336538461538464
15 0.6274038461538461 0.6225961538461539 0.11538461538461539 0.2692307692307692
15 0.7740384615384616 0.5745192307692307 0.40865384615384615 0.17307692307692307
15 0.8884048325118982 0.7122960646659089 0.14777584241824607 0.08137494880664119
15 0.8554319366799933 0.8539551657290543 0.2111686496332436 0.27762405437265814