7 0.47596153846153844 0.09014423076923077 0.40384615384615385 0.18028846153846154
7 0.43509615384615385 0.18028846153846154 0.4855769230769231 0.3605769230769231
7 0.43028846153846156 0.2956730769230769 0.4951923076923077 0.40865384615384615
7 0.40384615384615385 0.40384615384615385 0.5480769230769231 0.3894230769230769
7 0.3701923076923077 0.5336538461538461 0.5721153846153846 0.16826923076923078
17 0.9314903846153846 0.07932692307692307 0.13701923076923078 0.15865384615384615
17 0.7740384615384616 0.2764423076923077 0.19230769230769232 0.22596153846153846
17 0.9038461538461539 0.3016826923076923 0.19230769230769232 0.4110576923076923
17 0.8978365384615384 0.5649038461538461 0.19951923076923078 0.10576923076923077
7 0.2776442307692308 0.8088942307692307 0.5552884615384616 0.38221153846153844
24 0.7596153846153846 0.6442307692307693 0.16346153846153846 0.052884615384615384
24 0.7307692307692307 0.7319711538461539 0.10576923076923077 0.17548076923076922
24 0.7973417764487831 0.7283742013325802 0.12414077506618727 0.21344908114570663
24 0.7608173076923077 0.8954326923076923 0.1658653846153846 0.2091346153846154