2 0.42788461538461536 0.27884615384615385 0.34134615384615385 0.5576923076923077
11 0.6658653846153846 0.44711538461538464 0.1346153846153846 0.16346153846153846
11 0.7620192307692307 0.265625 0.3269230769230769 0.19471153846153846
11 0.817324032879059 0.38450650911074036 0.24403555854670408 0.1699564154579356
11 0.8185096153846154 0.4879807692307692 0.23798076923076922 0.13942307692307693
11 0.9182692307692307 0.4567307692307692 0.16346153846153846 0.15384615384615385
11 0.9182692307692307 0.3004807692307692 0.16346153846153846 0.23076923076923078
21 0.29927884615384615 0.8497596153846154 0.5985576923076923 0.3004807692307692
11 0.8713942307692307 0.9122596153846154 0.25721153846153844 0.17548076923076922
11 0.9435096153846154 0.8689903846153846 0.11298076923076923 0.2620192307692308
11 0.7211538461538461 0.9074519230769231 0.24519230769230768 0.18509615384615385
11 0.8903709355015915 0.7288588355336091 0.2054221577198409 0.1872929333153501
11 0.7174695833308833 0.7847949363089952 0.23752293898433408 0.3055219674060862
11 0.6526442307692307 0.765625 0.10817307692307693 0.27163461538461536