8 0.359375 0.09014423076923077 0.19951923076923078 0.18028846153846154
8 0.16706730769230768 0.15504807692307693 0.33413461538461536 0.31009615384615385
8 0.39663461538461536 0.33052884615384615 0.125 0.2860576923076923
8 0.1971153846153846 0.38461538461538464 0.3942307692307692 0.30288461538461536
19 0.7067307692307693 0.2692307692307692 0.4951923076923077 0.5384615384615384
2 0.3737980769230769 0.640625 0.17067307692307693 0.20432692307692307
2 0.38221153846153844 0.8473557692307693 0.15384615384615385 0.27163461538461536
2 0.27403846153846156 0.5673076923076923 0.15384615384615385 0.057692307692307696
2 0.2305758424852718 0.6645054091588144 0.2307350692048432 0.20339241131321537
2 0.19685986443140854 0.8608244542917513 0.24072106076731986 0.2672062195196486
2 0.05889423076923077 0.8449519230769231 0.11778846153846154 0.25721153846153844
2 0.07692307692307693 0.640625 0.15384615384615385 0.20432692307692307
8 0.515625 0.7776442307692307 0.11298076923076923 0.44471153846153844
18 0.7548162876018986 0.7863052235225205 0.4250138688192724 0.3378556380061512