2 0.39675962249765917 0.3251601986676035 0.29975159682823704 0.26110733365390904
2 0.44350961538461536 0.09254807692307693 0.29086538461538464 0.18509615384615385
2 0.276062281114236 0.15229696552307104 0.21299820860663937 0.21730390352840154
2 0.17355660323139568 0.3197038793839176 0.2546642611380874 0.2499389821260309
2 0.19951923076923078 0.055288461538461536 0.2692307692307692 0.11057692307692307
19 0.8088942307692307 0.25600961538461536 0.38221153846153844 0.5120192307692307
19 0.8088942307692307 0.3713942307692308 0.38221153846153844 0.41586538461538464
8 0.4230769230769231 0.7896634615384616 0.3894230769230769 0.4206730769230769
8 0.9045444454950748 0.7508546578307633 0.1756777119998869 0.1776251747840979
8 0.733194305505865 0.7086538257740862 0.15772588857654019 0.17819751668028025
4 0.8509615384615384 0.6286057692307693 0.2980769230769231 0.0985576923076923
4 0.6923076923076923 0.6177884615384616 0.14903846153846154 0.07692307692307693
4 0.8037189685805168 0.8880875785323847 0.21370755468949698 0.19094553999352606
4 0.9399038461538461 0.8834134615384616 0.1201923076923077 0.1466346153846154