4 0.11899038461538461 0.18389423076923078 0.23798076923076922 0.36778846153846156
9 0.6322115384615384 0.2548076923076923 0.28846153846153844 0.22596153846153846
1 0.14423076923076922 0.8257211538461539 0.28846153846153844 0.3485576923076923
16 0.8004807692307693 0.43990384615384615 0.2932692307692308 0.14423076923076922
16 0.6622596153846154 0.4014423076923077 0.14182692307692307 0.0673076923076923
16 0.5685096153846154 0.40024038461538464 0.16105769230769232 0.06490384615384616
16 0.546875 0.5384615384615384 0.11778846153846154 0.2692307692307692
16 0.5360576923076923 0.8088942307692307 0.09615384615384616 0.2764423076923077
16 0.546875 0.9675480769230769 0.11778846153846154 0.06490384615384616
16 0.6394230769230769 0.9230769230769231 0.2644230769230769 0.15384615384615385
16 0.7837214091199443 0.6959439769510046 0.27699532212015615 0.26398838707170075
16 0.6179012465012121 0.7024556088905188 0.21756060748226452 0.22803273413236488
16 0.8137019230769231 0.9194711538461539 0.1658653846153846 0.16105769230769232