25 0.19831730769230768 0.19471153846153846 0.38221153846153844 0.3894230769230769
0 0.6790865384615384 0.07932692307692307 0.3581730769230769 0.15865384615384615
0 0.6682692307692307 0.29086538461538464 0.36538461538461536 0.1971153846153846
0 0.4338942307692308 0.2644230769230769 0.0889423076923077 0.25
17 0.13341346153846154 0.48197115384615385 0.2620192307692308 0.18509615384615385
17 0.10697115384615384 0.8689903846153846 0.21394230769230768 0.2620192307692308
17 0.30288461538461536 0.5540865384615384 0.17307692307692307 0.3293269230769231
17 0.30288461538461536 0.8076923076923077 0.17307692307692307 0.18269230769230768
17 0.8473557692307693 0.8341346153846154 0.30528846153846156 0.3317307692307692
17 0.96875 0.6610576923076923 0.0625 0.12980769230769232
17 0.8173076923076923 0.5204326923076923 0.2548076923076923 0.2620192307692308