24 0.2932692307692308 0.4411057692307692 0.17307692307692307 0.13701923076923078
24 0.14302884615384615 0.44350961538461536 0.1658653846153846 0.13221153846153846
24 0.03365384615384615 0.4387019230769231 0.0673076923076923 0.14182692307692307
24 0.18877529185005423 0.10205616871440225 0.14938736020043045 0.13063281720876538
19 0.5612980769230769 0.3713942307692308 0.3629807692307692 0.2764423076923077
19 0.3016826923076923 0.6550480769230769 0.15625 0.25240384615384615
19 0.25841346153846156 0.5997596153846154 0.19471153846153846 0.18028846153846154
19 0.28125 0.5504807692307693 0.1971153846153846 0.08173076923076923
24 0.5516826923076923 0.8774038461538461 0.34375 0.24519230769230768
24 0.5733173076923077 0.5504807692307693 0.12259615384615384 0.08173076923076923
24 0.4639423076923077 0.5673076923076923 0.16826923076923078 0.11538461538461539
24 0.47205653080104126 0.6726347875804581 0.17321580959657246 0.127166899656144
24 0.4074519230769231 0.6237980769230769 0.055288461538461536 0.12259615384615384