6 0.18509615384615385 0.4483173076923077 0.3701923076923077 0.38221153846153844
7 0.19912008211976542 0.42554355570142116 0.08612804159807133 0.07242824807493083
7 0.28324183567758937 0.47027159254011675 0.05830894888029165 0.06513108194921184
7 0.31357894045447143 0.5641072202042973 0.04620691150485028 0.10297683527370055
7 0.10887454727207 0.2941091159232506 0.07684027031686605 0.04198830788282233
7 0.23644602919313584 0.5533129318544704 0.06745683060265834 0.09076332983362789
6 0.33774038461538464 0.16947115384615385 0.2860576923076923 0.3389423076923077
7 0.6105769230769231 0.5336538461538461 0.14423076923076922 0.21153846153846154
7 0.7295673076923077 0.5288461538461539 0.37259615384615385 0.22115384615384615
7 0.9302884615384616 0.5877403846153846 0.13942307692307693 0.10336538461538461
7 0.5913461538461539 0.33653846153846156 0.10576923076923077 0.09134615384615384
7 0.8430895697051105 0.3681871308111405 0.08626793115691046 0.07723594038262313
7 0.9402133940347029 0.32349868295166384 0.06837897456190344 0.08120392568524792
7 0.796875 0.037259615384615384 0.40625 0.07451923076923077
11 0.2692307692307692 0.8197115384615384 0.5384615384615384 0.3605769230769231
10 0.7692307692307693 0.8197115384615384 0.46153846153846156 0.3605769230769231