11 0.14302884615384615 0.14302884615384615 0.2860576923076923 0.2860576923076923
11 0.20843813056474791 0.3645636728810462 0.14516372167829977 0.23585747796601317
11 0.8389423076923077 0.09495192307692307 0.1778846153846154 0.18990384615384615
11 0.7644230769230769 0.296875 0.25 0.38221153846153844
10 0.09134615384615384 0.6430288461538461 0.18269230769230768 0.31009615384615385
10 0.13524208427466028 0.6023075282769198 0.17064005298904442 0.19172197950839062
10 0.12980769230769232 0.8461538461538461 0.11057692307692307 0.3076923076923077
10 0.06129807692307692 0.8052884615384616 0.12259615384615384 0.3269230769230769
10 0.13822115384615385 0.8617788461538461 0.23798076923076922 0.2764423076923077
10 0.8629807692307693 0.7439903846153846 0.27403846153846156 0.5120192307692307
10 0.7079326923076923 0.7439903846153846 0.3004807692307692 0.5120192307692307