23 0.502855596998458 0.46153846153846156 0.14581283081573204 0.3425480769230769
23 0.2896257149414653 0.41947115384615385 0.29226731699552116 0.5336538461538461
24 0.5586450154237745 0.19471153846153846 0.15372196720608253 0.19591346153846154
24 0.5721153846153846 0.054086538461538464 0.13942307692307693 0.10817307692307693
24 0.46634615384615385 0.0625 0.17307692307692307 0.125
4 0.8581730769230769 0.46153846153846156 0.28365384615384615 0.35096153846153844
4 0.90625 0.19471153846153846 0.1875 0.3701923076923077
4 0.7944711538461539 0.09014423076923077 0.27163461538461536 0.18028846153846154
4 0.7007211538461539 0.5901442307692307 0.08413461538461539 0.17548076923076922
23 0.1814903846153846 0.9290865384615384 0.3629807692307692 0.14182692307692307
23 0.055288461538461536 0.9086538461538461 0.11057692307692307 0.18269230769230768
23 0.30649038461538464 0.7235576923076923 0.31490384615384615 0.0673076923076923
23 0.12860576923076922 0.7860576923076923 0.25721153846153844 0.19230769230769232
23 0.3388058195416758 0.8076923076923077 0.2525733579787399 0.22115384615384615
23 0.4543269230769231 0.8990384615384616 0.2644230769230769 0.20192307692307693
23 0.5480769230769231 0.7415865384615384 0.22115384615384615 0.10336538461538461
23 0.5673076923076923 0.8605769230769231 0.18269230769230768 0.27884615384615385
23 0.8112980769230769 0.8858173076923077 0.30528846153846156 0.2283653846153846
23 0.7103365384615384 0.8100961538461539 0.10336538461538461 0.2403846153846154
23 0.8665865384615384 0.7572115384615384 0.2668269230769231 0.1346153846153846