7 0.7247596153846154 0.24879807692307693 0.5504807692307693 0.07932692307692307
20 0.17668269230769232 0.6442307692307693 0.35336538461538464 0.7115384615384616
20 0.8021930644549703 0.43707523370815343 0.15177935208383161 0.1594060895448225
20 0.8323681736272517 0.5850962582417595 0.1497955302146248 0.16646358254536195
20 0.9266826923076923 0.46153846153846156 0.1466346153846154 0.18269230769230768
20 0.9375 0.5973557692307693 0.125 0.15625
20 0.7920673076923077 0.33052884615384615 0.1658653846153846 0.08413461538461539
20 0.890625 0.35697115384615385 0.15144230769230768 0.13701923076923078
20 0.9459134615384616 0.7079326923076923 0.10817307692307693 0.13221153846153846
20 0.8379566431519971 0.7016057739727984 0.19207285004925204 0.17276514734361278
20 0.6879273922541628 0.5722477613510529 0.15727523059547777 0.19208908081324394
20 0.6759329916010525 0.40743025435159236 0.1606009836364874 0.18751245669705013