11 0.3389423076923077 0.5396634615384616 0.46153846153846156 0.15625
10 0.6201923076923077 0.25961538461538464 0.10096153846153846 0.40384615384615385
10 0.6394230769230769 0.25721153846153844 0.13942307692307693 0.1971153846153846
10 0.6153846153846154 0.09735576923076923 0.09134615384615384 0.19471153846153846
10 0.6189903846153846 0.484375 0.0985576923076923 0.2668269230769231
10 0.5889423076923077 0.45913461538461536 0.038461538461538464 0.3173076923076923
10 0.65625 0.5 0.17307692307692307 0.23557692307692307
10 0.22596153846153846 0.7115384615384616 0.33653846153846156 0.1875
10 0.4519230769230769 0.7572115384615384 0.23557692307692307 0.27884615384615385
10 0.25961538461538464 0.8834134615384616 0.3076923076923077 0.23317307692307693
11 0.7848557692307693 0.7295673076923077 0.43028846153846156 0.22355769230769232
11 0.7848557692307693 0.9026442307692307 0.43028846153846156 0.19471153846153846