7 0.3629807692307692 0.2956730769230769 0.3701923076923077 0.3125
7 0.12139423076923077 0.3870192307692308 0.24278846153846154 0.28846153846153844
24 0.7740384615384616 0.27884615384615385 0.4519230769230769 0.5576923076923077
7 0.3293269230769231 0.9026442307692307 0.2403846153846154 0.19471153846153846
7 0.12620192307692307 0.8257211538461539 0.25240384615384615 0.3485576923076923
24 0.6394230769230769 0.8942307692307693 0.18269230769230768 0.21153846153846154
24 0.6286057692307693 0.6862980769230769 0.16105769230769232 0.17548076923076922
24 0.8689903846153846 0.5973557692307693 0.19471153846153846 0.07932692307692307
24 0.6538461538461539 0.5997596153846154 0.21153846153846154 0.08413461538461539
24 0.8822115384615384 0.8389423076923077 0.23557692307692307 0.24519230769230768
24 0.7776442307692307 0.9591346153846154 0.17067307692307693 0.08173076923076923
24 0.8509615384615384 0.6742788461538461 0.2980769230769231 0.16105769230769232