0 0.13701923076923078 0.20552884615384615 0.27403846153846156 0.4110576923076923
20 0.49038461538461536 0.36538461538461536 0.10096153846153846 0.1875
20 0.6382211538461539 0.41346153846153844 0.15625 0.09134615384615384
20 0.8317307692307693 0.39903846153846156 0.16346153846153846 0.1201923076923077
20 0.9459134615384616 0.40024038461538464 0.10817307692307693 0.11778846153846154
20 0.8728314976335572 0.29267774117899603 0.1486127152752597 0.13857602722053494
20 0.6553953020529986 0.2810439181958306 0.1427988922400514 0.1720200129808007
20 0.7707519471019844 0.28182229094678274 0.10781026391504156 0.14796628423649702
20 0.16947115384615385 0.5108173076923077 0.2620192307692308 0.10336538461538461
20 0.3545673076923077 0.4891826923076923 0.17067307692307693 0.06009615384615385
20 0.375 0.6057692307692307 0.12980769230769232 0.20673076923076922
20 0.207448601307783 0.6282432367787674 0.21514503212438013 0.21420179924222482
20 0.0673076923076923 0.6081730769230769 0.1346153846153846 0.17307692307692307
20 0.051682692307692304 0.5216346153846154 0.10336538461538461 0.11538461538461539
25 0.6840954129922464 0.8178647160486329 0.35191952245685204 0.1769193085235461
25 0.5949519230769231 0.6237980769230769 0.21394230769230768 0.3293269230769231
25 0.6129807692307693 0.9230769230769231 0.23076923076923078 0.15384615384615385