18 0.21995192307692307 0.24879807692307693 0.43990384615384615 0.28125
18 0.21995192307692307 0.1346153846153846 0.43990384615384615 0.2692307692307692
4 0.7199519230769231 0.15264423076923078 0.5600961538461539 0.30528846153846156
4 0.13942307692307693 0.41466346153846156 0.16346153846153846 0.05048076923076923
4 0.35697115384615385 0.5288461538461539 0.1658653846153846 0.11538461538461539
4 0.3557692307692308 0.796875 0.16826923076923078 0.13701923076923078
4 0.3786057692307692 0.6189903846153846 0.12259615384615384 0.16105769230769232
4 0.17067307692307693 0.49399038461538464 0.18269230769230768 0.2091346153846154
24 0.03125 0.6490384615384616 0.0625 0.1346153846153846
24 0.025240384615384616 0.84375 0.05048076923076923 0.125
24 0.20348219134367257 0.6797505345421736 0.1554806681483076 0.13385227907027458
24 0.3145937450141829 0.6114126370112328 0.1686793797599539 0.1043078670917902
24 0.27403846153846156 0.43149038461538464 0.08173076923076923 0.08413461538461539
11 0.10801807990766973 0.7185440200946298 0.0990392581453802 0.1330815144475437
16 0.109375 0.8449519230769231 0.21875 0.07932692307692307
12 0.4675480769230769 0.8052884615384616 0.055288461538461536 0.17307692307692307
12 0.6622596153846154 0.9362980769230769 0.30528846153846156 0.12740384615384615
12 0.7420804818384017 0.8296208295267348 0.33024926042672603 0.1519574612533316
12 0.7466351207969234 0.7178419833728886 0.2856536249777078 0.17680482995442978
12 0.776234245921001 0.6117522431797716 0.28190093190956733 0.17307314448751235
12 0.6826923076923077 0.46274038461538464 0.4855769230769231 0.1466346153846154