20 0.6057692307692307 0.07211538461538461 0.03365384615384615 0.14423076923076922
20 0.6790538173140012 0.07185154971554433 0.16058220813074306 0.13942609174022444
20 0.7560096153846154 0.018028846153846152 0.12259615384615384 0.036057692307692304
20 0.6916301209113267 0.17381918576303362 0.15729681895266706 0.11773552621533138
20 0.6177884615384616 0.1778846153846154 0.057692307692307696 0.15384615384615385
20 0.40384615384615385 0.8966346153846154 0.25 0.20673076923076922
20 0.4807692307692308 0.5685096153846154 0.21634615384615385 0.25721153846153844
20 0.2091346153846154 0.8581730769230769 0.30288461538461536 0.28365384615384615
20 0.08052884615384616 0.9158653846153846 0.16105769230769232 0.16826923076923078
20 0.10216346153846154 0.6033653846153846 0.20432692307692307 0.3125
20 0.08533653846153846 0.4050480769230769 0.17067307692307693 0.19471153846153846
20 0.28647392295915436 0.5730814478626063 0.20526761251779144 0.23412724412494676
7 0.7391826923076923 0.6538461538461539 0.3004807692307692 0.6923076923076923