16 0.21634615384615385 0.3605769230769231 0.40384615384615385 0.2932692307692308
16 0.32572115384615385 0.5961538461538461 0.18509615384615385 0.2980769230769231
16 0.1486482295068489 0.5746820481159676 0.20551375359510643 0.18660248303376265
16 0.05048076923076923 0.4519230769230769 0.10096153846153846 0.33653846153846156
16 0.3233173076923077 0.7367788461538461 0.18990384615384615 0.06490384615384616
16 0.14423076923076922 0.6935096153846154 0.24519230769230768 0.15144230769230768
16 0.03365384615384615 0.6887019230769231 0.0673076923076923 0.16105769230769232
22 0.7932692307692307 0.3389423076923077 0.41346153846153844 0.6778846153846154
15 0.21033653846153846 0.8846153846153846 0.41586538461538464 0.23076923076923078
15 0.828125 0.8125 0.2620192307692308 0.08653846153846154
15 0.9146634615384616 0.9002403846153846 0.17067307692307693 0.13221153846153846