16 0.4831730769230769 0.23677884615384615 0.3317307692307692 0.30528846153846156
16 0.2848557692307692 0.19471153846153846 0.47836538461538464 0.3894230769230769
16 0.1658653846153846 0.25600961538461536 0.3317307692307692 0.2668269230769231
16 0.8822115384615384 0.054086538461538464 0.21634615384615385 0.10817307692307693
14 0.9098557692307693 0.35096153846153844 0.08413461538461539 0.07692307692307693
14 0.96875 0.3629807692307692 0.0625 0.052884615384615384
3 0.6875 0.35216346153846156 0.07211538461538461 0.07451923076923077
16 0.29167939354494526 0.6074571552957274 0.34171755602650006 0.428677360400498
16 0.4026442307692308 0.8221153846153846 0.4495192307692308 0.3557692307692308
16 0.15625 0.8978365384615384 0.2932692307692308 0.20432692307692307
15 0.8245192307692307 0.6947115384615384 0.35096153846153844 0.6105769230769231