20 0.07692307692307693 0.4266826923076923 0.15384615384615385 0.2764423076923077
20 0.09014423076923077 0.27283653846153844 0.18028846153846154 0.24278846153846154
20 0.17067307692307693 0.46274038461538464 0.15865384615384615 0.21394230769230768
20 0.9675480769230769 0.12620192307692307 0.06490384615384616 0.18509615384615385
20 0.9447115384615384 0.25721153846153844 0.11057692307692307 0.13942307692307693
20 0.9651442307692307 0.390625 0.06971153846153846 0.16105769230769232
20 0.9507211538461539 0.4879807692307692 0.0985576923076923 0.16346153846153846
20 0.8769054159807139 0.3474697378477551 0.1463733337391912 0.16368283408100837
20 0.8474333722104491 0.20071425303412072 0.1429424264569706 0.16950347910763186
20 0.90625 0.07211538461538461 0.13942307692307693 0.14423076923076922
24 0.125 0.7848557692307693 0.25 0.43028846153846156
17 0.625 0.7848557692307693 0.75 0.43028846153846156
17 0.3425480769230769 0.8137019230769231 0.18509615384615385 0.37259615384615385