18 0.47475961538461536 0.4254807692307692 0.18990384615384615 0.125
18 0.25961538461538464 0.421875 0.32211538461538464 0.13221153846153846
18 0.09254807692307693 0.4014423076923077 0.18509615384615385 0.17307692307692307
18 0.5504807692307693 0.3401442307692308 0.038461538461538464 0.1466346153846154
18 0.37581631643125035 0.3264282598406093 0.27984591699239564 0.14248417230007945
18 0.13701923076923078 0.31009615384615385 0.27403846153846156 0.10576923076923077
10 0.7848557692307693 0.19951923076923078 0.43028846153846156 0.39903846153846156
4 0.20432692307692307 0.8305288461538461 0.40865384615384615 0.3389423076923077
4 0.38461538461538464 0.7752403846153846 0.3701923076923077 0.4495192307692308
18 0.8990384615384616 0.5649038461538461 0.20192307692307693 0.15384615384615385
18 0.8870192307692307 0.7728365384615384 0.22596153846153846 0.19951923076923078