19 0.25240384615384615 0.23197115384615385 0.4519230769230769 0.4639423076923077
24 0.6394230769230769 0.2704326923076923 0.32211538461538464 0.41586538461538464
24 0.8088942307692307 0.13822115384615385 0.38221153846153844 0.2764423076923077
24 0.9086538461538461 0.3233173076923077 0.18269230769230768 0.31009615384615385
24 0.3137019230769231 0.9375 0.17067307692307693 0.125
24 0.375 0.7439903846153846 0.20673076923076922 0.2668269230769231
24 0.4098557692307692 0.5649038461538461 0.13701923076923078 0.17307692307692307
24 0.2824519230769231 0.5973557692307693 0.24278846153846154 0.23798076923076922
24 0.203125 0.5324519230769231 0.1658653846153846 0.10817307692307693
19 0.6021634615384616 0.859375 0.24759615384615385 0.28125
19 0.8581730769230769 0.6778846153846154 0.28365384615384615 0.39903846153846156
19 0.8209134615384616 0.8918269230769231 0.23798076923076922 0.21634615384615385
19 0.703125 0.6213942307692307 0.4495192307692308 0.2860576923076923
19 0.5012019230769231 0.8052884615384616 0.04567307692307692 0.3894230769230769