9 0.25 0.25 0.21634615384615385 0.5
12 0.6754807692307693 0.25 0.6346153846153846 0.5
12 0.4807692307692308 0.25 0.24519230769230768 0.5
12 0.7824519230769231 0.19230769230769232 0.43509615384615385 0.38461538461538464
18 0.054086538461538464 0.6490384615384616 0.10817307692307693 0.28365384615384615
18 0.109375 0.828125 0.21875 0.34375
18 0.18269230769230768 0.9483173076923077 0.20192307692307693 0.10336538461538461
18 0.23584963920496763 0.7630012968226001 0.10549450476308773 0.24813554133298318
18 0.1466346153846154 0.5709134615384616 0.23076923076923078 0.14182692307692307
12 0.47475961538461536 0.7644230769230769 0.23317307692307693 0.23076923076923078
12 0.78694887479594 0.6755877734717666 0.25573388443942346 0.19909628433893928