24 0.2848557692307692 0.21995192307692307 0.5697115384615384 0.43990384615384615
24 0.6538461538461539 0.2283653846153846 0.16826923076923078 0.32211538461538464
24 0.4951923076923077 0.9362980769230769 0.09615384615384616 0.12740384615384615
24 0.46642434679564515 0.8197115384615384 0.1421009871964391 0.18870192307692307
24 0.421875 0.9903846153846154 0.13221153846153846 0.019230769230769232
24 0.30408653846153844 0.9759615384615384 0.12259615384615384 0.04807692307692308
24 0.14423076923076922 0.9927884615384616 0.16346153846153846 0.014423076923076924
24 0.2109765316753629 0.8533653846153846 0.1663335299025347 0.16947115384615385
24 0.0673076923076923 0.7175480769230769 0.1346153846153846 0.17548076923076922
24 0.06800901523722179 0.5793269230769231 0.1299659978078315 0.140625
24 0.13942307692307693 0.4891826923076923 0.1346153846153846 0.0985576923076923
14 0.7848557692307693 0.7872596153846154 0.43028846153846156 0.4254807692307692
14 0.6706730769230769 0.6105769230769231 0.20192307692307693 0.34134615384615385