23 0.25240384615384615 0.22716346153846154 0.34615384615384615 0.4543269230769231
23 0.30528846153846156 0.45913461538461536 0.3076923076923077 0.1778846153846154
23 0.5528846153846154 0.15985576923076922 0.1875 0.31971153846153844
23 0.6394230769230769 0.39783653846153844 0.3605769230769231 0.3004807692307692
23 0.8088942307692307 0.1778846153846154 0.38221153846153844 0.3557692307692308
23 0.8617788461538461 0.36899038461538464 0.2764423076923077 0.3581730769230769
12 0.21634615384615385 0.7007211538461539 0.32211538461538464 0.30528846153846156
12 0.3161057692307692 0.9230769230769231 0.2860576923076923 0.15384615384615385
12 0.3629807692307692 0.7824519230769231 0.19230769230769232 0.29086538461538464
12 0.3786057692307692 0.6189903846153846 0.16105769230769232 0.14182692307692307
23 0.6742788461538461 0.75 0.3485576923076923 0.40384615384615385
23 0.5901442307692307 0.9326923076923077 0.2620192307692308 0.1346153846153846