13 0.8629807692307693 0.2608173076923077 0.27403846153846156 0.47836538461538464
15 0.71875 0.009615384615384616 0.14423076923076922 0.019230769230769232
14 0.609375 0.45072115384615385 0.11778846153846154 0.0985576923076923
3 0.2776442307692308 0.9206730769230769 0.3389423076923077 0.15865384615384615
3 0.15745192307692307 0.78125 0.31490384615384615 0.23557692307692307
3 0.2673835919685728 0.7160685596363303 0.3830908344458248 0.21475033524342743
3 0.22115384615384615 0.5889423076923077 0.2932692307692308 0.1778846153846154
14 0.9002403846153846 0.8834134615384616 0.19951923076923078 0.23317307692307693
14 0.9278846153846154 0.6586538461538461 0.14423076923076922 0.3173076923076923
14 0.8185096153846154 0.5661057692307693 0.33413461538461536 0.13221153846153846
14 0.7824519230769231 0.9122596153846154 0.17548076923076922 0.17548076923076922
14 0.8126484141348325 0.7574094284286641 0.18821135458327293 0.20321067879458793
14 0.6961112282856033 0.6506913279316807 0.2062138674672906 0.2291367079843738
14 0.6726161799294013 0.841676705703028 0.13985784309867488 0.24682682199446157