10 0.4254807692307692 0.41225961538461536 0.20673076923076922 0.37259615384615385
10 0.1346153846153846 0.4326923076923077 0.2692307692307692 0.3125
10 0.04567307692307692 0.038461538461538464 0.09134615384615384 0.07692307692307693
10 0.6959134615384616 0.29927884615384615 0.33413461538461536 0.5985576923076923
18 0.07211538461538461 0.9326923076923077 0.14423076923076922 0.1346153846153846
18 0.057692307692307696 0.8100961538461539 0.11538461538461539 0.20673076923076922
18 0.2848557692307692 0.9519230769230769 0.23798076923076922 0.09615384615384616
18 0.34195808960837487 0.8321714336340355 0.2266011860084816 0.24664927563569788
18 0.18487989530954121 0.8607094778578227 0.15463766375842183 0.2257309273468757
18 0.23076923076923078 0.6875 0.27403846153846156 0.1778846153846154
18 0.06370192307692307 0.6742788461538461 0.12740384615384615 0.15144230769230768