21 0.2403846153846154 0.38461538461538464 0.4182692307692308 0.3269230769230769
21 0.21995192307692307 0.140625 0.43990384615384615 0.28125
19 0.6838942307692307 0.038461538461538464 0.2860576923076923 0.07692307692307693
19 0.6286057692307693 0.31971153846153844 0.3581730769230769 0.3894230769230769
19 0.5721153846153846 0.20552884615384615 0.24519230769230768 0.29086538461538464
19 0.5697115384615384 0.046875 0.20192307692307693 0.09375
19 0.47475961538461536 0.03365384615384615 0.05048076923076923 0.0673076923076923
10 0.3858173076923077 0.7463942307692307 0.12740384615384615 0.18990384615384615
10 0.20984946204418814 0.7065802211870434 0.2635143118905668 0.23195748069569078
10 0.3798076923076923 0.6213942307692307 0.13942307692307693 0.1466346153846154
10 0.2536057692307692 0.6129807692307693 0.18509615384615385 0.12980769230769232
10 0.13581730769230768 0.5961538461538461 0.17067307692307693 0.09615384615384616
11 0.7007211538461539 0.7740384615384616 0.5024038461538461 0.4519230769230769