23 0.21153846153846154 0.042067307692307696 0.27884615384615385 0.08413461538461539
23 0.43028846153846156 0.10336538461538461 0.3269230769230769 0.20673076923076922
23 0.2403846153846154 0.29447115384615385 0.4807692307692308 0.4495192307692308
23 0.055288461538461536 0.22716346153846154 0.11057692307692307 0.36778846153846156
23 0.2920673076923077 0.45913461538461536 0.5120192307692307 0.1201923076923077
18 0.8112980769230769 0.25961538461538464 0.3245192307692308 0.5192307692307693
12 0.15144230769230768 0.7668269230769231 0.30288461538461536 0.46634615384615385
12 0.25240384615384615 0.7355769230769231 0.18269230769230768 0.4326923076923077
12 0.7235576923076923 0.5961538461538461 0.14903846153846154 0.15384615384615385
12 0.8365384615384616 0.7680288461538461 0.3269230769230769 0.21875
12 0.8713942307692307 0.6105769230769231 0.25721153846153844 0.18269230769230768