16 0.20192307692307693 0.12740384615384615 0.40384615384615385 0.2548076923076923
16 0.2931114297388894 0.33569256867787856 0.36698622895587635 0.43651941620634677
16 0.4098557692307692 0.13822115384615385 0.18028846153846154 0.2764423076923077
16 0.4254807692307692 0.05048076923076923 0.14903846153846154 0.10096153846153846
16 0.38822115384615385 0.5216346153846154 0.22355769230769232 0.2692307692307692
16 0.46634615384615385 0.296875 0.0673076923076923 0.2764423076923077
16 0.4567307692307692 0.5600961538461539 0.08653846153846154 0.21634615384615385
15 0.9543269230769231 0.3125 0.09134615384615384 0.46153846153846156
15 0.8040865384615384 0.22115384615384615 0.3918269230769231 0.4423076923076923
15 0.7020470364722228 0.48791447677136685 0.1497668183011218 0.08551318868530143
15 0.7331730769230769 0.578125 0.21153846153846154 0.18028846153846154
15 0.20552884615384615 0.8341346153846154 0.4110576923076923 0.3317307692307692
3 0.6189903846153846 0.8509615384615384 0.23798076923076922 0.21634615384615385
3 0.5649038461538461 0.9230769230769231 0.12980769230769232 0.15384615384615385
24 0.8209134615384616 0.9423076923076923 0.2764423076923077 0.11538461538461539
24 0.8218976136885687 0.7785876910552705 0.20743316080138902 0.18864171390969794
24 0.9326923076923077 0.8497596153846154 0.1346153846153846 0.18990384615384615