3 0.25240384615384615 0.21153846153846154 0.4951923076923077 0.4230769230769231
3 0.25 0.31850961538461536 0.5 0.3004807692307692
3 0.8252461077469706 0.2523889352913467 0.3128642686906826 0.3578154306455664
3 0.6057692307692307 0.06009615384615385 0.21153846153846154 0.1201923076923077
3 0.5649038461538461 0.3449519230769231 0.12980769230769232 0.24759615384615385
22 0.20552884615384615 0.5528846153846154 0.4110576923076923 0.16826923076923078
22 0.298483738648368 0.7884186525289001 0.3169688480664546 0.3903233038627673
22 0.09375 0.6790865384615384 0.1875 0.34375
22 0.026442307692307692 0.7884615384615384 0.052884615384615384 0.2644230769230769
22 0.11778846153846154 0.9158653846153846 0.1971153846153846 0.16826923076923078
22 0.057692307692307696 0.9459134615384616 0.11538461538461539 0.10817307692307693
22 0.265625 0.9603365384615384 0.3245192307692308 0.07932692307692307
22 0.7379807692307693 0.7235576923076923 0.47596153846153844 0.5096153846153846