3 0.125 0.3449519230769231 0.25 0.0889423076923077
3 0.2091346153846154 0.15384615384615385 0.4182692307692308 0.3076923076923077
23 0.7451923076923077 0.19471153846153846 0.4375 0.3894230769230769
24 0.5757211538461539 0.22596153846153846 0.19471153846153846 0.3269230769230769
9 0.23918269230769232 0.7944711538461539 0.47836538461538464 0.17548076923076922
9 0.07572115384615384 0.7836538461538461 0.15144230769230768 0.4326923076923077
9 0.23317307692307693 0.7163461538461539 0.46634615384615385 0.5673076923076923
9 0.36538461538461536 0.8629807692307693 0.22596153846153846 0.2548076923076923
12 0.6931669002062636 0.9032729963750743 0.18356567042965344 0.14252806443434643
12 0.6944585922212168 0.7830177497467272 0.14711618122230327 0.1322832904585693
12 0.6748543781818552 0.7032922134082222 0.14895886440461253 0.08907699862537778
12 0.6878224786788386 0.591660224771801 0.19156080269050746 0.1618847115371942
12 0.6992948084241555 0.4872187949515719 0.1486833688209344 0.17074482892010787