20 0.4110576923076923 0.5865384615384616 0.11538461538461539 0.0625
20 0.29447115384615385 0.5588942307692307 0.21394230769230768 0.11778846153846154
20 0.2606750564469671 0.10232128300848002 0.17658785814413192 0.17124282337516478
20 0.41346153846153844 0.0625 0.11057692307692307 0.125
20 0.10380575271522276 0.20242672297716524 0.1746621860519199 0.19992103582030515
20 0.15102852980196138 0.45452101959881275 0.24761761923658307 0.21770294076365226
20 0.34490114126945165 0.30689514729590195 0.23829410508140306 0.2016860774946207
20 0.7920673076923077 0.41947115384615385 0.41586538461538464 0.34375
20 0.8449519230769231 0.17427884615384615 0.31009615384615385 0.3485576923076923
7 0.2668269230769231 0.8088942307692307 0.3269230769230769 0.38221153846153844
7 0.8689903846153846 0.8028846153846154 0.2620192307692308 0.3701923076923077