11 0.3954326923076923 0.20432692307692307 0.1466346153846154 0.40865384615384615
11 0.24278846153846154 0.24759615384615385 0.4519230769230769 0.32211538461538464
11 0.7920673076923077 0.35096153846153844 0.41586538461538464 0.11538461538461539
11 0.734375 0.21514423076923078 0.53125 0.23798076923076922
11 0.734375 0.06129807692307692 0.53125 0.12259615384615384
11 0.234375 0.7043269230769231 0.46875 0.5913461538461539
14 0.9519230769230769 0.6081730769230769 0.09615384615384616 0.39903846153846156
14 0.7690123477594142 0.7531855525692919 0.4551839659838237 0.444821896225899
14 0.8016826923076923 0.4795673076923077 0.39663461538461536 0.14182692307692307
14 0.5012019230769231 0.8137019230769231 0.06490384615384616 0.18509615384615385
14 0.5408653846153846 0.6514423076923077 0.14423076923076922 0.20673076923076922
14 0.578125 0.5120192307692307 0.21875 0.20673076923076922