10 0.2644230769230769 0.22235576923076922 0.5288461538461539 0.3245192307692308
10 0.3701923076923077 0.055288461538461536 0.4951923076923077 0.11057692307692307
10 0.5504807692307693 0.19831730769230768 0.1346153846153846 0.30528846153846156
10 0.9050480769230769 0.15384615384615385 0.18990384615384615 0.3076923076923077
10 0.9399038461538461 0.3173076923076923 0.1201923076923077 0.30288461538461536
11 0.06850961538461539 0.6538461538461539 0.13701923076923078 0.3701923076923077
11 0.33653846153846156 0.6766826923076923 0.5625 0.41586538461538464
11 0.6862980769230769 0.9471153846153846 0.13701923076923078 0.10576923076923077
11 0.7330776441492135 0.6826044830466654 0.2185058266053246 0.2069063166232543
11 0.9507211538461539 0.8473557692307693 0.0985576923076923 0.24759615384615385
24 0.7977372659589845 0.8592146688639575 0.27903696844448117 0.25583794848034047