18 0.3737980769230769 0.5192307692307693 0.13221153846153846 0.10096153846153846
18 0.3377402827165852 0.40056099593807015 0.2131372300684817 0.156299631156337
18 0.34847747579027133 0.2998512899488279 0.20526940555332865 0.1716308266053246
18 0.34615384615384615 0.1201923076923077 0.23076923076923078 0.2403846153846154
18 0.15144230769230768 0.12620192307692307 0.28846153846153844 0.25240384615384615
18 0.18006706157905022 0.3324787094688364 0.20550980035859331 0.2472680362940465
18 0.20552884615384615 0.5084134615384616 0.24278846153846154 0.12259615384615384
18 0.08052884615384616 0.4951923076923077 0.15144230769230768 0.14903846153846154
18 0.04447115384615385 0.28966346153846156 0.0889423076923077 0.31490384615384615
12 0.78125 0.4254807692307692 0.4375 0.28846153846153844
12 0.9375 0.25600961538461536 0.125 0.5120192307692307
12 0.7764423076923077 0.203125 0.35096153846153844 0.40625
18 0.23677884615384615 0.7848557692307693 0.4735576923076923 0.43028846153846156
10 0.7644230769230769 0.5913461538461539 0.4519230769230769 0.04326923076923077
10 0.7692307692307693 0.6682692307692307 0.46153846153846156 0.1971153846153846