10 0.41346153846153844 0.40384615384615385 0.33653846153846156 0.19230769230769232
10 0.5540865384615384 0.3329326923076923 0.12740384615384615 0.2283653846153846
10 0.17427884615384615 0.2247596153846154 0.3485576923076923 0.28125
10 0.5 0.21153846153846154 0.23557692307692307 0.25961538461538464
10 0.10336538461538461 0.41466346153846156 0.20673076923076922 0.17067307692307693
10 0.7896634615384616 0.40865384615384615 0.18990384615384615 0.18269230769230768
10 0.6959134615384616 0.21153846153846154 0.15625 0.18269230769230768
10 0.7716346153846154 0.06009615384615385 0.3076923076923077 0.1201923076923077
10 0.8134353271999305 0.11961297575608167 0.21866929245818822 0.19592671724785185
10 0.359375 0.75 0.37259615384615385 0.5
10 0.1622596153846154 0.75 0.3245192307692308 0.5
10 0.7512019230769231 0.8112980769230769 0.2668269230769231 0.37740384615384615
10 0.8389423076923077 0.7788461538461539 0.32211538461538464 0.3605769230769231