3 0.17668269230769232 0.16947115384615385 0.23317307692307693 0.3389423076923077
3 0.3389423076923077 0.3016826923076923 0.25961538461538464 0.07451923076923077
3 0.3061942629568665 0.2319112572556386 0.2636130072329345 0.19888804095229157
3 0.3161057692307692 0.09134615384615384 0.25721153846153844 0.18269230769230768
3 0.42788461538461536 0.22596153846153846 0.08173076923076923 0.22596153846153846
3 0.4182692307692308 0.08173076923076923 0.10096153846153846 0.16346153846153846
17 0.6213942307692307 0.2127403846153846 0.30528846153846156 0.25240384615384615
3 0.4014423076923077 0.5961538461538461 0.1346153846153846 0.3317307692307692
3 0.15745192307692307 0.5877403846153846 0.31490384615384615 0.31490384615384615
3 0.2034171543368601 0.8245680908525814 0.3063425221522086 0.22458216547882925
3 0.42427884615384615 0.8605769230769231 0.0889423076923077 0.1875
3 0.734375 0.6694711538461539 0.53125 0.6610576923076923