9 0.2644230769230769 0.054086538461538464 0.5288461538461539 0.10817307692307693
9 0.29927884615384615 0.11298076923076923 0.45913461538461536 0.22596153846153846
18 0.8257211538461539 0.1201923076923077 0.2668269230769231 0.2403846153846154
18 0.6237980769230769 0.25841346153846156 0.18990384615384615 0.2283653846153846
18 0.5925480769230769 0.10817307692307693 0.12740384615384615 0.20192307692307693
18 0.6754807692307693 0.08653846153846154 0.21153846153846154 0.17307692307692307
18 0.8509615384615384 0.021634615384615384 0.21153846153846154 0.04326923076923077
18 0.9507211538461539 0.06009615384615385 0.0985576923076923 0.1201923076923077
18 0.9603365384615384 0.2091346153846154 0.07932692307692307 0.27884615384615385
18 0.8293269230769231 0.30743715571699176 0.3016826923076923 0.20700416618830175
18 0.3641826923076923 0.7632211538461539 0.3293269230769231 0.46875
18 0.22716346153846154 0.6778846153846154 0.4543269230769231 0.2980769230769231
18 0.06009615384615385 0.65625 0.1201923076923077 0.2548076923076923
12 0.765625 0.5961538461538461 0.46875 0.1346153846153846