6 0.0829326923076923 0.06610576923076923 0.1658653846153846 0.13221153846153846
6 0.06370192307692307 0.24879807692307693 0.12740384615384615 0.25240384615384615
6 0.12860576923076922 0.11899038461538461 0.13221153846153846 0.23798076923076922
6 0.09948632864623838 0.344677031706226 0.16445120624568113 0.25274089054536997
6 0.08413461538461539 0.4675480769230769 0.16826923076923078 0.10336538461538461
20 0.4014423076923077 0.43028846153846156 0.24519230769230768 0.1778846153846154
20 0.6512249275804647 0.39294137995980905 0.2577111779136019 0.24978774470721946
20 0.4338157371770371 0.2536487000116277 0.26570461516742405 0.24306623457776028
20 0.390625 0.16466346153846154 0.22355769230769232 0.24278846153846154
20 0.6880622755299799 0.15388684147655152 0.20816416984044123 0.22174719819423958
20 0.46875 0.038461538461538464 0.19230769230769232 0.07692307692307693
20 0.6117788461538461 0.06370192307692307 0.23798076923076922 0.12740384615384615
25 0.08413461538461539 0.6370192307692307 0.16826923076923078 0.23557692307692307
25 0.16105769230769232 0.7548076923076923 0.23557692307692307 0.2644230769230769
0 0.5556096484157084 0.7288509266465422 0.4464001251448496 0.4045191210539713