16 0.25961538461538464 0.28966346153846156 0.5192307692307693 0.5793269230769231
5 0.9555288461538461 0.4206730769230769 0.0889423076923077 0.3173076923076923
5 0.9254807692307693 0.3329326923076923 0.14903846153846154 0.28125
5 0.8966346153846154 0.0985576923076923 0.20673076923076922 0.1971153846153846
5 0.7415865384615384 0.03365384615384615 0.3918269230769231 0.0673076923076923
5 0.703125 0.17668269230769232 0.36778846153846156 0.35336538461538464
5 0.7175480769230769 0.3870192307692308 0.39663461538461536 0.38461538461538464
5 0.27403846153846156 0.7896634615384616 0.49038461538461536 0.4206730769230769
5 0.15745192307692307 0.6574519230769231 0.31490384615384615 0.15625
5 0.15504807692307693 0.7932692307692307 0.31009615384615385 0.41346153846153844
8 0.7896634615384616 0.7896634615384616 0.4206730769230769 0.4206730769230769