2 0.34134615384615385 0.17548076923076922 0.17307692307692307 0.23076923076923078
2 0.3641826923076923 0.37740384615384615 0.12740384615384615 0.2403846153846154
2 0.17074273003095192 0.16642832506382502 0.22675852156628962 0.2286585426597975
2 0.2097701834057431 0.3803969660259611 0.2696264971746606 0.2618118785379507
2 0.057692307692307696 0.17908653846153846 0.11538461538461539 0.23317307692307693
2 0.06610576923076923 0.4182692307692308 0.13221153846153846 0.25961538461538464
19 0.574506333929638 0.25132696157137013 0.14738501636993556 0.24293669752434172
19 0.6683029160490689 0.22887565852416808 0.18439742205469017 0.2782139772213185
19 0.7702818915154629 0.20242672297716524 0.20951420182014446 0.29616050963833185
19 0.85450967113894 0.16233843704514847 0.20780356024079355 0.3068658563966305
19 0.9423076923076923 0.18269230769230768 0.11538461538461539 0.2932692307692308
14 0.9927884615384616 0.030048076923076924 0.014423076923076924 0.055288461538461536
19 0.21394230769230768 0.7391826923076923 0.42788461538461536 0.38221153846153844
19 0.07211538461538461 0.8834134615384616 0.14423076923076922 0.23317307692307693
2 0.765625 0.7740384615384616 0.46875 0.4519230769230769