0 0.0829326923076923 0.19471153846153846 0.1658653846153846 0.3701923076923077
0 0.23798076923076922 0.27283653846153844 0.25 0.21394230769230768
0 0.20432692307692307 0.10336538461538461 0.40865384615384615 0.20673076923076922
20 0.7982242991413262 0.28556572364918414 0.17115012940948057 0.15547648289099697
20 0.6828515380271558 0.26313996503358233 0.12187128325563443 0.15461631743179374
20 0.6838942307692307 0.3425480769230769 0.12259615384615384 0.07451923076923077
20 0.7259615384615384 0.3557692307692308 0.14903846153846154 0.04807692307692308
24 0.3942307692307692 0.9170673076923077 0.2403846153846154 0.1658653846153846
24 0.2606124203690505 0.8613796091377153 0.16018095935184817 0.1732955325913788
24 0.304478367904366 0.6868429239475347 0.15609701605944493 0.1444074194545322
24 0.390625 0.48197115384615385 0.2283653846153846 0.20432692307692307
24 0.7644230769230769 0.5132211538461539 0.47115384615384615 0.2668269230769231
24 0.6225961538461539 0.5901442307692307 0.1875 0.4206730769230769
24 0.8473557692307693 0.5865384615384616 0.30528846153846156 0.41346153846153844