9 0.14302884615384615 0.30408653846153844 0.2860576923076923 0.6081730769230769
4 0.6850961538461539 0.2800480769230769 0.2932692307692308 0.5600961538461539
18 0.17548076923076922 0.9435096153846154 0.16346153846153846 0.11298076923076923
18 0.11978862397903513 0.8419369585647141 0.2224590929390834 0.19858626100218182
18 0.38822115384615385 0.9507211538461539 0.22355769230769232 0.0985576923076923
18 0.4362980769230769 0.8293269230769231 0.20432692307692307 0.23557692307692307
18 0.2942311867686512 0.8711389494846574 0.14672608482248442 0.2149875856727172
18 0.33774038461538464 0.6983173076923077 0.25721153846153844 0.18028846153846154
18 0.13942307692307693 0.6959134615384616 0.20192307692307693 0.17548076923076922
18 0.040865384615384616 0.7463942307692307 0.08173076923076923 0.2764423076923077
10 0.7692307692307693 0.6646634615384616 0.46153846153846156 0.11298076923076923