2 0.9387019230769231 0.06490384615384616 0.12259615384615384 0.12980769230769232
2 0.8773948017024035 0.16633374799283102 0.21277237944172028 0.2249060892852112
2 0.7618113460096683 0.33891971373130164 0.2380127640571049 0.22696644383161535
2 0.6742788461538461 0.4182692307692308 0.1658653846153846 0.1201923076923077
2 0.5276442307692307 0.6502403846153846 0.12259615384615384 0.18028846153846154
2 0.40092569222216823 0.6637328841321385 0.1575108880343484 0.1700102745978618
2 0.2131469464598285 0.6394730256310786 0.1867766679325856 0.19039381166188407
2 0.5504807692307693 0.5456730769230769 0.07692307692307693 0.1346153846153846
2 0.4411057692307692 0.5228365384615384 0.18990384615384615 0.0889423076923077
2 0.2800480769230769 0.53125 0.17548076923076922 0.10576923076923077
2 0.11298076923076923 0.5336538461538461 0.18269230769230768 0.11057692307692307
11 0.640625 0.6766826923076923 0.10336538461538461 0.33413461538461536