15 0.06129807692307692 0.4879807692307692 0.12259615384615384 0.08173076923076923
15 0.026442307692307692 0.44591346153846156 0.052884615384615384 0.07451923076923077
15 0.021634615384615384 0.359375 0.04326923076923077 0.09375
15 0.037259615384615384 0.25721153846153844 0.07451923076923077 0.09615384615384616
15 0.25856925269070463 0.289134993126889 0.14387111307516037 0.19353940809095332
15 0.10897128974946527 0.31057197864239505 0.12248726838274575 0.1523173695046796
15 0.19110576923076922 0.04447115384615385 0.13221153846153846 0.0889423076923077
15 0.14590022898765995 0.06712706480601718 0.0832983780975962 0.12039602085359445
15 0.06490384615384616 0.11778846153846154 0.12980769230769232 0.125
15 0.1346153846153846 0.009615384615384616 0.1201923076923077 0.019230769230769232
8 0.7548076923076923 0.4014423076923077 0.49038461538461536 0.41346153846153844
16 0.16346153846153846 0.7800480769230769 0.3269230769230769 0.34375
8 0.8058429382459935 0.7604241539683543 0.1974810704052885 0.12238908716150387