6 0.2127403846153846 0.22956730769230768 0.4254807692307692 0.45913461538461536
7 0.7944711538461539 0.16947115384615385 0.4110576923076923 0.3389423076923077
7 0.25600961538461536 0.640625 0.5120192307692307 0.3629807692307692
0 0.6177884615384616 0.78125 0.057692307692307696 0.14903846153846154
0 0.7319711538461539 0.48197115384615385 0.13701923076923078 0.04567307692307692
0 0.6963905338438006 0.5865094231905064 0.1931347115371942 0.19726574526507135
0 0.7199519230769231 0.9098557692307693 0.15625 0.18028846153846154
0 0.7719769967568845 0.7369485929806647 0.1768803221768018 0.16020675746088578
0 0.8858173076923077 0.9326923076923077 0.16105769230769232 0.1346153846153846
0 0.9579326923076923 0.8137019230769231 0.08413461538461539 0.18990384615384615
0 0.8683284727798399 0.5939179044211624 0.1246880350886178 0.19648121885737033
0 0.9098557692307693 0.4891826923076923 0.15625 0.06009615384615385
0 0.9699519230769231 0.578125 0.06009615384615385 0.21394230769230768