6 0.41586538461538464 0.18870192307692307 0.38461538461538464 0.37740384615384615
0 0.6754807692307693 0.20673076923076922 0.1346153846153846 0.34615384615384615
0 0.8413461538461539 0.2764423076923077 0.3173076923076923 0.20673076923076922
0 0.9423076923076923 0.24158653846153846 0.11538461538461539 0.24759615384615385
0 0.8533653846153846 0.09735576923076923 0.2932692307692308 0.19471153846153846
0 0.7235576923076923 0.06490384615384616 0.23076923076923078 0.12980769230769232
14 0.39903846153846156 0.7091346153846154 0.4182692307692308 0.3942307692307692
14 0.17307692307692307 0.5576923076923077 0.34615384615384615 0.3557692307692308
14 0.1466346153846154 0.8305288461538461 0.2932692307692308 0.23798076923076922
21 0.7307692307692307 0.8016826923076923 0.24519230769230768 0.2668269230769231
21 0.7043269230769231 0.5216346153846154 0.19230769230769232 0.27884615384615385