2 0.24278846153846154 0.30649038461538464 0.3317307692307692 0.6033653846153846
21 0.6394230769230769 0.4338942307692308 0.46153846153846156 0.3485576923076923
21 0.6141826923076923 0.1466346153846154 0.4110576923076923 0.2932692307692308
21 0.9170673076923077 0.20793269230769232 0.1658653846153846 0.41586538461538464
21 0.8701923076923077 0.4987980769230769 0.25961538461538464 0.21875
11 0.20432692307692307 0.7620192307692307 0.40865384615384615 0.3076923076923077
19 0.47596153846153844 0.9375 0.1346153846153846 0.125
19 0.5877403846153846 0.9711538461538461 0.2091346153846154 0.057692307692307696
19 0.6790865384615384 0.9194711538461539 0.18509615384615385 0.16105769230769232
19 0.702163357142856 0.7675901305208324 0.2211017368174469 0.30633015537814134
19 0.65625 0.6802884615384616 0.22596153846153846 0.14423076923076922
19 0.5120192307692307 0.6538461538461539 0.20673076923076922 0.09134615384615384
19 0.5036057692307693 0.7451923076923077 0.18990384615384615 0.27403846153846156