4 0.14423076923076922 0.3401442307692308 0.28846153846153844 0.2956730769230769
4 0.06850961538461539 0.18389423076923078 0.13701923076923078 0.17548076923076922
12 0.5697115384615384 0.2439903846153846 0.40384615384615385 0.4879807692307692
10 0.14423076923076922 0.6105769230769231 0.28846153846153844 0.24519230769230768
10 0.14423076923076922 0.7355769230769231 0.28846153846153844 0.3701923076923077
10 0.15625 0.8882211538461539 0.2644230769230769 0.22355769230769232
4 0.5348557692307693 0.9495192307692307 0.15625 0.10096153846153846
4 0.5889957683874552 0.6786930981460947 0.18160869272331143 0.1898051389343402
4 0.7619734801011039 0.6556597403437928 0.14905755828311415 0.14999460839703402
4 0.9483173076923077 0.8173076923076923 0.10336538461538461 0.11538461538461539
4 0.9723557692307693 0.9050480769230769 0.055288461538461536 0.15625
4 0.8008585688886133 0.773889607244871 0.1680250573745554 0.21266625501771366
24 0.4615804845665773 0.736606604434918 0.1308188517356878 0.14251331119355862
24 0.6260264775832375 0.9154227890562706 0.17122254348519592 0.13262796947015415
24 0.8413461538461539 0.9435096153846154 0.14423076923076922 0.11298076923076923
24 0.9302884615384616 0.8930288461538461 0.13942307692307693 0.10336538461538461
24 0.88909878890978 0.6924038207681207 0.07590813890567077 0.1488174613080289
11 0.7548076923076923 0.9591346153846154 0.09134615384615384 0.08173076923076923