14 0.3581730769230769 0.07692307692307693 0.20673076923076922 0.15384615384615385
14 0.17908653846153846 0.37259615384615385 0.3581730769230769 0.47115384615384615
24 0.6585341319019972 0.5213254926783613 0.14086978438793615 0.15473139703800107
24 0.7624390340012558 0.4817421457585213 0.12436177529662004 0.14336845232238488
24 0.6670673076923077 0.5757211538461539 0.11778846153846154 0.06490384615384616
24 0.6709943713016788 0.3686812619091305 0.15443423147544919 0.1887629919002918
24 0.7678350023043262 0.35691003407338545 0.09485341422349992 0.11956655605037761
24 0.6950813929855617 0.22042500266043158 0.13336390956262562 0.1508737953349357
24 0.5480769230769231 0.46033653846153844 0.057692307692307696 0.18028846153846154
24 0.5516826923076923 0.5697115384615384 0.06490384615384616 0.07692307692307693
24 0.5733173076923077 0.12740384615384615 0.10817307692307693 0.15384615384615385
24 0.5853365384615384 0.030048076923076924 0.13221153846153846 0.06009615384615385
24 0.6370192307692307 0.04927884615384615 0.10096153846153846 0.0985576923076923
14 0.42427884615384615 0.6838942307692307 0.18990384615384615 0.15144230769230768
14 0.23557692307692307 0.8040865384615384 0.39903846153846156 0.3918269230769231
24 0.8942307692307693 0.7223557692307693 0.21153846153846154 0.22355769230769232