13 0.3329326923076923 0.24879807692307693 0.6129807692307693 0.3293269230769231
13 0.5504807692307693 0.38822115384615385 0.1778846153846154 0.28125
13 0.109375 0.38461538461538464 0.21875 0.28846153846153844
14 0.4014423076923077 0.43509615384615385 0.1346153846153846 0.1875
14 0.520452575871778 0.3167316227714988 0.09901216389842368 0.11625459137062062
14 0.556085443785915 0.23157823983066667 0.1455216338992205 0.08427962836541614
14 0.17147668702522553 0.3213446709420534 0.10275954126037781 0.14518468937420656
14 0.1971153846153846 0.5012019230769231 0.08173076923076923 0.055288461538461536
14 0.21561858592404748 0.41888359569352895 0.10149832378910272 0.09234204606830715
13 0.8197115384615384 0.23076923076923078 0.3605769230769231 0.46153846153846156
13 0.6790865384615384 0.38461538461538464 0.07932692307692307 0.28846153846153844
13 0.8269230769230769 0.48677884615384615 0.1875 0.08413461538461539
13 0.3149500629877601 0.6612027562378928 0.39217606158834045 0.22728942872400937
13 0.8197115384615384 0.7644230769230769 0.3605769230769231 0.47115384615384615