0 0.109375 0.34375 0.21875 0.5288461538461539
7 0.31490384615384615 0.38100961538461536 0.19230769230769232 0.41586538461538464
7 0.31490384615384615 0.45552884615384615 0.19230769230769232 0.30528846153846156
7 0.40865384615384615 0.4254807692307692 0.14423076923076922 0.36538461538461536
7 0.4951923076923077 0.4326923076923077 0.12980769230769232 0.35096153846153844
7 0.5137866848832269 0.23172894361819033 0.11320758460902798 0.17103382985549095
7 0.5889423076923077 0.4411057692307692 0.11538461538461539 0.33413461538461536
7 0.671875 0.4411057692307692 0.10336538461538461 0.33413461538461536
7 0.8829439149803956 0.16569654316055218 0.14269515519027792 0.09713278124277408
25 0.037259615384615384 0.6766826923076923 0.07451923076923077 0.13701923076923078
25 0.08533653846153846 0.7115384615384616 0.16105769230769232 0.20673076923076922
20 0.5721153846153846 0.8040865384615384 0.5240384615384616 0.3918269230769231