14 0.5024038461538461 0.11778846153846154 0.27403846153846156 0.23557692307692307
14 0.5384615384615384 0.24639423076923078 0.19230769230769232 0.08413461538461539
14 0.33774038461538464 0.2439903846153846 0.2860576923076923 0.0889423076923077
0 0.9375 0.203125 0.125 0.17067307692307693
0 0.7920673076923077 0.19591346153846154 0.18990384615384615 0.18509615384615385
0 0.9579326923076923 0.055288461538461536 0.08413461538461539 0.11057692307692307
0 0.9038461538461539 0.026442307692307692 0.18269230769230768 0.052884615384615384
21 0.3088942307692308 0.5600961538461539 0.45913461538461536 0.5432692307692307
21 0.17908653846153846 0.5084134615384616 0.3581730769230769 0.43990384615384615
21 0.4145356912974093 0.6612027554800579 0.19268218261765924 0.3176433189371347
14 0.8197115384615384 0.6129807692307693 0.3605769230769231 0.6490384615384616
14 0.6995192307692307 0.8149038461538461 0.1201923076923077 0.27884615384615385