8 0.056490384615384616 0.3389423076923077 0.11298076923076923 0.1778846153846154
8 0.16388886533831584 0.29718510113966323 0.1970382136546361 0.25293029646054915
8 0.039663461538461536 0.12980769230769232 0.07932692307692307 0.25961538461538464
8 0.20552884615384615 0.0673076923076923 0.16105769230769232 0.1346153846153846
7 0.057692307692307696 0.18870192307692307 0.11538461538461539 0.1466346153846154
7 0.2541380132766759 0.3044639663047243 0.11442388594499611 0.1367172028076031
8 0.8137019230769231 0.3557692307692308 0.31009615384615385 0.14423076923076922
8 0.8317307692307693 0.11538461538461539 0.3317307692307692 0.23076923076923078
8 0.453125 0.7139423076923077 0.4110576923076923 0.5721153846153846
4 0.14423076923076922 0.7139423076923077 0.28846153846153844 0.5721153846153846
4 0.270322571512032 0.8065249901713698 0.42272922173462335 0.33535688206990055
8 0.7848557692307693 0.7139423076923077 0.25240384615384615 0.5721153846153846