19 0.10216346153846154 0.13701923076923078 0.20432692307692307 0.27403846153846156
19 0.7247596153846154 0.16947115384615385 0.5504807692307693 0.3389423076923077
19 0.20432692307692307 0.75 0.40865384615384615 0.5
19 0.8197115384615384 0.40024038461538464 0.1201923076923077 0.12259615384615384
19 0.6514611813233888 0.8741976575914735 0.1704869898837734 0.20077462370811744
19 0.7156334696589247 0.7113177879282095 0.14780339223183725 0.14004896684718807
19 0.7603502959570582 0.6296441016500685 0.12328239885040823 0.1117052882837622
19 0.8213187818467698 0.7192030505303604 0.13804115009902773 0.1313557261910484
19 0.8441431537239534 0.5827783503861953 0.1239747271468399 0.15136874982222373
19 0.8956248626391733 0.4580102952873722 0.1334432542447996 0.14323506740144018
19 0.9591346153846154 0.5673076923076923 0.08173076923076923 0.23076923076923078
19 0.9555288461538461 0.8545673076923077 0.0889423076923077 0.29086538461538464