24 0.2920673076923077 0.1622596153846154 0.5120192307692307 0.3245192307692308
24 0.328125 0.3173076923076923 0.3870192307692308 0.20192307692307693
0 0.7427884615384616 0.32572115384615385 0.25 0.18509615384615385
7 0.30305765056787526 0.6164852707119608 0.45829996807263795 0.20106017749594124
7 0.4349750510317246 0.6773909076164372 0.1789880296081153 0.11855851386915976
7 0.5432692307692307 0.6838942307692307 0.14903846153846154 0.13701923076923078
7 0.19230769230769232 0.5276442307692307 0.38461538461538464 0.21875
7 0.09134615384615384 0.484375 0.18269230769230768 0.13221153846153846
7 0.4810659475259976 0.9218140050433606 0.10498393706700632 0.10929192821818116
7 0.5562228079003595 0.8837152511874169 0.1081237233133238 0.08891517847524409
7 0.59375 0.8485576923076923 0.04807692307692308 0.11057692307692307
20 0.8088942307692307 0.9122596153846154 0.38221153846153844 0.17548076923076922