10 0.19230769230769232 0.2692307692307692 0.3125 0.5384615384615384
18 0.7740384615384616 0.4639423076923077 0.20673076923076922 0.14903846153846154
18 0.791596399423573 0.29345215527580193 0.19852854956413152 0.23264557034663477
18 0.8064903846153846 0.1201923076923077 0.19471153846153846 0.2403846153846154
18 0.6754807692307693 0.39903846153846156 0.27403846153846156 0.27884615384615385
18 0.662232859584859 0.15201386836367575 0.22458574360394196 0.22725140650507494
18 0.4723557692307692 0.390625 0.20432692307692307 0.2956730769230769
18 0.5084134615384616 0.06850961538461539 0.24759615384615385 0.13701923076923078
18 0.4579326923076923 0.1622596153846154 0.21875 0.2620192307692308
18 0.4098557692307692 0.3389423076923077 0.12259615384615384 0.34615384615384615
10 0.11538461538461539 0.7692307692307693 0.23076923076923078 0.46153846153846156
10 0.057692307692307696 0.7692307692307693 0.11538461538461539 0.46153846153846156
10 0.15458085346565442 0.6457524773478104 0.18549372419570134 0.16033436024027792
10 0.1764340803447181 0.7931144445560369 0.17156322426669 0.18641299202078004