3 0.31009615384615385 0.33533653846153844 0.09615384615384616 0.33413461538461536
3 0.15625 0.11899038461538461 0.28846153846153844 0.23798076923076922
3 0.10576923076923077 0.4326923076923077 0.21153846153846154 0.21153846153846154
3 0.5132211538461539 0.41586538461538464 0.14182692307692307 0.24519230769230768
3 0.5192307692307693 0.1658653846153846 0.16346153846153846 0.3317307692307692
3 0.7379807692307693 0.4206730769230769 0.4375 0.23557692307692307
3 0.7463942307692307 0.1502403846153846 0.37740384615384615 0.3004807692307692
3 0.8353365384615384 0.28725961538461536 0.3293269230769231 0.49759615384615385
3 0.06490384615384616 0.6742788461538461 0.12980769230769232 0.27163461538461536
3 0.15504807692307693 0.7740384615384616 0.31009615384615385 0.4519230769230769
3 0.24879807692307693 0.8521634615384616 0.21875 0.2956730769230769
3 0.21634615384615385 0.6201923076923077 0.28365384615384615 0.16346153846153846
3 0.49158653846153844 0.9314903846153846 0.14182692307692307 0.13701923076923078
3 0.49759615384615385 0.7199519230769231 0.16346153846153846 0.3629807692307692
3 0.7163461538461539 0.9362980769230769 0.4375 0.12740384615384615
3 0.7247596153846154 0.7043269230769231 0.37740384615384615 0.3317307692307692
3 0.8245192307692307 0.8040865384615384 0.35096153846153844 0.3918269230769231
3 0.9290865384615384 0.6502403846153846 0.14182692307692307 0.22355769230769232