9 0.17067307692307693 0.29447115384615385 0.34134615384615385 0.5889423076923077
3 0.6646634615384616 0.18990384615384615 0.31009615384615385 0.3798076923076923
3 0.6995192307692307 0.4254807692307692 0.3798076923076923 0.3269230769230769
3 0.16947115384615385 0.7944711538461539 0.3389423076923077 0.4110576923076923
5 0.5372596153846154 0.7487980769230769 0.055288461538461536 0.20432692307692307
5 0.7872596153846154 0.9074519230769231 0.23317307692307693 0.18509615384615385
5 0.8353365384615384 0.6826923076923077 0.3293269230769231 0.1875
5 0.5420673076923077 0.6370192307692307 0.06490384615384616 0.09615384615384616
5 0.8942307692307693 0.9302884615384616 0.20192307692307693 0.13942307692307693
5 0.6229164563943411 0.7701739955851353 0.1840650839255788 0.2638341904138431
5 0.899947436814193 0.7436317278603668 0.13723923916924882 0.23187831055577832
5 0.875 0.9831730769230769 0.14423076923076922 0.03365384615384615