6 0.20673076923076922 0.25961538461538464 0.32211538461538464 0.5192307692307693
0 0.8725961538461539 0.04326923076923077 0.2548076923076923 0.08653846153846154
0 0.8705790265339128 0.19451615648593792 0.22073981312279153 0.1985677500657384
0 0.8858173076923077 0.42788461538461536 0.2283653846153846 0.18269230769230768
0 0.5637019230769231 0.026442307692307692 0.3389423076923077 0.052884615384615384
0 0.5583366950886727 0.17112208234384133 0.3051320970621666 0.16859886665820795
0 0.595439945996993 0.3300335970524471 0.25326168097913415 0.20191585074174784
0 0.6177884615384616 0.49399038461538464 0.23557692307692307 0.05048076923076923
20 0.11658653846153846 0.8942307692307693 0.23317307692307693 0.21153846153846154
20 0.09254807692307693 0.6550480769230769 0.18509615384615385 0.27163461538461536
7 0.4879807692307692 0.6622596153846154 0.16346153846153846 0.2860576923076923
7 0.7127403846153846 0.6370192307692307 0.3629807692307692 0.23557692307692307
7 0.6831473807774658 0.8315004148654589 0.23337929817067093 0.13768934181917858