24 0.2824519230769231 0.09735576923076923 0.23317307692307693 0.19471153846153846
24 0.28966346153846156 0.3317307692307692 0.21875 0.33653846153846156
24 0.45552884615384615 0.41346153846153844 0.11298076923076923 0.17307692307692307
24 0.4807692307692308 0.28846153846153844 0.16346153846153846 0.28846153846153844
24 0.6466346153846154 0.38100961538461536 0.3269230769230769 0.23798076923076922
24 0.8485576923076923 0.4495192307692308 0.30288461538461536 0.10096153846153846
6 0.15384615384615385 0.7475961538461539 0.3076923076923077 0.4951923076923077
6 0.9254807692307693 0.9519230769230769 0.07211538461538461 0.09615384615384616
6 0.8712603850528315 0.7495376834526432 0.1056313652966348 0.10337611731059923
6 0.8296716683700325 0.9223582988806966 0.11225643222430566 0.13016844524010635
6 0.7561545154305558 0.7032238374073926 0.09478608253418813 0.1015441578067172
6 0.6695641235080132 0.9022304528788845 0.11575030117451927 0.1255707650747337
6 0.5594018017879276 0.6557554853669991 0.13165505187590817 0.13850004846068295
6 0.4808342253609513 0.8900378943538996 0.13173897708632482 0.1421058176914522
6 0.4170673076923077 0.6153846153846154 0.036057692307692304 0.15384615384615385