3 0.046875 0.3737980769230769 0.09375 0.18990384615384615
3 0.18870192307692307 0.4206730769230769 0.23798076923076922 0.09615384615384616
3 0.1410403589090939 0.3156016434777841 0.22446760105027863 0.1944411333917631
3 0.3161057692307692 0.3786057692307692 0.21394230769230768 0.18028846153846154
3 0.4831730769230769 0.4206730769230769 0.14903846153846154 0.09615384615384616
3 0.2850342143049675 0.24099943281543806 0.19641778668657245 0.15797527106987658
3 0.44521081121776523 0.3261011290185364 0.2206800184840548 0.17860612124944344
3 0.3976242276477643 0.17779827076580873 0.19992565642902022 0.1497718216737347
3 0.515625 0.2512019230769231 0.08413461538461539 0.17067307692307693
15 0.6586538461538461 0.038461538461538464 0.20192307692307693 0.07692307692307693
15 0.7427884615384616 0.06129807692307692 0.13942307692307693 0.12259615384615384
15 0.9206730769230769 0.39903846153846156 0.12980769230769232 0.13942307692307693
15 0.9591346153846154 0.3870192307692308 0.08173076923076923 0.16346153846153846
15 0.9194711538461539 0.08533653846153846 0.16105769230769232 0.17067307692307693
15 0.9002403846153846 0.06490384615384616 0.19951923076923078 0.12980769230769232
17 0.7439903846153846 0.8737980769230769 0.37259615384615385 0.25240384615384615
17 0.9362980769230769 0.8149038461538461 0.12740384615384615 0.3701923076923077