3 0.29927884615384615 0.12259615384615384 0.31971153846153844 0.24519230769230768
23 0.8028846153846154 0.13942307692307693 0.3942307692307692 0.27884615384615385
12 0.29086538461538464 0.9567307692307693 0.1875 0.08653846153846154
12 0.30301837708520224 0.8699778092490663 0.15065928732479358 0.13934009702996136
12 0.33174710980213595 0.7908490440440179 0.1517449108477269 0.09628087840305054
12 0.3299140287230235 0.6773782464811694 0.19560861523258147 0.1707063965839513
12 0.32886284643619484 0.5711889914272994 0.15289941684286978 0.1778016354915001
3 0.9110576923076923 0.84375 0.1778846153846154 0.3125
3 0.8930288461538461 0.5540865384615384 0.21394230769230768 0.37259615384615385
3 0.7783702229349806 0.45502135567516977 0.3209467811993359 0.20435912116256708
3 0.6526442307692307 0.8545673076923077 0.3870192307692308 0.2764423076923077
3 0.6509793526268098 0.5923217242093906 0.38224373654718247 0.3313073802204388
3 0.5384615384615384 0.46875 0.15865384615384615 0.27884615384615385