5 0.3425480769230769 0.10817307692307693 0.4110576923076923 0.21634615384615385
5 0.19143044180367216 0.42905401598638615 0.15268712807734944 0.17194675199703097
5 0.37085551179827714 0.40191056693665506 0.17242661581054636 0.16148609827561208
5 0.25240384615384615 0.4855769230769231 0.15865384615384615 0.10576923076923077
9 0.7692307692307693 0.140625 0.4423076923076923 0.28125
9 0.5685096153846154 0.25240384615384615 0.040865384615384616 0.10576923076923077
9 0.7164522149246084 0.2646727266529686 0.24913292364483106 0.21565047202635904
3 0.19471153846153846 0.8125 0.3894230769230769 0.375
3 0.4110576923076923 0.8449519230769231 0.27403846153846156 0.31009615384615385
18 0.7223557692307693 0.8725961538461539 0.3485576923076923 0.2548076923076923
18 0.7007211538461539 0.6490384615384616 0.30528846153846156 0.22115384615384615
18 0.9002403846153846 0.7331730769230769 0.19951923076923078 0.3894230769230769