2 0.3605769230769231 0.4795673076923077 0.1778846153846154 0.5408653846153846
2 0.17427884615384615 0.5276442307692307 0.3485576923076923 0.4831730769230769
11 0.8115663303016063 0.17079562287135958 0.12723770259020847 0.1995881132414402
11 0.9176712164593683 0.20580213289222316 0.15907509952013837 0.2518889877056464
11 0.9759615384615384 0.2668269230769231 0.04807692307692308 0.2932692307692308
11 0.8933267549453812 0.38455050538700725 0.12058558977622241 0.24724501203372407
11 0.9651442307692307 0.53125 0.06971153846153846 0.23557692307692307
11 0.8788773908705548 0.587897371799772 0.1274894441316072 0.22122272862605558
21 0.21634615384615385 0.8846153846153846 0.40865384615384615 0.23076923076923078
14 0.5949519230769231 0.8846153846153846 0.29086538461538464 0.23076923076923078
14 0.7896634615384616 0.8846153846153846 0.4206730769230769 0.23076923076923078