0 0.09254807692307693 0.13581730769230768 0.17067307692307693 0.23798076923076922
0 0.14423076923076922 0.2548076923076923 0.0673076923076923 0.125
0 0.15264423076923078 0.4014423076923077 0.05048076923076923 0.15384615384615385
0 0.1466346153846154 0.5324519230769231 0.0625 0.07451923076923077
0 0.09039493054194804 0.3691315676842065 0.16067098768392732 0.18696030337786076
0 0.02283653846153846 0.28966346153846156 0.04567307692307692 0.16105769230769232
0 0.03125 0.4411057692307692 0.0625 0.16105769230769232
17 0.5661057692307693 0.29927884615384615 0.2764423076923077 0.5985576923076923
17 0.7391826923076923 0.29927884615384615 0.18509615384615385 0.5985576923076923
17 0.8365209993918643 0.37439552325613906 0.11099582578633206 0.13642676564704515
17 0.8182595541300389 0.2871641704050412 0.11292149787854391 0.10776958215888303
17 0.7946885339579969 0.2116370977265212 0.10139229544139229 0.11555314250403875
17 0.7586782587320848 0.128268585393157 0.09100686630416906 0.10182806770324039
17 0.5180288461538461 0.29927884615384615 0.31490384615384615 0.5985576923076923
23 0.10336538461538461 0.7259615384615384 0.14903846153846154 0.2548076923076923
20 0.7037245984346863 0.870084980689824 0.17221204439152393 0.1588070408443432
20 0.6856150155381856 0.7648877718042104 0.16409045331326697 0.14280410012835995
20 0.6959134615384616 0.6298076923076923 0.17067307692307693 0.0625
20 0.5429361896215389 0.763401562988487 0.1686062751607547 0.1586180704863513
20 0.5620839789591928 0.9069973202163083 0.1756778055274134 0.1565921650484889
20 0.5805288461538461 0.9759615384615384 0.18990384615384615 0.04807692307692308
20 0.6466346153846154 0.984375 0.125 0.03125
20 0.6928598736605984 0.9509968783692956 0.1523167974976911 0.08467086160073806
20 0.5276442307692307 0.6490384615384616 0.15144230769230768 0.10096153846153846
20 0.6779027160493534 0.6530459355310335 0.15613257887077986 0.08846560118949903