3 0.19822031827425152 0.3855563325802717 0.29229713788771394 0.34129661794510524
3 0.06370192307692307 0.2668269230769231 0.12740384615384615 0.32211538461538464
3 0.06490384615384616 0.078125 0.12980769230769232 0.15625
3 0.26732142988798036 0.14875813564285614 0.21839134878344033 0.258908963937581
3 0.41586538461538464 0.1935096153846154 0.10576923076923077 0.25240384615384615
16 0.7786672490957793 0.20899774049135272 0.2247636351408122 0.22339772933833346
16 0.6418269230769231 0.09134615384615384 0.22115384615384615 0.18269230769230768
16 0.8341346153846154 0.06009615384615385 0.22596153846153846 0.1201923076923077
15 0.171875 0.7560096153846154 0.34375 0.2956730769230769
15 0.09254807692307693 0.9026442307692307 0.18509615384615385 0.19471153846153846
16 0.5709134615384616 0.6514423076923077 0.18028846153846154 0.16346153846153846
16 0.5036057692307693 0.6286057692307693 0.06971153846153846 0.11778846153846154