4 0.11538461538461539 0.19471153846153846 0.23076923076923078 0.3894230769230769
4 0.21033653846153846 0.2776442307692308 0.21875 0.22355769230769232
4 0.2548076923076923 0.109375 0.12980769230769232 0.18509615384615385
4 0.8016826923076923 0.18028846153846154 0.39663461538461536 0.3605769230769231
4 0.9290865384615384 0.19471153846153846 0.14182692307692307 0.3894230769230769
4 0.515625 0.0625 0.3918269230769231 0.125
4 0.5528846153846154 0.19471153846153846 0.46634615384615385 0.3894230769230769
4 0.07932692307692307 0.5757211538461539 0.15865384615384615 0.18990384615384615
4 0.09615384615384616 0.8269230769230769 0.19230769230769232 0.21634615384615385
1 0.6550480769230769 0.6947115384615384 0.6081730769230769 0.6105769230769231
1 0.35096153846153844 0.6899038461538461 0.0625 0.21153846153846154
1 0.9459134615384616 0.6466346153846154 0.10817307692307693 0.3317307692307692
1 0.8822115384615384 0.5024038461538461 0.20192307692307693 0.22596153846153846