24 0.12740384615384615 0.14423076923076922 0.25 0.28846153846153844
24 0.056490384615384616 0.4110576923076923 0.11298076923076923 0.15384615384615385
24 0.12409953458474192 0.37049173729351115 0.13554316422009208 0.20316127505187118
6 0.6490384615384616 0.27163461538461536 0.15865384615384615 0.3557692307692308
6 0.7992788461538461 0.0985576923076923 0.21875 0.1971153846153846
6 0.8305288461538461 0.41466346153846156 0.14182692307692307 0.1466346153846154
7 0.7584134615384616 0.34134615384615385 0.12740384615384615 0.2932692307692308
15 0.6298076923076923 0.08173076923076923 0.1201923076923077 0.08653846153846154
15 0.9137207975521648 0.3081760701823104 0.09457286243557825 0.19765216994294887
0 0.2848557692307692 0.5721153846153846 0.5697115384615384 0.16826923076923078
0 0.2848557692307692 0.8052884615384616 0.5697115384615384 0.3894230769230769
17 0.9206730769230769 0.7043269230769231 0.15865384615384615 0.4326923076923077