15 0.13942307692307693 0.171875 0.27884615384615385 0.19471153846153846
15 0.13942307692307693 0.32091346153846156 0.27884615384615385 0.21394230769230768
15 0.13942307692307693 0.4495192307692308 0.27884615384615385 0.25961538461538464
15 0.13942307692307693 0.46153846153846156 0.27884615384615385 0.23557692307692307
15 0.13942307692307693 0.5060096153846154 0.27884615384615385 0.1466346153846154
8 0.5480769230769231 0.45552884615384615 0.4375 0.24759615384615385
8 0.9050480769230769 0.3389423076923077 0.18990384615384615 0.1971153846153846
4 0.5300480769230769 0.18629807692307693 0.46875 0.37259615384615385
4 0.8607717162231064 0.18764513291394225 0.19008902818004522 0.17876983788521328
8 0.0985576923076923 0.9362980769230769 0.1971153846153846 0.12740384615384615
8 0.7355769230769231 0.6298076923076923 0.24519230769230768 0.10096153846153846
8 0.6679502870424449 0.7749677363951485 0.24585454220491043 0.33414422650459963
8 0.46153846153846156 0.7524038461538461 0.27403846153846156 0.34615384615384615
8 0.5552884615384616 0.8918269230769231 0.2932692307692308 0.21634615384615385
8 0.5384615384615384 0.9723557692307693 0.38461538461538464 0.055288461538461536
8 0.9350961538461539 0.9194711538461539 0.12980769230769232 0.16105769230769232
8 0.8978365384615384 0.7391826923076923 0.20432692307692307 0.21875
8 0.8004807692307693 0.8725961538461539 0.24519230769230768 0.2548076923076923