16 0.40384615384615385 0.14903846153846154 0.35096153846153844 0.2980769230769231
16 0.1814903846153846 0.11658653846153846 0.3629807692307692 0.23317307692307693
16 0.16346153846153846 0.24278846153846154 0.3269230769230769 0.11057692307692307
15 0.9627403846153846 0.08413461538461539 0.07451923076923077 0.16826923076923078
15 0.7439903846153846 0.06370192307692307 0.13701923076923078 0.12740384615384615
15 0.7792888572501423 0.15888235864236358 0.10765176371288349 0.06550989359439814
15 0.9066927034039884 0.16407366756282935 0.13521194783314364 0.06543438660399112
16 0.30528846153846156 0.6490384615384616 0.5480769230769231 0.7019230769230769
3 0.6622596153846154 0.4411057692307692 0.1658653846153846 0.23798076923076922
3 0.6802884615384616 0.6454326923076923 0.20192307692307693 0.2091346153846154
3 0.6826923076923077 0.8461538461538461 0.20673076923076922 0.23076923076923078
3 0.6742788461538461 0.9663461538461539 0.18990384615384615 0.0673076923076923