24 0.13221153846153846 0.4699519230769231 0.2644230769230769 0.2956730769230769
24 0.12139423076923077 0.17908653846153846 0.24278846153846154 0.35336538461538464
24 0.4182692307692308 0.5757211538461539 0.10096153846153846 0.08413461538461539
24 0.4411057692307692 0.46274038461538464 0.055288461538461536 0.31009615384615385
24 0.33413461538461536 0.32091346153846156 0.2692307692307692 0.31490384615384615
24 0.2692307692307692 0.042067307692307696 0.28846153846153844 0.08413461538461539
19 0.7307692307692307 0.32091346153846156 0.5240384615384616 0.59375
19 0.2127403846153846 0.6634615384615384 0.3389423076923077 0.09134615384615384
19 0.18629807692307693 0.8233173076923077 0.2620192307692308 0.35336538461538464
19 0.33052884615384615 0.7367788461538461 0.2764423076923077 0.23798076923076922
19 0.2668269230769231 0.84375 0.25 0.3125
19 0.7872596153846154 0.8088942307692307 0.2620192307692308 0.38221153846153844
19 0.6418269230769231 0.9603365384615384 0.27884615384615385 0.07932692307692307
19 0.7067307692307693 0.8353365384615384 0.25 0.3293269230769231
19 0.6622596153846154 0.7163461538461539 0.29086538461538464 0.1971153846153846
19 0.5300480769230769 0.8088942307692307 0.12259615384615384 0.38221153846153844