25 0.3401442307692308 0.2644230769230769 0.25721153846153844 0.5288461538461539
24 0.5673076923076923 0.4855769230769231 0.1971153846153846 0.08653846153846154
24 0.9483173076923077 0.1045673076923077 0.10336538461538461 0.12740384615384615
24 0.8401442307692307 0.17084690557066842 0.14903846153846154 0.16481013380514029
24 0.7175480769230769 0.1940754957850704 0.17067307692307693 0.1713838442954647
24 0.8629807692307693 0.3072039291129329 0.14903846153846154 0.15038705688206336
24 0.7740384615384616 0.32528153377828334 0.125 0.17486712214922442
24 0.6526442307692307 0.32557547340988957 0.13341346153846154 0.15271736853648712
24 0.9411057692307693 0.3798076923076923 0.11778846153846154 0.12980769230769232
24 0.5036057692307693 0.04927884615384615 0.06971153846153846 0.0985576923076923
24 0.7127403846153846 0.0778814058085613 0.12620192307692307 0.11607100350125094
17 0.06610576923076923 0.6959134615384616 0.13221153846153846 0.33413461538461536
17 0.18389423076923078 0.7487980769230769 0.1466346153846154 0.43990384615384615
17 0.28125 0.5961538461538461 0.10576923076923077 0.1346153846153846
17 0.2692307692307692 0.5444711538461539 0.11057692307692307 0.03125