7 0.44711538461538464 0.39302884615384615 0.125 0.23317307692307693
7 0.4519230769230769 0.28125 0.11538461538461539 0.28365384615384615
7 0.38708755389800586 0.21097398349902513 0.16427347954994623 0.3480419077143346
7 0.22596153846153846 0.15985576923076922 0.22596153846153846 0.31971153846153844
7 0.10216346153846154 0.23798076923076922 0.20432692307692307 0.16826923076923078
7 0.08173076923076923 0.3762019230769231 0.16346153846153846 0.13701923076923078
14 0.589387428996933 0.5327414112153177 0.10999034738385113 0.10704192411741185
14 0.6129807692307693 0.7115384615384616 0.20673076923076922 0.052884615384615384
11 0.2548076923076923 0.9254807692307693 0.5096153846153846 0.14903846153846154
11 0.042067307692307696 0.8076923076923077 0.08413461538461539 0.13942307692307693
14 0.9146634615384616 0.8689903846153846 0.17067307692307693 0.2620192307692308
14 0.5961538461538461 0.875 0.17307692307692307 0.25