6 0.28365384615384615 0.4254807692307692 0.40384615384615385 0.3269230769230769
11 0.02283653846153846 0.4050480769230769 0.04567307692307692 0.21875
11 0.9362980769230769 0.09615384615384616 0.12740384615384615 0.19230769230769232
11 0.8774038461538461 0.3401442307692308 0.24519230769230768 0.49759615384615385
10 0.21394230769230768 0.7956730769230769 0.2548076923076923 0.40865384615384615
10 0.2979798176937234 0.8076522585800509 0.17385490815108404 0.20783785814413192
10 0.20432692307692307 0.6646634615384616 0.25961538461538464 0.15144230769230768
10 0.2860576923076923 0.9495192307692307 0.10576923076923077 0.10096153846153846
10 0.19831730769230768 0.9206730769230769 0.15625 0.15865384615384615
10 0.8617788461538461 0.7944711538461539 0.2764423076923077 0.4110576923076923
10 0.734375 0.7944711538461539 0.3918269230769231 0.4110576923076923