20 0.5348557692307693 0.10817307692307693 0.2668269230769231 0.21634615384615385
20 0.6177884615384616 0.45552884615384615 0.2403846153846154 0.2860576923076923
20 0.3293269230769231 0.14423076923076922 0.32211538461538464 0.28846153846153844
20 0.13822115384615385 0.07572115384615384 0.2764423076923077 0.15144230769230768
20 0.05889423076923077 0.23197115384615385 0.11778846153846154 0.3293269230769231
20 0.16420218394408287 0.38842710295113886 0.31674143793190435 0.3497111232512103
20 0.06009615384615385 0.5348557692307693 0.1201923076923077 0.24759615384615385
20 0.15865384615384615 0.5721153846153846 0.25 0.17307692307692307
20 0.4068490373513593 0.4386196494604689 0.21803882356567933 0.2608750602481478
20 0.8978365384615384 0.0985576923076923 0.1466346153846154 0.1971153846153846
20 0.8629807692307693 0.5084134615384616 0.25 0.3004807692307692
20 0.8689903846153846 0.8293269230769231 0.2620192307692308 0.34134615384615385