17 0.3161057692307692 0.17427884615384615 0.18509615384615385 0.3485576923076923
17 0.07091346153846154 0.24158653846153846 0.14182692307692307 0.19471153846153846
17 0.20072115384615385 0.136202701162364 0.10096153846153846 0.08352006935591373
24 0.6262019230769231 0.32091346153846156 0.43509615384615385 0.23798076923076922
6 0.8533653846153846 0.8786057692307693 0.28365384615384615 0.24278846153846154
6 0.6394230769230769 0.5588942307692307 0.3605769230769231 0.23798076923076922
6 0.9170673076923077 0.5492788461538461 0.1658653846153846 0.21875
6 0.9783653846153846 0.7608173076923077 0.04326923076923077 0.23798076923076922
6 0.5925480769230769 0.7508049485045002 0.14423076923076922 0.19194487929965695
7 0.6694711538461539 0.8425480769230769 0.12259615384615384 0.31490384615384615
7 0.609375 0.4987980769230769 0.06009615384615385 0.11778846153846154
15 0.8100961538461539 0.5180288461538461 0.18269230769230768 0.15625
15 0.5108173076923077 0.8825409912603356 0.09254807692307693 0.20366342896086975
15 0.9086538461538461 0.6925478442259921 0.07091346153846154 0.0593067932197673