11 0.2548076923076923 0.25240384615384615 0.5096153846153846 0.17307692307692307
10 0.7235576923076923 0.2127403846153846 0.28365384615384615 0.25240384615384615
10 0.8918269230769231 0.1875 0.21634615384615385 0.30288461538461536
10 0.6274038461538461 0.23197115384615385 0.13942307692307693 0.21394230769230768
10 0.8665865384615384 0.17427884615384615 0.2668269230769231 0.3293269230769231
10 0.15625 0.5805288461538461 0.3125 0.4831730769230769
10 0.2980769230769231 0.6694711538461539 0.38461538461538464 0.6610576923076923
10 0.7427884615384616 0.8028846153846154 0.3701923076923077 0.3942307692307692
10 0.7524038461538461 0.9014423076923077 0.3894230769230769 0.1971153846153846
10 0.7788461538461539 0.9314903846153846 0.4423076923076923 0.13701923076923078
10 0.7079326923076923 0.6502403846153846 0.3004807692307692 0.39663461538461536
10 0.9278846153846154 0.7644230769230769 0.14423076923076922 0.34134615384615385