24 0.5564903846153846 0.5300480769230769 0.1658653846153846 0.0985576923076923
24 0.5588942307692307 0.4182692307692308 0.16105769230769232 0.1875
24 0.4553616327456238 0.4562354470488979 0.19201670704165677 0.19319765047323345
24 0.4387019230769231 0.5276442307692307 0.13701923076923078 0.10336538461538461
24 0.41482583916360444 0.36776077484638875 0.1547631749492188 0.12405864572822554
24 0.37534511114108327 0.2877205438276876 0.11683221091351798 0.08494673826094817
24 0.29849105644622304 0.3513026723247095 0.10759445991436897 0.10641351648279226
24 0.18250684440755316 0.24588128246537622 0.1392640528212972 0.13099744880026057
24 0.06370192307692307 0.1971153846153846 0.12740384615384615 0.09134615384615384
24 0.06009615384615385 0.5168269230769231 0.1201923076923077 0.125
24 0.08624537025816072 0.45700623438908683 0.06386367694751695 0.07921594155801351
24 0.12434417145663268 0.40957968031790265 0.09059969967467446 0.09650441683255782
24 0.27873579608179333 0.3810150749222438 0.10071251248619567 0.19400704358075196
19 0.6935096153846154 0.22235576923076922 0.10817307692307693 0.44471153846153844
19 0.3954326923076923 0.8100961538461539 0.4879807692307692 0.3798076923076923
24 0.7680288461538461 0.71875 0.25721153846153844 0.27884615384615385
24 0.7532050499549221 0.8530859421791549 0.2266687631111391 0.1132981936797797