18 0.5240384615384616 0.2704326923076923 0.1875 0.19471153846153846
18 0.5540865384615384 0.08774038461538461 0.12740384615384615 0.17548076923076922
18 0.29086538461538464 0.2644230769230769 0.3269230769230769 0.20673076923076922
18 0.41346153846153844 0.10216346153846154 0.20673076923076922 0.20432692307692307
18 0.25600961538461536 0.078125 0.29086538461538464 0.15625
18 0.1391042968220081 0.18075032878601738 0.20195708162751094 0.3169636040560573
18 0.9375 0.24278846153846154 0.125 0.25
18 0.890625 0.08173076923076923 0.21875 0.16346153846153846
18 0.8064903846153846 0.234375 0.20432692307692307 0.2668269230769231
12 0.2620192307692308 0.8004807692307693 0.5240384615384616 0.39903846153846156
12 0.20552884615384615 0.53125 0.2956730769230769 0.3269230769230769
12 0.008413461538461538 0.5757211538461539 0.016826923076923076 0.05048076923076923
9 0.8088942307692307 0.8557692307692307 0.38221153846153844 0.28846153846153844