20 0.19951923076923078 0.20793269230769232 0.39903846153846156 0.41586538461538464
20 0.171875 0.41346153846153844 0.34375 0.25
20 0.8509615384615384 0.31490384615384615 0.2980769230769231 0.44711538461538464
20 0.18269230769230768 0.5637019230769231 0.10096153846153846 0.05048076923076923
20 0.29086538461538464 0.5685096153846154 0.11057692307692307 0.06009615384615385
20 0.35336538461538464 0.9543269230769231 0.09134615384615384 0.09134615384615384
20 0.36778846153846156 0.8257211538461539 0.0625 0.0985576923076923
20 0.2534854090496083 0.8498898311466516 0.10374865586222598 0.10827714152115374
20 0.12648281805662195 0.8077037482059111 0.12886543562768 0.1272071574712959
20 0.3173076923076923 0.9783653846153846 0.11538461538461539 0.04326923076923077
20 0.09768508873555508 0.6940321184661676 0.07750697575034812 0.09044389400427336
25 0.6911057692307693 0.7151442307692307 0.5841346153846154 0.35336538461538464