5 0.2932692307692308 0.24158653846153846 0.14903846153846154 0.24278846153846154
5 0.10216346153846154 0.23317307692307693 0.20432692307692307 0.2980769230769231
5 0.12379807692307693 0.5733173076923077 0.23798076923076922 0.18990384615384615
5 0.328125 0.5721153846153846 0.07932692307692307 0.19230769230769232
5 0.1346153846153846 0.05889423076923077 0.19230769230769232 0.11778846153846154
5 0.10216346153846154 0.6358173076923077 0.18028846153846154 0.06490384615384616
5 0.265625 0.4230769230769231 0.20432692307692307 0.1875
5 0.042067307692307696 0.640625 0.08413461538461539 0.055288461538461536
3 0.6838942307692307 0.33413461538461536 0.6322115384615384 0.6682692307692307
18 0.18389423076923078 0.8341346153846154 0.36778846153846156 0.3317307692307692
9 0.7692307692307693 0.8341346153846154 0.20673076923076922 0.3317307692307692
9 0.7728365384615384 0.9375 0.4543269230769231 0.125
9 0.6923076923076923 0.8341346153846154 0.6057692307692307 0.3317307692307692
9 0.8305288461538461 0.7259615384615384 0.2764423076923077 0.11538461538461539