24 0.28846153846153844 0.11778846153846154 0.4230769230769231 0.23557692307692307
6 0.75 0.17427884615384615 0.5 0.3485576923076923
17 0.31850961538461536 0.5949519230769231 0.3629807692307692 0.49278846153846156
17 0.265625 0.6742788461538461 0.12259615384615384 0.6514423076923077
17 0.45072115384615385 0.6694711538461539 0.0985576923076923 0.6418269230769231
17 0.42908653846153844 0.6742788461538461 0.14182692307692307 0.6514423076923077
6 0.609375 0.703125 0.21875 0.3581730769230769
6 0.7911528819107374 0.5302809145495199 0.2188207271942234 0.2263469462476038
6 0.8353319499430794 0.8947307065353507 0.1429107735825699 0.1912507822115699
7 0.7590723671360559 0.7995383886531631 0.12322628775296912 0.31914302610416645
15 0.5903618022255095 0.51125234663471 0.1759492723525649 0.08665676964638844
15 0.9151125896188339 0.7689370665785563 0.09249993019087445 0.201507185674727
15 0.5288461538461539 0.9411057692307693 0.057692307692307696 0.06009615384615385