7 0.8200205592689933 0.09207614925573579 0.30920713206489564 0.164345639386906
7 0.7319711538461539 0.30528846153846156 0.3870192307692308 0.36538461538461536
7 0.9651442307692307 0.2848557692307692 0.06971153846153846 0.2283653846153846
24 0.4338942307692308 0.5600961538461539 0.2091346153846154 0.1201923076923077
24 0.4375 0.78125 0.20192307692307693 0.36538461538461536
24 0.040865384615384616 0.6658653846153846 0.08173076923076923 0.3317307692307692
24 0.16346153846153846 0.6466346153846154 0.3269230769230769 0.2932692307692308
24 0.19951923076923078 0.8882211538461539 0.39903846153846156 0.22355769230769232
7 0.8173076923076923 0.8233173076923077 0.36538461538461536 0.25721153846153844
7 0.6869886250283869 0.7621191897518537 0.2691583136897685 0.3227431778918829
7 0.7692307692307693 0.75 0.46153846153846156 0.2980769230769231
7 0.7548076923076923 0.6514423076923077 0.4326923076923077 0.30288461538461536
7 0.625 0.5637019230769231 0.17307692307692307 0.12740384615384615