10 0.5360576923076923 0.1814903846153846 0.4423076923076923 0.17548076923076922
10 0.5817307692307693 0.12860576923076922 0.3557692307692308 0.2283653846153846
10 0.25600961538461536 0.203125 0.11298076923076923 0.13221153846153846
10 0.06129807692307692 0.038461538461538464 0.12259615384615384 0.07692307692307693
10 0.22752211275502116 0.03420177715308038 0.07108231689834413 0.06336154913820052
12 0.8798076923076923 0.15625 0.2403846153846154 0.22596153846153846
23 0.06370192307692307 0.8245192307692307 0.12740384615384615 0.33653846153846156
23 0.3125 0.84375 0.3317307692307692 0.3125
23 0.6189903846153846 0.8786057692307693 0.27163461538461536 0.24278846153846154
23 0.040865384615384616 0.5180288461538461 0.08173076923076923 0.2956730769230769
23 0.26240384717783094 0.547990688318143 0.3724343330596156 0.32629952545645663
23 0.5925480769230769 0.6057692307692307 0.33413461538461536 0.35096153846153844
10 0.8798076923076923 0.7295673076923077 0.2403846153846154 0.5408653846153846
10 0.8918269230769231 0.5721153846153846 0.21634615384615385 0.30288461538461536