7 0.30649038461538464 0.43028846153846156 0.24278846153846154 0.13942307692307693
0 0.6274038461538461 0.17067307692307693 0.39903846153846156 0.34134615384615385
0 0.7211538461538461 0.40384615384615385 0.5528846153846154 0.19230769230769232
0 0.8173076923076923 0.14543269230769232 0.2980769230769231 0.29086538461538464
0 0.8990384615384616 0.33653846153846156 0.20192307692307693 0.3269230769230769
6 0.078125 0.8377403846153846 0.15625 0.1658653846153846
6 0.3918269230769231 0.8689903846153846 0.07211538461538461 0.2620192307692308
6 0.20971055286929846 0.8228476543976644 0.17415465951377498 0.20793213234125232
6 0.051682692307692304 0.9026442307692307 0.10336538461538461 0.16105769230769232
24 0.578125 0.7764423076923077 0.3004807692307692 0.44711538461538464
24 0.6165865384615384 0.5889423076923077 0.37740384615384615 0.1778846153846154
24 0.8088942307692307 0.7908653846153846 0.31971153846153844 0.4182692307692308