24 0.10697115384615384 0.2439903846153846 0.21394230769230768 0.3485576923076923
24 0.32847542008005265 0.23040177737280787 0.22094288958175995 0.26901157598371783
24 0.22115384615384615 0.3605769230769231 0.25961538461538464 0.11538461538461539
19 0.9110576923076923 0.15745192307692307 0.1778846153846154 0.18990384615384615
19 0.5420673076923077 0.1935096153846154 0.20432692307692307 0.17067307692307693
19 0.9435096153846154 0.051682692307692304 0.11298076923076923 0.10336538461538461
19 0.7139423076923077 0.030048076923076924 0.15865384615384615 0.06009615384615385
24 0.34377415005845546 0.5370349852947985 0.11977975115598018 0.22486013538351612
24 0.18389423076923078 0.5564903846153846 0.2668269230769231 0.2764423076923077
24 0.1045673076923077 0.4543269230769231 0.2091346153846154 0.07211538461538461
24 0.32766958018952724 0.6867205500336895 0.141540716497271 0.14265859292522373
24 0.381209535449537 0.7614836840748668 0.07124085149293873 0.1293704257464695
24 0.23243145053295228 0.8274460700325902 0.13483345792955603 0.14936585149293874
24 0.35889375023175213 0.8741617733760539 0.13268175172262175 0.15280352742576697
24 0.2704326923076923 0.9399038461538461 0.16105769230769232 0.1201923076923077
24 0.14783653846153846 0.9326923076923077 0.15625 0.1346153846153846
24 0.1974751613032823 0.7248118352666055 0.10262543812457964 0.09927180884072215
24 0.10626359408876937 0.6985793642135043 0.11095485301407056 0.09865821230659304
24 0.10457386446795305 0.7953215369101443 0.15020631798264444 0.14685268869878693
24 0.051682692307692304 0.8798076923076923 0.10336538461538461 0.11057692307692307
24 0.03125 0.5324519230769231 0.0625 0.15625
24 0.055288461538461536 0.6334134615384616 0.11057692307692307 0.10817307692307693
24 0.040865384615384616 0.7151442307692307 0.08173076923076923 0.0889423076923077
24 0.020432692307692308 0.8016826923076923 0.040865384615384616 0.0985576923076923
24 0.02283653846153846 0.9230769230769231 0.04567307692307692 0.15384615384615385
24 0.3942307692307692 0.9627403846153846 0.07211538461538461 0.07451923076923077
19 0.6502403846153846 0.5865384615384616 0.4206730769230769 0.33653846153846156