25 0.17427884615384615 0.09134615384615384 0.3485576923076923 0.18269230769230768
25 0.9350961538461539 0.09495192307692307 0.12980769230769232 0.18990384615384615
25 0.6730769230769231 0.0889423076923077 0.24519230769230768 0.1778846153846154
25 0.6947115384615384 0.14903846153846154 0.28846153846153844 0.08173076923076923
20 0.02403846153846154 0.41466346153846156 0.04807692307692308 0.25721153846153844
20 0.15384615384615385 0.43509615384615385 0.3076923076923077 0.2980769230769231
20 0.4098557692307692 0.4519230769230769 0.18028846153846154 0.15865384615384615
20 0.4735576923076923 0.375 0.052884615384615384 0.1201923076923077
20 0.2091346153846154 0.5793269230769231 0.4182692307692308 0.3173076923076923
20 0.09495192307692307 0.8016826923076923 0.18990384615384615 0.17067307692307693
20 0.41586538461538464 0.7235576923076923 0.16826923076923078 0.2692307692307692
20 0.4699519230769231 0.8737980769230769 0.06009615384615385 0.19471153846153846
20 0.34720312603288367 0.8561712139692573 0.20970053029786803 0.22426904689096497
20 0.1875 0.9014423076923077 0.22596153846153846 0.1971153846153846
20 0.4098557692307692 0.9519230769230769 0.18028846153846154 0.09615384615384616
0 0.6262019230769231 0.36899038461538464 0.25240384615384615 0.3581730769230769
0 0.5769230769230769 0.71875 0.15384615384615385 0.4807692307692308