24 0.45072115384615385 0.109375 0.12259615384615384 0.17067307692307693
24 0.7953843721782109 0.26147652699760787 0.22125762468410207 0.2164053002627921
24 0.7170158472896624 0.11042192606151588 0.1870037381946223 0.16825696033890425
24 0.5985576923076923 0.026442307692307692 0.15865384615384615 0.052884615384615384
24 0.7680288461538461 0.026442307692307692 0.18990384615384615 0.052884615384615384
24 0.8978365384615384 0.07451923076923077 0.20432692307692307 0.14903846153846154
24 0.9651442307692307 0.12259615384615384 0.06971153846153846 0.21634615384615385
7 0.2620192307692308 0.6454326923076923 0.2548076923076923 0.25240384615384615
7 0.28846153846153844 0.7740384615384616 0.20192307692307693 0.22115384615384615
7 0.2956730769230769 0.8942307692307693 0.1875 0.21153846153846154
7 0.26322115384615385 0.9495192307692307 0.25240384615384615 0.10096153846153846
6 0.7944711538461539 0.6454326923076923 0.4110576923076923 0.25240384615384615