3 0.1814903846153846 0.14783653846153846 0.3629807692307692 0.2956730769230769
3 0.3798076923076923 0.1201923076923077 0.2403846153846154 0.2403846153846154
15 0.25 0.3942307692307692 0.5 0.2692307692307692
18 0.7872596153846154 0.36658653846153844 0.4254807692307692 0.3245192307692308
12 0.3701923076923077 0.90625 0.25961538461538464 0.1875
12 0.2764423076923077 0.6862980769230769 0.3269230769230769 0.31490384615384615
12 0.057692307692307696 0.8269230769230769 0.11538461538461539 0.34615384615384615
12 0.16105769230769232 0.8137019230769231 0.3125 0.37259615384615385
12 0.08653846153846154 0.6213942307692307 0.17307692307692307 0.18509615384615385
12 0.31971153846153844 0.6153846153846154 0.3605769230769231 0.17307692307692307
5 0.9375 0.6802884615384616 0.125 0.1971153846153846
5 0.8293269230769231 0.8329326923076923 0.34134615384615385 0.33413461538461536