14 0.051682692307692304 0.052884615384615384 0.10336538461538461 0.10576923076923077
14 0.203125 0.07572115384615384 0.2620192307692308 0.15144230769230768
14 0.3300857184723286 0.14440238085703483 0.14454269965213046 0.13727942768912
14 0.13942307692307693 0.20432692307692307 0.27884615384615385 0.15865384615384615
14 0.055288461538461536 0.32572115384615385 0.11057692307692307 0.19471153846153846
14 0.04807692307692308 0.47475961538461536 0.09615384615384616 0.12740384615384615
14 0.1634860459459113 0.46471976267358006 0.2197726093239948 0.1659346207917796
14 0.13316615957688865 0.38731919481729105 0.1837149170163025 0.16425520678164426
14 0.29584671304289883 0.2778981561323294 0.19424106447909503 0.17672228128691111
14 0.29875831533805086 0.39865026849468216 0.16958300032274073 0.15162019087536402
17 0.7091346153846154 0.3269230769230769 0.5817307692307693 0.625
17 0.2091346153846154 0.9591346153846154 0.4182692307692308 0.08173076923076923
17 0.4050480769230769 0.7115384615384616 0.026442307692307692 0.07211538461538461
14 0.6826923076923077 0.9158653846153846 0.25 0.16826923076923078
14 0.578125 0.9158653846153846 0.21394230769230768 0.16826923076923078
14 0.4855769230769231 0.9194711538461539 0.1346153846153846 0.16105769230769232
14 0.8906594433423092 0.7591019749282057 0.1614054854796391 0.10692511516119214
14 0.8766200223417648 0.6896966720715183 0.13618303223954725 0.09018050582110201
14 0.5540865384615384 0.6875 0.18509615384615385 0.09615384615384616