19 0.3401442307692308 0.29086538461538464 0.6129807692307693 0.3942307692307692
19 0.6045673076923077 0.17668269230769232 0.1466346153846154 0.35336538461538464
11 0.8521634615384616 0.3329326923076923 0.2956730769230769 0.31009615384615385
24 0.7259615384615384 0.32572115384615385 0.09615384615384616 0.11778846153846154
10 0.09615384615384616 0.7115384615384616 0.19230769230769232 0.3125
10 0.17307692307692307 0.5324519230769231 0.2403846153846154 0.0889423076923077
10 0.23076923076923078 0.9350961538461539 0.2932692307692308 0.12980769230769232
10 0.2988514538996835 0.6615412496626768 0.27809757471474433 0.2043819793501192
10 0.30288461538461536 0.5420673076923077 0.21153846153846154 0.10817307692307693
10 0.43990384615384615 0.5853365384615384 0.14423076923076922 0.19471153846153846
10 0.3269523933401191 0.8409930526459235 0.21628576091869817 0.2342382479668094
19 0.8389423076923077 0.7283653846153846 0.32211538461538464 0.4807692307692308