0 0.12860576923076922 0.2608173076923077 0.25721153846153844 0.3870192307692308
0 0.40024038461538464 0.18629807692307693 0.2956730769230769 0.25721153846153844
0 0.31477021989067744 0.44338158552861984 0.2986454863836947 0.2774667808634446
0 0.14783653846153846 0.578125 0.2956730769230769 0.2620192307692308
0 0.013221153846153846 0.40865384615384615 0.026442307692307692 0.24519230769230768
25 0.7740384615384616 0.23918269230769232 0.4519230769230769 0.47836538461538464
25 0.7852792176579407 0.3983979151136776 0.34450937790509895 0.5264664577507628
25 0.9230769230769231 0.42908653846153844 0.15384615384615385 0.5264423076923077
6 0.1935096153846154 0.7560096153846154 0.34375 0.09375
6 0.22716346153846154 0.8545673076923077 0.43028846153846156 0.29086538461538464
0 0.7115384615384616 0.8545673076923077 0.3269230769230769 0.29086538461538464