10 0.3293269230769231 0.21754807692307693 0.25961538461538464 0.43509615384615385
10 0.252307320961252 0.35336379407951807 0.25831396085462394 0.41759752918341636
10 0.10576923076923077 0.4891826923076923 0.21153846153846154 0.31971153846153844
10 0.28846153846153844 0.5276442307692307 0.34134615384615385 0.24278846153846154
10 0.6995192307692307 0.3245192307692308 0.4807692307692308 0.6490384615384616
10 0.5697115384615384 0.296875 0.22115384615384615 0.59375
10 0.31850961538461536 0.8245192307692307 0.28125 0.35096153846153844
10 0.22956730769230768 0.8245192307692307 0.31490384615384615 0.35096153846153844
10 0.16706730769230768 0.8245192307692307 0.33413461538461536 0.35096153846153844
10 0.09495192307692307 0.8245192307692307 0.18990384615384615 0.35096153846153844
10 0.6850961538461539 0.9278846153846154 0.4519230769230769 0.14423076923076922