0 0.1045673076923077 0.34134615384615385 0.2091346153846154 0.07692307692307693
0 0.10697115384615384 0.18389423076923078 0.21394230769230768 0.21875
0 0.08173076923076923 0.05048076923076923 0.16346153846153846 0.10096153846153846
0 0.3701923076923077 0.3329326923076923 0.2548076923076923 0.09375
0 0.39302884615384615 0.18794254517182415 0.20072115384615385 0.18729779868404087
0 0.37740384615384615 0.027644230769230768 0.22115384615384615 0.055288461538461536
0 0.5757211538461539 0.20673076923076922 0.06490384615384616 0.15865384615384615
0 0.5721153846153846 0.07692307692307693 0.07211538461538461 0.15384615384615385
0 0.7487980769230769 0.18990384615384615 0.28125 0.3798076923076923
0 0.8473557692307693 0.18990384615384615 0.30528846153846156 0.3798076923076923
6 0.19831730769230768 0.7884615384615384 0.39663461538461536 0.4230769230769231
6 0.16466346153846154 0.5360576923076923 0.3293269230769231 0.3125
0 0.8798076923076923 0.8161057692307693 0.2403846153846154 0.2091346153846154
0 0.7427884615384616 0.9435096153846154 0.2692307692307692 0.11298076923076923