7 0.3088942307692308 0.17908653846153846 0.6177884615384616 0.3581730769230769
6 0.8088942307692307 0.17908653846153846 0.38221153846153844 0.3581730769230769
24 0.3996038217622895 0.8411977397113214 0.28814724006958425 0.30013512279565163
24 0.5300480769230769 0.6971153846153846 0.17548076923076922 0.28365384615384615
24 0.5012019230769231 0.4543269230769231 0.23317307692307693 0.19230769230769232
24 0.36904554799742945 0.5607051329795559 0.24981018321091006 0.27195742062620426
24 0.19811333606444329 0.7222206108053271 0.30987980467911425 0.303546617355579
24 0.19831730769230768 0.4651442307692308 0.3004807692307692 0.21394230769230768
18 0.5240384615384616 0.8521634615384616 0.1875 0.2956730769230769
14 0.026442307692307692 0.8798076923076923 0.052884615384615384 0.19230769230769232
14 0.3112980769230769 0.984375 0.13221153846153846 0.03125
25 0.8088942307692307 0.6742788461538461 0.38221153846153844 0.2620192307692308
25 0.8088942307692307 0.7920673076923077 0.38221153846153844 0.18028846153846154
25 0.8088942307692307 0.5108173076923077 0.38221153846153844 0.30528846153846156