10 0.3805514051324087 0.23459906905208427 0.2803760714132473 0.2281102753478644
10 0.2957994824905993 0.1163551386081789 0.26330941774829025 0.17020817120209267
10 0.26377035807948856 0.3035824032186756 0.32825739585320474 0.25414788648641295
10 0.171875 0.06490384615384616 0.21394230769230768 0.12980769230769232
10 0.1622596153846154 0.34134615384615385 0.2764423076923077 0.23557692307692307
10 0.9050480769230769 0.1466346153846154 0.18990384615384615 0.2932692307692308
0 0.17548076923076922 0.6622596153846154 0.2403846153846154 0.40625
0 0.4375 0.8137019230769231 0.36538461538461536 0.37259615384615385
0 0.4014423076923077 0.5805288461538461 0.3605769230769231 0.24278846153846154
11 0.9507211538461539 0.5024038461538461 0.0985576923076923 0.08653846153846154
11 0.7692307692307693 0.5180288461538461 0.16826923076923078 0.11778846153846154