10 0.10336538461538461 0.25240384615384615 0.20673076923076922 0.27403846153846156
10 0.7403846153846154 0.19471153846153846 0.46153846153846156 0.3894230769230769
7 0.23197115384615385 0.9110576923076923 0.4639423076923077 0.1778846153846154
7 0.08774038461538461 0.6021634615384616 0.17548076923076922 0.3870192307692308
7 0.3076923076923077 0.5168269230769231 0.40384615384615385 0.2548076923076923
7 0.24546365336290782 0.6425639517333596 0.2618467906842196 0.2215890851613271
7 0.37193533518176786 0.6230805988958777 0.240457356419706 0.2537612954144741
7 0.36899038461538464 0.578125 0.28125 0.37740384615384615
7 0.453125 0.5661057692307693 0.11298076923076923 0.35336538461538464
7 0.40865384615384615 0.6959134615384616 0.20192307692307693 0.4110576923076923
10 0.6959134615384616 0.7055288461538461 0.37259615384615385 0.5889423076923077
10 0.6141826923076923 0.6310096153846154 0.2091346153846154 0.4831730769230769