21 0.12980769230769232 0.1875 0.25961538461538464 0.375
21 0.16105769230769232 0.05889423076923077 0.1971153846153846 0.11778846153846154
21 0.05048076923076923 0.03125 0.10096153846153846 0.0625
21 0.12980769230769232 0.42427884615384615 0.25961538461538464 0.2091346153846154
2 0.7379807692307693 0.4182692307692308 0.4807692307692308 0.22115384615384615
2 0.7596153846153846 0.1622596153846154 0.4807692307692308 0.3245192307692308
2 0.43149038461538464 0.26322115384615385 0.34375 0.5120192307692307
2 0.9603365384615384 0.34375 0.07932692307692307 0.3701923076923077
24 0.17427884615384615 0.8557692307692307 0.17067307692307693 0.28846153846153844
24 0.18629807692307693 0.6322115384615384 0.1466346153846154 0.20673076923076922
7 0.9807692307692307 0.6262019230769231 0.038461538461538464 0.15144230769230768
7 0.609375 0.7379807692307693 0.5697115384615384 0.4182692307692308