21 0.3942307692307692 0.17427884615384615 0.5913461538461539 0.3485576923076923
19 0.8449519230769231 0.17427884615384615 0.31009615384615385 0.3485576923076923
22 0.2764423076923077 0.6742788461538461 0.5528846153846154 0.6514423076923077
8 0.801757382348818 0.5108434588562671 0.19487083511807454 0.13889512361360362
8 0.9338942307692307 0.5192307692307693 0.13221153846153846 0.12980769230769232
8 0.8966346153846154 0.6069711538461539 0.20673076923076922 0.21875
8 0.7572115384615384 0.6105769230769231 0.1346153846153846 0.18269230769230768
8 0.7391826923076923 0.7824519230769231 0.0985576923076923 0.23317307692307693
8 0.8234837210909292 0.7361288474591874 0.1975350578937976 0.1940784305084043
8 0.9519230769230769 0.7415865384615384 0.09615384615384616 0.1658653846153846
8 0.8449519230769231 0.8942307692307693 0.31009615384615385 0.21153846153846154
8 0.7860576923076923 0.9807692307692307 0.19230769230769232 0.038461538461538464