10 0.5216346153846154 0.22355769230769232 0.11538461538461539 0.25
10 0.4170673076923077 0.4483173076923077 0.3245192307692308 0.24278846153846154
10 0.390625 0.14302884615384615 0.29086538461538464 0.2860576923076923
10 0.7007211538461539 0.47596153846153844 0.24278846153846154 0.1875
10 0.7427884615384616 0.28725961538461536 0.3269230769230769 0.44471153846153844
25 0.1045673076923077 0.6454326923076923 0.2091346153846154 0.15144230769230768
25 0.12379807692307693 0.8076923076923077 0.24759615384615385 0.38461538461538464
25 0.234375 0.6622596153846154 0.3389423076923077 0.18509615384615385
25 0.31902783855850636 0.7790780152891652 0.2687147892073391 0.28298506157272574
25 0.27884615384615385 0.9399038461538461 0.3173076923076923 0.1201923076923077
25 0.39663461538461536 0.6370192307692307 0.1346153846153846 0.1346153846153846
10 0.6634615384615384 0.7848557692307693 0.16826923076923078 0.43028846153846156