23 0.22115384615384615 0.06610576923076923 0.3557692307692308 0.13221153846153846
23 0.12915522124305517 0.20993516519363337 0.24357678819759643 0.29482247900650205
23 0.03365384615384615 0.22596153846153846 0.0673076923076923 0.4182692307692308
23 0.31701588233771305 0.35158195906573 0.2832692297452461 0.348154634909159
23 0.11658653846153846 0.48677884615384615 0.23317307692307693 0.2620192307692308
23 0.3004807692307692 0.5492788461538461 0.27403846153846156 0.13701923076923078
23 0.3772279562206192 0.14068683702195356 0.22101899549839743 0.254907275926642
23 0.45072115384615385 0.22716346153846154 0.11778846153846154 0.3004807692307692
23 0.42427884615384615 0.48197115384615385 0.17067307692307693 0.2091346153846154
18 0.7548076923076923 0.3918269230769231 0.49038461538461536 0.4519230769230769
12 0.2548076923076923 0.8076923076923077 0.5096153846153846 0.3798076923076923
12 0.7548076923076923 0.8088942307692307 0.49038461538461536 0.38221153846153844