23 0.375 0.08413461538461539 0.2692307692307692 0.16826923076923078
18 0.9543269230769231 0.3076923076923077 0.09134615384615384 0.1346153846153846
18 0.9519230769230769 0.21033653846153846 0.09615384615384616 0.11778846153846154
18 0.8933045770990383 0.18642226715934707 0.14853792509310906 0.14103526597746152
18 0.9086538461538461 0.06490384615384616 0.18269230769230768 0.12980769230769232
18 0.8990384615384616 0.4014423076923077 0.14423076923076922 0.15384615384615385
18 0.8812273863114313 0.29168757697393316 0.11457635316773516 0.1260503887900515
18 0.7752403846153846 0.4014423076923077 0.24759615384615385 0.15384615384615385
18 0.7759617068047007 0.2645098310882269 0.14018242357302368 0.2462375856727171
18 0.7451923076923077 0.09134615384615384 0.16826923076923078 0.18269230769230768
18 0.6556854739019763 0.2618165883859383 0.1317409869644233 0.24459473176047997
4 0.25961538461538464 0.7391826923076923 0.5192307692307693 0.5216346153846154
23 0.7548076923076923 0.7391826923076923 0.47115384615384615 0.5216346153846154