25 0.3245192307692308 0.16466346153846154 0.2692307692307692 0.3293269230769231
7 0.8365384615384616 0.22355769230769232 0.3269230769230769 0.28846153846153844
7 0.6887019230769231 0.09495192307692307 0.45913461538461536 0.18990384615384615
7 0.28846153846153844 0.5769230769230769 0.34134615384615385 0.4182692307692308
7 0.7572115384615384 0.3858173076923077 0.4855769230769231 0.036057692307692304
7 0.49759615384615385 0.3858173076923077 0.07692307692307693 0.036057692307692304
7 0.5889423076923077 0.7259615384615384 0.25961538461538464 0.17307692307692307
7 0.5576923076923077 0.6454326923076923 0.1971153846153846 0.19471153846153846
7 0.5829326923076923 0.5901442307692307 0.24759615384615385 0.22355769230769232
7 0.6274038461538461 0.49278846153846156 0.33653846153846156 0.20673076923076922
7 0.6694711538461539 0.4951923076923077 0.4206730769230769 0.25