2 0.36899038461538464 0.12860576923076922 0.23798076923076922 0.25721153846153844
2 0.1658653846153846 0.09375 0.3076923076923077 0.1875
2 0.02283653846153846 0.15264423076923078 0.04567307692307692 0.16105769230769232
2 0.2439903846153846 0.2920673076923077 0.4879807692307692 0.3918269230769231
21 0.8293269230769231 0.3016826923076923 0.34134615384615385 0.37259615384615385
21 0.5985576923076923 0.18870192307692307 0.22115384615384615 0.37740384615384615
21 0.1658653846153846 0.6033653846153846 0.3317307692307692 0.23076923076923078
21 0.39302884615384615 0.6478365384615384 0.18990384615384615 0.31971153846153844
21 0.21995192307692307 0.8040865384615384 0.43990384615384615 0.28125
25 0.7007211538461539 0.5697115384615384 0.4254807692307692 0.16346153846153846
25 0.7944711538461539 0.7439903846153846 0.4110576923076923 0.5120192307692307
25 0.8798076923076923 0.7223557692307693 0.2403846153846154 0.46875