25 0.1935096153846154 0.23317307692307693 0.3870192307692308 0.46634615384615385
20 0.9519230769230769 0.22596153846153846 0.09615384615384616 0.1875
20 0.921875 0.32034465817651403 0.10697115384615384 0.11841080150621999
20 0.8088942307692307 0.3029731149099633 0.1045673076923077 0.12560835479994367
20 0.7115384615384616 0.2686837449756933 0.11899038461538461 0.1304999581145247
20 0.7199519230769231 0.3888271045806492 0.12860576923076922 0.11613282186270706
20 0.5865384615384616 0.46153846153846156 0.07692307692307693 0.07692307692307693
20 0.5925480769230769 0.3798076923076923 0.0889423076923077 0.12980769230769232
20 0.6153846153846154 0.34134615384615385 0.1346153846153846 0.18269230769230768
0 0.27403846153846156 0.75 0.5480769230769231 0.5
25 0.6310096153846154 0.7235576923076923 0.1658653846153846 0.34134615384615385
25 0.65625 0.890625 0.21634615384615385 0.21875
25 0.8088942307692307 0.5697115384615384 0.25721153846153844 0.13942307692307693
25 0.828125 0.6848210390083171 0.19951923076923078 0.21149730739016653
25 0.8581730769230769 0.824069301333709 0.1778846153846154 0.20536182549521806
25 0.8822115384615384 0.9266826923076923 0.18269230769230768 0.1466346153846154