18 0.25240384615384615 0.5420673076923077 0.375 0.19471153846153846
18 0.19934393243653978 0.29934724462751383 0.18214750026052628 0.17609799200680692
17 0.8197115384615384 0.36538461538461536 0.3605769230769231 0.24519230769230768
17 0.7788461538461539 0.19471153846153846 0.27884615384615385 0.15865384615384615
17 0.6514423076923077 0.1141826923076923 0.02403846153846154 0.10817307692307693
17 0.6899038461538461 0.13341346153846154 0.10096153846153846 0.0985576923076923
17 0.7653186106190056 0.16954228208863573 0.10182806770324025 0.08703588973459812
17 0.8197115384615384 0.41346153846153844 0.3605769230769231 0.28365384615384615
20 0.4901718809808043 0.8732458990973437 0.16955624760767826 0.187886446677227
20 0.6057692307692307 0.6814903846153846 0.0673076923076923 0.08413461538461539
20 0.6177884615384616 0.8305288461538461 0.04326923076923077 0.17067307692307693
20 0.6105769230769231 0.9411057692307693 0.057692307692307696 0.11778846153846154
20 0.5180288461538461 0.6754807692307693 0.1658653846153846 0.07211538461538461
20 0.5476547750765518 0.7864286188772014 0.16924129701102536 0.18187683129261162
20 0.5084134615384616 0.9603365384615384 0.15625 0.07932692307692307
20 0.7569988040577272 0.8992686138827231 0.16955624760767826 0.187886446677227
20 0.6670673076923077 0.6923076923076923 0.055288461538461536 0.10576923076923077
20 0.7536057692307693 0.6875 0.1658653846153846 0.09615384615384616
20 0.7151442307692307 0.8100961538461539 0.15144230769230768 0.18269230769230768
20 0.7271634615384616 0.9723557692307693 0.15625 0.055288461538461536