14 0.038461538461538464 0.38822115384615385 0.07692307692307693 0.6225961538461539
14 0.68009382422461 0.24583705083228716 0.11469743380364833 0.11368476589623579
14 0.7800480769230769 0.04567307692307692 0.17548076923076922 0.09134615384615384
14 0.9033817577903656 0.27302414951563425 0.1553661974443525 0.23034272120473887
11 0.125 0.8834134615384616 0.25 0.23317307692307693
11 0.4951923076923077 0.9759615384615384 0.20192307692307693 0.04807692307692308
11 0.5343660020888141 0.9141001999407791 0.25424300210373474 0.16489197402697897
11 0.5977977696916346 0.816593416729196 0.2928518079302005 0.13891288008129388
11 0.7091346153846154 0.9423076923076923 0.25 0.11538461538461539
11 0.8596699314620208 0.8586178314697853 0.23788226037734608 0.12589171482841102
11 0.9002403846153846 0.9519230769230769 0.19951923076923078 0.09615384615384616