18 0.16947115384615385 0.10576923076923077 0.3389423076923077 0.21153846153846154
18 0.2800480769230769 0.2127403846153846 0.39663461538461536 0.4110576923076923
18 0.039663461538461536 0.18269230769230768 0.07932692307692307 0.15865384615384615
18 0.6658653846153846 0.3125 0.28365384615384615 0.21153846153846154
18 0.5625 0.3894230769230769 0.16826923076923078 0.057692307692307696
18 0.6045673076923077 0.22115384615384615 0.25240384615384615 0.1971153846153846
18 0.6466346153846154 0.09735576923076923 0.33653846153846156 0.19471153846153846
18 0.7872596153846154 0.3737980769230769 0.18509615384615385 0.0889423076923077
18 0.8074948972430704 0.28638784573450593 0.1289549077421866 0.22017832950603486
12 0.24278846153846154 0.7091346153846154 0.47115384615384615 0.5817307692307693
12 0.12740384615384615 0.7848557692307693 0.2548076923076923 0.43028846153846156
12 0.6706730769230769 0.7956730769230769 0.38461538461538464 0.40865384615384615