12 0.2608173076923077 0.0829326923076923 0.43028846153846156 0.1658653846153846
12 0.31971153846153844 0.2800480769230769 0.21634615384615385 0.41586538461538464
7 0.7391826923076923 0.3004807692307692 0.5216346153846154 0.375
20 0.4362980769230769 0.9387019230769231 0.08413461538461539 0.12259615384615384
20 0.4110576923076923 0.8269230769230769 0.1346153846153846 0.20192307692307693
20 0.02403846153846154 0.8581730769230769 0.04807692307692308 0.16826923076923078
20 0.07932692307692307 0.6995192307692307 0.15865384615384615 0.16826923076923078
20 0.30121288661691675 0.7151376739935854 0.20630172041836495 0.2347694032870777
20 0.15985576923076922 0.8990384615384616 0.18990384615384615 0.20192307692307693
6 0.6358173076923077 0.8509615384615384 0.31490384615384615 0.2980769230769231
6 0.5817307692307693 0.6298076923076923 0.20673076923076922 0.28365384615384615
6 0.7319711538461539 0.6141826923076923 0.3245192307692308 0.25240384615384615
6 0.8269230769230769 0.8365384615384616 0.34615384615384615 0.3269230769230769