3 0.14302884615384615 0.10697115384615384 0.2620192307692308 0.21394230769230768
3 0.36899038461538464 0.0889423076923077 0.3004807692307692 0.1778846153846154
3 0.515625 0.03485576923076923 0.23317307692307693 0.06971153846153846
3 0.8449519230769231 0.028846153846153848 0.31009615384615385 0.057692307692307696
22 0.3449519230769231 0.6442307692307693 0.6899038461538461 0.7115384615384616
14 0.9555288461538461 0.3629807692307692 0.0889423076923077 0.14903846153846154
14 0.9098557692307693 0.4891826923076923 0.18028846153846154 0.24278846153846154
14 0.9146634615384616 0.5925480769230769 0.17067307692307693 0.2091346153846154
14 0.9242788461538461 0.7139423076923077 0.15144230769230768 0.20673076923076922
14 0.7367788461538461 0.3449519230769231 0.09375 0.11298076923076923
14 0.7175480769230769 0.6514423076923077 0.055288461538461536 0.1778846153846154