11 0.13341346153846154 0.21394230769230768 0.2668269230769231 0.42788461538461536
10 0.5961538461538461 0.11057692307692307 0.1346153846153846 0.22115384615384615
10 0.7055288461538461 0.14182692307692307 0.22355769230769232 0.28365384615384615
10 0.7884615384615384 0.2403846153846154 0.18269230769230768 0.375
10 0.6466346153846154 0.3473557692307692 0.16826923076923078 0.16105769230769232
10 0.21394230769230768 0.7139423076923077 0.42788461538461536 0.5721153846153846
10 0.21514423076923078 0.7139423076923077 0.43028846153846156 0.5721153846153846
10 0.08173076923076923 0.7139423076923077 0.16346153846153846 0.5721153846153846
11 0.7644230769230769 0.6225961538461539 0.47115384615384615 0.3894230769230769
11 0.8533653846153846 0.5973557692307693 0.2932692307692308 0.3389423076923077
11 0.8511759044972196 0.7468867750363464 0.27433994400162914 0.28068491306387655
11 0.8353365384615384 0.8990384615384616 0.3293269230769231 0.20192307692307693