17 0.18389423076923078 0.16915830349988864 0.16947115384615385 0.15255267848357745
17 0.109375 0.057692307692307696 0.20432692307692307 0.11538461538461539
16 0.8497596153846154 0.2442232222418276 0.21634615384615385 0.22750689724581077
16 0.6766826923076923 0.2862561659836405 0.18870192307692307 0.25779153943534183
16 0.7692307692307693 0.07572115384615384 0.16826923076923078 0.15144230769230768
16 0.5805288461538461 0.10336538461538461 0.23798076923076922 0.20673076923076922
16 0.49158653846153844 0.2930136197075237 0.21033653846153846 0.2609508830060768
16 0.796875 0.4375 0.24759615384615385 0.22115384615384615
16 0.9519230769230769 0.3786057692307692 0.09615384615384616 0.1466346153846154
16 0.9447115384615384 0.49158653846153844 0.11057692307692307 0.11298076923076923
16 0.6117788461538461 0.43423005834835876 0.1346153846153846 0.16095087281619685
17 0.027644230769230768 0.6959134615384616 0.055288461538461536 0.15625
17 0.04326923076923077 0.6237980769230769 0.08653846153846154 0.10336538461538461
17 0.5552884615384616 0.7740384615384616 0.35096153846153844 0.4519230769230769