17 0.17307692307692307 0.36899038461538464 0.34615384615384615 0.7379807692307693
6 0.5865384615384616 0.49158653846153844 0.3894230769230769 0.49278846153846156
6 0.8028846153846154 0.18509615384615385 0.3942307692307692 0.3701923076923077
6 0.8533653846153846 0.515625 0.2932692307692308 0.44471153846153844
6 0.7860576923076923 0.7139423076923077 0.40865384615384615 0.04807692307692308
15 0.7415865384615384 0.018028846153846152 0.13221153846153846 0.036057692307692304
15 0.6575609104830324 0.09329009217241055 0.13560278328610556 0.11133212213892207
25 0.046875 0.8076923076923077 0.09375 0.13942307692307693
25 0.18509615384615385 0.8004807692307693 0.23076923076923078 0.125
25 0.32091346153846156 0.7872596153846154 0.11778846153846154 0.0985576923076923
25 0.11899038461538461 0.9002403846153846 0.23798076923076922 0.19951923076923078
25 0.28846153846153844 0.9026442307692307 0.18269230769230768 0.19471153846153846
7 0.7163461538461539 0.9699519230769231 0.5673076923076923 0.06009615384615385
7 0.7283653846153846 0.8918269230769231 0.5432692307692307 0.21634615384615385
7 0.7103365384615384 0.8689903846153846 0.5793269230769231 0.2620192307692308
7 0.6935096153846154 0.8689903846153846 0.49278846153846156 0.2620192307692308
7 0.6057692307692307 0.8533653846153846 0.4423076923076923 0.23076923076923078