20 0.21514423076923078 0.12980769230769232 0.43028846153846156 0.25961538461538464
23 0.7668269230769231 0.2644230769230769 0.46634615384615385 0.5288461538461539
20 0.3918269230769231 0.6622596153846154 0.11538461538461539 0.2668269230769231
20 0.3233173076923077 0.7091346153846154 0.25240384615384615 0.3605769230769231
20 0.1310096153846154 0.59375 0.17067307692307693 0.12980769230769232
20 0.25600961538461536 0.90625 0.2668269230769231 0.1875
20 0.12259615384615384 0.9519230769230769 0.19230769230769232 0.09615384615384616
20 0.11494122636116984 0.8100427374773408 0.21963241399306727 0.18987755900209657
20 0.0733173076923077 0.6514423076923077 0.1466346153846154 0.20673076923076922
20 0.040865384615384616 0.875 0.08173076923076923 0.1971153846153846
20 0.7247596153846154 0.7644230769230769 0.5504807692307693 0.47115384615384615