4 0.34375 0.21033653846153846 0.35096153846153844 0.23798076923076922
4 0.7596153846153846 0.16466346153846154 0.4807692307692308 0.3293269230769231
1 0.15985576923076922 0.5661057692307693 0.31971153846153844 0.4735576923076923
1 0.016826923076923076 0.7860576923076923 0.03365384615384615 0.0625
4 0.7470313572599535 0.6583747563162796 0.198087353778513 0.18085095812348037
4 0.6011169780178001 0.7719191420649475 0.11136009247455164 0.14234767632067666
4 0.7262358519442258 0.8010926858655787 0.13064680237658002 0.15330780731959032
4 0.8334587388110459 0.8518420683931895 0.12352616750583788 0.16842852742576683
4 0.7127403846153846 0.9423076923076923 0.22355769230769232 0.11538461538461539
7 0.7612858108141034 0.42389043967597384 0.16172198777889527 0.1254449432697481
14 0.7628513482542112 0.4864744863249444 0.03757428166044828 0.056691984579625994
14 0.7915156949187726 0.45724160590023794 0.04236099621641847 0.053422401944739045