12 0.29447115384615385 0.41225961538461536 0.5889423076923077 0.4110576923076923
3 0.6430288461538461 0.5793269230769231 0.10817307692307693 0.07692307692307693
3 0.6598557692307693 0.296875 0.14182692307692307 0.2764423076923077
3 0.7379807692307693 0.42908653846153844 0.2980769230769231 0.3485576923076923
3 0.8052884615384616 0.5516826923076923 0.2932692307692308 0.13221153846153846
3 0.8990384615384616 0.3076923076923077 0.20192307692307693 0.3269230769230769
3 0.752922098718143 0.1634120092040009 0.31496758076416226 0.2285027894679642
3 0.953125 0.125 0.09375 0.1346153846153846
3 0.9591346153846154 0.5108173076923077 0.08173076923076923 0.21394230769230768
9 0.3016826923076923 0.8088942307692307 0.3870192307692308 0.38221153846153844
3 0.7944711538461539 0.7067307692307693 0.4110576923076923 0.1778846153846154
3 0.8233173076923077 0.8088942307692307 0.35336538461538464 0.38221153846153844