17 0.2548076923076923 0.17908653846153846 0.20673076923076922 0.3581730769230769
14 0.5264423076923077 0.296875 0.1875 0.12259615384615384
14 0.7391826923076923 0.26322115384615385 0.1466346153846154 0.18990384615384615
14 0.6201923076923077 0.22530570397819347 0.15504807692307693 0.20705131684981723
13 0.1502403846153846 0.5204326923076923 0.3004807692307692 0.25240384615384615
13 0.21514423076923078 0.7115112655961625 0.2692307692307692 0.2612434762472676
13 0.052884615384615384 0.8641826923076923 0.10576923076923077 0.27163461538461536
13 0.1466346153846154 0.9338942307692307 0.22115384615384615 0.13221153846153846
13 0.3088942307692308 0.9447115384615384 0.08413461538461539 0.11057692307692307
13 0.06370192307692307 0.7860576923076923 0.12740384615384615 0.17307692307692307
17 0.4483173076923077 0.6814903846153846 0.18028846153846154 0.6370192307692307
17 0.6346153846153846 0.6862980769230769 0.40384615384615385 0.6274038461538461
17 0.5336538461538461 0.6975378683590322 0.0673076923076923 0.0848421190618169