20 0.41586538461538464 0.1045673076923077 0.2644230769230769 0.2091346153846154
20 0.2917366487265849 0.20175043847198282 0.1210350479082615 0.23628788881539364
20 0.4182692307692308 0.4543269230769231 0.25961538461538464 0.13942307692307693
20 0.47324538543303485 0.305213340110376 0.11385822211155709 0.08955516130952099
20 0.5336538461538461 0.33413461538461536 0.028846153846153848 0.11538461538461539
20 0.5168269230769231 0.4014423076923077 0.0625 0.057692307692307696
22 0.26322115384615385 0.453125 0.15144230769230768 0.15144230769230768
0 0.6802884615384616 0.3269230769230769 0.2644230769230769 0.40384615384615385
25 0.328125 0.7067307692307693 0.43990384615384615 0.3557692307692308
25 0.7740384615384616 0.6935096153846154 0.4519230769230769 0.3293269230769231
25 0.7728365384615384 0.8581730769230769 0.4495192307692308 0.28365384615384615