24 0.3449519230769231 0.17908653846153846 0.31009615384615385 0.3581730769230769
24 0.056490384615384616 0.38221153846153844 0.11298076923076923 0.15384615384615385
24 0.02403846153846154 0.25240384615384615 0.04807692307692308 0.20673076923076922
21 0.796875 0.27283653846153844 0.40625 0.37259615384615385
21 0.8497596153846154 0.3557692307692308 0.3004807692307692 0.20673076923076922
21 0.7491547182615381 0.23422161313972106 0.3033352313239851 0.1969568410543023
24 0.25 0.7295673076923077 0.5 0.5408653846153846
14 0.9170673076923077 0.9158653846153846 0.1658653846153846 0.16826923076923078
14 0.9362980769230769 0.7259615384615384 0.12740384615384615 0.21153846153846154
14 0.9375 0.5456730769230769 0.125 0.17307692307692307
14 0.8064903846153846 0.5 0.18990384615384615 0.08173076923076923
14 0.6899038461538461 0.7451923076923077 0.3798076923076923 0.5096153846153846