4 0.234375 0.14903846153846154 0.46875 0.2980769230769231
4 0.4050480769230769 0.14903846153846154 0.12740384615384615 0.2980769230769231
10 0.7427884615384616 0.1045673076923077 0.15384615384615385 0.2091346153846154
10 0.8677884615384616 0.11658653846153846 0.2644230769230769 0.23317307692307693
10 0.6887019230769231 0.1310096153846154 0.13221153846153846 0.2620192307692308
9 0.18269230769230768 0.6526442307692307 0.36538461538461536 0.6947115384615384
9 0.20887606458528515 0.4897956356260951 0.11722730758371196 0.11482601002717295
9 0.2223761130459681 0.6183664419373274 0.09629273267349539 0.12671937428607058
9 0.2552836232188656 0.564070125958567 0.10021408090535945 0.07027094517413032
9 0.32058378511646085 0.6117834346723053 0.09395889056708903 0.12790731219517887
9 0.3567222141668077 0.7161759277669281 0.10176602421948207 0.07628755314265316
9 0.35096153846153844 0.7788461538461539 0.23557692307692307 0.1201923076923077
9 0.38221153846153844 0.8870192307692307 0.17307692307692307 0.1971153846153846
23 0.9507211538461539 0.8329326923076923 0.0985576923076923 0.27163461538461536
23 0.8732550236330655 0.813930274280419 0.20633108876132875 0.3244081507818618
23 0.875 0.4074519230769231 0.25 0.21875
23 0.8798076923076923 0.5324519230769231 0.2403846153846154 0.27163461538461536
23 0.638892999478741 0.6710141108242406 0.319417424850873 0.2649902775747256
23 0.6398600802972237 0.8321207512192846 0.3108876637584218 0.22168608388595792
23 0.6492688174959801 0.4569389440376923 0.3428602911984804 0.3167918438088436