20 0.31490384615384615 0.20432692307692307 0.3894230769230769 0.40865384615384615
0 0.6141826923076923 0.234375 0.2091346153846154 0.4110576923076923
0 0.7536057692307693 0.11899038461538461 0.22355769230769232 0.23798076923076922
24 0.24158653846153846 0.9026442307692307 0.21394230769230768 0.19471153846153846
24 0.2421862727131353 0.701934616488908 0.23575742067093422 0.22075705165014886
24 0.1814903846153846 0.5564903846153846 0.3629807692307692 0.23317307692307693
6 0.7905264999902806 0.7995956279377213 0.25316601254613175 0.28260076559653424
6 0.7463942307692307 0.96875 0.28125 0.0625
6 0.5913461538461539 0.9290865384615384 0.16346153846153846 0.14182692307692307
6 0.5372596153846154 0.8209134615384616 0.055288461538461536 0.2764423076923077
6 0.5817307692307693 0.5324519230769231 0.14423076923076922 0.18509615384615385
6 0.6105769230769231 0.6454326923076923 0.20192307692307693 0.21875
6 0.765625 0.5552884615384616 0.25721153846153844 0.23076923076923078
6 0.8908070881298777 0.6611264711580817 0.12761931613756708 0.218181487642628
6 0.8870192307692307 0.8918269230769231 0.1201923076923077 0.21634615384615385