8 0.23677884615384615 0.5540865384615384 0.34375 0.2283653846153846
8 0.20432692307692307 0.328125 0.40865384615384615 0.41586538461538464
8 0.29927884615384615 0.09615384615384616 0.21875 0.19230769230769232
8 0.08774038461538461 0.1201923076923077 0.17548076923076922 0.2403846153846154
8 0.6706730769230769 0.4098557692307692 0.5240384615384616 0.5793269230769231
19 0.06971153846153846 0.8689903846153846 0.13942307692307693 0.2620192307692308
19 0.1466346153846154 0.9086538461538461 0.27884615384615385 0.18269230769230768
19 0.3016826923076923 0.8653846153846154 0.21394230769230768 0.2692307692307692
2 0.8305288461538461 0.7740384615384616 0.3389423076923077 0.14903846153846154
2 0.8233173076923077 0.9074519230769231 0.35336538461538464 0.18509615384615385
2 0.5504807692307693 0.8497596153846154 0.28365384615384615 0.3004807692307692