3 0.5396634615384616 0.3137019230769231 0.0985576923076923 0.37259615384615385
3 0.2655857739264888 0.3711697013153067 0.5082005975358849 0.4057010003499408
3 0.43509615384615385 0.5841346153846154 0.3076923076923077 0.14903846153846154
3 0.040865384615384616 0.5192307692307693 0.08173076923076923 0.27884615384615385
3 0.3786057692307692 0.08413461538461539 0.4206730769230769 0.16826923076923078
3 0.0829326923076923 0.13221153846153846 0.1658653846153846 0.2644230769230769
16 0.7944711538461539 0.3293269230769231 0.4110576923076923 0.6586538461538461
16 0.40384615384615385 0.7872596153846154 0.3701923076923077 0.25721153846153844
16 0.18870192307692307 0.7896634615384616 0.37740384615384615 0.2620192307692308
16 0.4411057692307692 0.8293269230769231 0.2956730769230769 0.34134615384615385
3 0.8269230769230769 0.8293269230769231 0.34615384615384615 0.34134615384615385
3 0.7716346153846154 0.8930288461538461 0.36538461538461536 0.21394230769230768
3 0.6394230769230769 0.7908653846153846 0.10096153846153846 0.1778846153846154