15 0.14622485868048732 0.3570588241580385 0.2789708239035099 0.44162812939402996
15 0.3473557692307692 0.39783653846153844 0.3485576923076923 0.5216346153846154
15 0.17307692307692307 0.20432692307692307 0.34615384615384615 0.40865384615384615
15 0.10096153846153846 0.6153846153846154 0.20192307692307693 0.08653846153846154
16 0.7740384615384616 0.3293269230769231 0.4519230769230769 0.6586538461538461
3 0.29927884615384615 0.7379807692307693 0.3581730769230769 0.15865384615384615
3 0.47716346153846156 0.796875 0.14182692307692307 0.2764423076923077
3 0.42908653846153844 0.8882211538461539 0.23798076923076922 0.22355769230769232
15 0.7584134615384616 0.9098557692307693 0.4206730769230769 0.18028846153846154
14 0.8974086285081605 0.9120595196824955 0.1706137402990016 0.16035977730296466
14 0.9163449544843127 0.8308674711887558 0.14917248820366233 0.14510413196811497
14 0.8052467181971963 0.7648678314697853 0.12415073686888925 0.11292361433142764