1 0.3088942307692308 0.36899038461538464 0.6177884615384616 0.21875
1 0.7692307692307693 0.22235576923076922 0.30288461538461536 0.44471153846153844
1 0.9134451978901718 0.3860946926190749 0.030246234794951476 0.0255502244023955
1 0.9080537646620702 0.4169667519030914 0.037877797541129285 0.033139703579917454
1 0.8398941695146542 0.41938593048586387 0.0826289675770426 0.04027803030284101
1 0.8424843192699301 0.46385708433201767 0.05668854248725917 0.026936007027668022
1 0.814001161506651 0.324565098457244 0.07730753839638119 0.07235201266378073
1 0.7361561776964105 0.3252784330084487 0.04487932386034807 0.029911875065131575
1 0.7449659549786213 0.3736703066820247 0.060924348144987414 0.0379422850779676
16 0.5300480769230769 0.7980769230769231 0.17548076923076922 0.40384615384615385
16 0.27524038461538464 0.8149038461538461 0.45913461538461536 0.3701923076923077
4 0.9555288461538461 0.7391826923076923 0.0889423076923077 0.5216346153846154
4 0.8088942307692307 0.6502403846153846 0.38221153846153844 0.34375