18 0.11057692307692307 0.2932692307692308 0.22115384615384615 0.21153846153846154
18 0.25841346153846156 0.3425480769230769 0.18028846153846154 0.11298076923076923
18 0.3762019230769231 0.3161057692307692 0.19471153846153846 0.1658653846153846
18 0.3161859347987906 0.1675151393396549 0.19739014337114386 0.2586875256579777
18 0.16512137581492722 0.18626920206761546 0.20323187044089522 0.2541947839469383
14 0.44471153846153844 0.056490384615384616 0.1201923076923077 0.11298076923076923
14 0.49278846153846156 0.010817307692307692 0.12980769230769232 0.021634615384615384
20 0.15080133979393504 0.5711637616121583 0.16478176964638844 0.1837954649824056
20 0.2168002895332088 0.7025666501416835 0.13678649504158713 0.1379385285109791
20 0.17201245580197919 0.8337550142650064 0.16282434915257657 0.16209785947845964
20 0.20072115384615385 0.9242788461538461 0.17067307692307693 0.15144230769230768
20 0.1381029476370263 0.7247528441713478 0.10292278849416082 0.13016518978510744
20 0.3053267059771665 0.7894405055153663 0.1472413212312926 0.1624809110040853
20 0.32432851806970286 0.6439499338979855 0.14384541239410353 0.1683015560307088
20 0.25687581278120974 0.5053984970262525 0.13783579700948814 0.16798660543405602
20 0.7379807692307693 0.7668269230769231 0.2980769230769231 0.40865384615384615