16 0.1310096153846154 0.28725961538461536 0.2620192307692308 0.3245192307692308
16 0.17307692307692307 0.07932692307692307 0.34615384615384615 0.15865384615384615
16 0.7652998499112823 0.2573133893516021 0.3804201689089416 0.3436451342927886
16 0.6370192307692307 0.1141826923076923 0.30288461538461536 0.2283653846153846
16 0.8317307692307693 0.06009615384615385 0.33653846153846156 0.1201923076923077
3 0.21995192307692307 0.7091346153846154 0.41586538461538464 0.5192307692307693
16 0.8149038461538461 0.5793269230769231 0.24519230769230768 0.25961538461538464
16 0.7267707381507035 0.7504085717225423 0.16735239433907978 0.21388937236917754
16 0.6610576923076923 0.49759615384615385 0.17307692307692307 0.09615384615384616
16 0.6443840690781 0.6587287269128201 0.17155472678760803 0.2739855262153314
16 0.8798076923076923 0.4795673076923077 0.18269230769230768 0.06009615384615385
16 0.8465005092904533 0.6684240169824247 0.22143069612565305 0.1635494834281518