23 0.07091346153846154 0.3557692307692308 0.14182692307692307 0.22115384615384615
23 0.23084423251023656 0.41269075112134956 0.2988600189607259 0.1805368637592552
23 0.23503901645717487 0.21787431443307895 0.349645517168864 0.23305874188080422
23 0.37259615384615385 0.5096153846153846 0.21153846153846154 0.14423076923076922
18 0.8209134615384616 0.3004807692307692 0.3581730769230769 0.6009615384615384
24 0.15985576923076922 0.7043269230769231 0.16105769230769232 0.07211538461538461
24 0.37161565598746604 0.7869442969498702 0.1417911474094285 0.16218450986422128
22 0.078125 0.7283653846153846 0.15625 0.1201923076923077
22 0.23557692307692307 0.765625 0.16826923076923078 0.19471153846153846
9 0.6462601250746485 0.8363009783929246 0.2173131092783064 0.2055315759226603
9 0.7716346153846154 0.875 0.2403846153846154 0.25
9 0.6165865384615384 0.7908653846153846 0.2764423076923077 0.24519230769230768