6 0.14783653846153846 0.22716346153846154 0.2956730769230769 0.25240384615384615
6 0.18028846153846154 0.40024038461538464 0.3605769230769231 0.25721153846153844
7 0.5716429314885417 0.24613090968050313 0.2721130653206637 0.20493745846241068
7 0.8100961538461539 0.38461538461538464 0.25961538461538464 0.28846153846153844
0 0.19951923076923078 0.7536057692307693 0.39903846153846156 0.4495192307692308
20 0.47716346153846156 0.8161057692307693 0.13701923076923078 0.36778846153846156
20 0.9471153846153846 0.6899038461538461 0.10576923076923077 0.16826923076923078
20 0.5435960607572681 0.6280142796405345 0.24990715670962432 0.1274267724373093
20 0.8122884834614739 0.7487560029455615 0.14595288558500605 0.28685899134210757
20 0.6505413846456469 0.8134423805776062 0.09477503313757679 0.12081045120601666
20 0.6813623547593891 0.9268276033896937 0.1206037442957555 0.13010532639751504
20 0.7540578292426026 0.8809141316613521 0.05871734082988448 0.11955128884453536
20 0.5456730769230769 0.9771634615384616 0.10096153846153846 0.04567307692307692
22 0.8653846153846154 0.5889423076923077 0.2692307692307692 0.1201923076923077