15 0.24158653846153846 0.007211538461538462 0.16105769230769232 0.014423076923076924
15 0.42427884615384615 0.06490384615384616 0.28125 0.12980769230769232
15 0.6225961538461539 0.1466346153846154 0.27403846153846156 0.2932692307692308
15 0.4746268639326866 0.21499549014841893 0.17273641843205978 0.11400719586460689
15 0.6432314885371386 0.3063760079450676 0.13825858991727402 0.12000154404338002
15 0.6308496494808506 0.38180335724020903 0.10467795550204265 0.07443911615060919
15 0.6246085168574813 0.47791523131533925 0.17336631962536558 0.12602642663383767
15 0.6530920624165779 0.5547696312868262 0.15293873812731518 0.10251833491284251
15 0.7307692307692307 0.46875 0.057692307692307696 0.09615384615384616
15 0.7019230769230769 0.7572115384615384 0.11538461538461539 0.04326923076923077
15 0.5480769230769231 0.6370192307692307 0.23076923076923078 0.28365384615384615
15 0.43304648436247173 0.4110196007171864 0.27251302664922694 0.3238438989203632
15 0.3433942925249759 0.6282433386775667 0.24847967592040746 0.30020989096322
15 0.23539651393459 0.27648050118161294 0.2549676582114571 0.4240079678862969
15 0.19661325366313104 0.5340125490670377 0.20008269143718937 0.31531595881278535
15 0.21033653846153846 0.6875 0.2620192307692308 0.18269230769230768
16 0.9675480769230769 0.49759615384615385 0.06490384615384616 0.40384615384615385
15 0.2247596153846154 0.8894230769230769 0.4495192307692308 0.22115384615384615
15 0.8798076923076923 0.8894230769230769 0.2403846153846154 0.22115384615384615