14 0.078125 0.021634615384615384 0.08413461538461539 0.04326923076923077
14 0.07929979385985951 0.08750338518692849 0.08989333129314635 0.08587332378910265
14 0.06711357746167715 0.1758299077421866 0.0631713107770626 0.06060329197654195
14 0.1618129169318877 0.055308345102547084 0.0876293415511883 0.0977805936243244
14 0.234375 0.025240384615384616 0.0985576923076923 0.05048076923076923
14 0.2427473466802092 0.0939148056226182 0.09491080821867061 0.10412609181096684
14 0.18037405951622246 0.2051305331790717 0.1784169118151039 0.15726759018812386
14 0.42908653846153844 0.14182692307692307 0.14182692307692307 0.28365384615384615
14 0.17307692307692307 0.40865384615384615 0.28365384615384615 0.20192307692307693
14 0.44711538461538464 0.4423076923076923 0.10576923076923077 0.12980769230769232
14 0.39302884615384615 0.4795673076923077 0.11298076923076923 0.06009615384615385
21 0.9651442307692307 0.25841346153846156 0.06971153846153846 0.24759615384615385
21 0.8059919539244719 0.3011757323262564 0.23847195080300543 0.25977024845596
21 0.59375 0.3161057692307692 0.1875 0.24759615384615385
14 0.2439903846153846 0.7620192307692307 0.25240384615384615 0.47596153846153844
11 0.7524038461538461 0.9495192307692307 0.22115384615384615 0.10096153846153846
11 0.6382211538461539 0.6814903846153846 0.1466346153846154 0.34375