9 0.2776442307692308 0.20432692307692307 0.44471153846153844 0.40865384615384615
18 0.7620192307692307 0.3389423076923077 0.2932692307692308 0.13942307692307693
18 0.9050480769230769 0.2403846153846154 0.18990384615384615 0.25
18 0.90625 0.07211538461538461 0.1875 0.14423076923076922
18 0.8004807692307693 0.14423076923076922 0.27884615384615385 0.28846153846153844
18 0.5685096153846154 0.31850961538461536 0.13701923076923078 0.18028846153846154
18 0.59375 0.1466346153846154 0.1875 0.2932692307692308
18 0.16053722030459439 0.7067455626813797 0.1720478751160794 0.27722343755793805
18 0.07692307692307693 0.49038461538461536 0.15384615384615385 0.16346153846153846
18 0.06129807692307692 0.8341346153846154 0.12259615384615384 0.27884615384615385
18 0.03485576923076923 0.6682692307692307 0.06971153846153846 0.21153846153846154
1 0.75 0.7043269230769231 0.5 0.5913461538461539