19 0.14423076923076922 0.21394230769230768 0.28846153846153844 0.42788461538461536
24 0.5769230769230769 0.23317307692307693 0.34134615384615385 0.3894230769230769
24 0.8305288461538461 0.26802884615384615 0.3389423076923077 0.31971153846153844
24 0.06610576923076923 0.5769230769230769 0.13221153846153846 0.27884615384615385
24 0.7271634615384616 0.9002403846153846 0.25721153846153844 0.19951923076923078
24 0.6969419529772538 0.7499181932167891 0.21424671380299343 0.20642752933474734
24 0.4074519230769231 0.9278846153846154 0.13701923076923078 0.14423076923076922
24 0.45030235491381837 0.8269917701549971 0.222613593222024 0.22496065538241686
24 0.5524944146576923 0.7073713156555533 0.21893080126075526 0.22350659235858217
24 0.7062760024703968 0.5482472562406239 0.2452190634920641 0.2229517724820884
24 0.8028846153846154 0.484375 0.20673076923076922 0.11298076923076923
24 0.3701923076923077 0.7043269230769231 0.0625 0.23076923076923078
24 0.4230769230769231 0.5564903846153846 0.16826923076923078 0.24759615384615385
24 0.5528846153846154 0.4891826923076923 0.17307692307692307 0.12259615384615384