24 0.06370192307692307 0.19951923076923078 0.12740384615384615 0.39903846153846156
24 0.6213942307692307 0.2824519230769231 0.29086538461538464 0.23317307692307693
24 0.8413461538461539 0.14182692307692307 0.2692307692307692 0.28365384615384615
24 0.5204326923076923 0.13341346153846154 0.25721153846153844 0.2668269230769231
24 0.8653846153846154 0.32211538461538464 0.2692307692307692 0.15384615384615385
24 0.9675480769230769 0.21995192307692307 0.06490384615384616 0.31971153846153844
24 0.7151442307692307 0.04927884615384615 0.17067307692307693 0.0985576923076923
24 0.8978365384615384 0.03245192307692308 0.20432692307692307 0.06490384615384616
19 0.21394230769230768 0.7632211538461539 0.09134615384615384 0.1658653846153846
19 0.18269230769230768 0.9338942307692307 0.15384615384615385 0.13221153846153846
19 0.09254807692307693 0.8413461538461539 0.18509615384615385 0.28365384615384615
24 0.8240254274161322 0.7676915520646086 0.34054687073127354 0.2558018036011548
24 0.5479193063197066 0.77092750939016 0.364870978882947 0.29489284507746877
24 0.46944052644101447 0.5381134051003075 0.2965212201213077 0.2437254898792959
24 0.5985576923076923 0.4483173076923077 0.30288461538461536 0.0985576923076923