19 0.3328643380641393 0.307004190192238 0.2805139892802285 0.44626260736292195
19 0.2757223398710608 0.3671630676661851 0.3095478669017226 0.4133324063946397
19 0.24158653846153846 0.4362980769230769 0.34375 0.34375
19 0.18028846153846154 0.48677884615384615 0.2644230769230769 0.24278846153846154
19 0.8569711538461539 0.2536057692307692 0.13701923076923078 0.2283653846153846
19 0.9387019230769231 0.28125 0.12259615384615384 0.2403846153846154
22 0.5985576923076923 0.9002403846153846 0.2644230769230769 0.19951923076923078
22 0.39663461538461536 0.6814903846153846 0.22115384615384615 0.1466346153846154
22 0.16826923076923078 0.7115384615384616 0.1778846153846154 0.20673076923076922
22 0.2439903846153846 0.9242788461538461 0.25240384615384615 0.15144230769230768
22 0.8209134615384616 0.8040865384615384 0.06490384615384616 0.3918269230769231
22 0.8942307692307693 0.7668269230769231 0.21153846153846154 0.3173076923076923