10 0.4170673076923077 0.25 0.30528846153846156 0.5
10 0.37259615384615385 0.13942307692307693 0.3942307692307692 0.27884615384615385
11 0.84375 0.4411057692307692 0.21634615384615385 0.11778846153846154
11 0.8365487404514914 0.32492130658191837 0.12663451430215375 0.1335522050889488
11 0.832422602574758 0.24949400041050793 0.14022502281345778 0.11370720813074332
11 0.8086698084241555 0.12566939110948125 0.119735175606424 0.22926527973068003
10 0.16346153846153846 0.796875 0.2548076923076923 0.40625
10 0.0829326923076923 0.8100961538461539 0.1658653846153846 0.20673076923076922
10 0.15504807692307693 0.9350961538461539 0.2620192307692308 0.12980769230769232
10 0.11899038461538461 0.6069711538461539 0.10336538461538461 0.21394230769230768
10 0.19831730769230768 0.6310096153846154 0.15144230769230768 0.2620192307692308
10 0.11538461538461539 0.5913461538461539 0.23076923076923078 0.18269230769230768
11 0.7848557692307693 0.6598557692307693 0.43028846153846156 0.31971153846153844