16 0.21033653846153846 0.2956730769230769 0.27163461538461536 0.1875
16 0.41346153846153844 0.3401442307692308 0.14903846153846154 0.0985576923076923
16 0.38822115384615385 0.19230769230769232 0.19951923076923078 0.2644230769230769
16 0.21347711817218767 0.12053016500631841 0.27717745432044755 0.2348167082732409
16 0.07451923076923077 0.25240384615384615 0.14903846153846154 0.14903846153846154
16 0.7752403846153846 0.12980769230769232 0.27163461538461536 0.25961538461538464
16 0.7139423076923077 0.3076923076923077 0.22596153846153846 0.16346153846153846
15 0.26802884615384615 0.6947115384615384 0.43990384615384615 0.6105769230769231
16 0.9350961538461539 0.6526442307692307 0.12980769230769232 0.30528846153846156
16 0.7273610743435566 0.5846933268352466 0.16162139068123543 0.15080761251567545
16 0.7701157619829142 0.7486819722216603 0.2128868585159804 0.2227781267204407
16 0.8277093624557158 0.5699224567402227 0.23805370863194278 0.209156804984738
16 0.8605769230769231 0.4423076923076923 0.14423076923076922 0.10576923076923077
16 0.9471153846153846 0.4699519230769231 0.10576923076923077 0.16105769230769232
16 0.9471153846153846 0.8197115384615384 0.10576923076923077 0.17307692307692307
16 0.9036525083627169 0.9272923590676487 0.09603075967858797 0.1374760316012111
16 0.8376444545210392 0.8140397803909338 0.21139040070920245 0.27761120683519824