22 0.3485576923076923 0.16947115384615385 0.6201923076923077 0.3389423076923077
2 0.9591346153846154 0.16947115384615385 0.08173076923076923 0.3389423076923077
22 0.5348557692307693 0.8305288461538461 0.24759615384615385 0.2956730769230769
22 0.12379807692307693 0.8846153846153846 0.23317307692307693 0.23076923076923078
22 0.23306460806536783 0.6354508253916937 0.2596023070549464 0.2522803629464221
22 0.054086538461538464 0.4831730769230769 0.10817307692307693 0.28846153846153844
22 0.30649038461538464 0.41225961538461536 0.24759615384615385 0.1466346153846154
22 0.5637019230769231 0.4651442307692308 0.18990384615384615 0.25240384615384615
21 0.75 0.46634615384615385 0.18269230769230768 0.2548076923076923
21 0.7981001205683563 0.6261551482262477 0.10368487592962612 0.19525085757932947
21 0.7874640099864524 0.838159592749161 0.14597941941729922 0.254978942196206
21 0.7211538461538461 0.6658653846153846 0.125 0.27884615384615385
21 0.7536057692307693 0.8858173076923077 0.18990384615384615 0.2283653846153846