7 0.06129807692307692 0.5384615384615384 0.12259615384615384 0.23557692307692307
7 0.057692307692307696 0.4254807692307692 0.11538461538461539 0.28365384615384615
7 0.12612936563712301 0.3552970872300676 0.17563344128919092 0.35045973950936965
7 0.2893276339593335 0.2958730862262904 0.23895761565766954 0.34038367080006854
7 0.4375 0.38221153846153844 0.2644230769230769 0.16826923076923078
7 0.4543269230769231 0.5204326923076923 0.23076923076923078 0.13701923076923078
14 0.7668269230769231 0.2776442307692308 0.3942307692307692 0.5120192307692307
14 0.6742788461538461 0.5264423076923077 0.2091346153846154 0.28365384615384615
14 0.859375 0.5625 0.2620192307692308 0.21153846153846154
21 0.5048076923076923 0.9194711538461539 0.12980769230769232 0.16105769230769232
21 0.33653846153846156 0.8341346153846154 0.46634615384615385 0.3317307692307692
21 0.07932692307692307 0.8870192307692307 0.15865384615384615 0.22596153846153846
0 0.8701923076923077 0.7956730769230769 0.25961538461538464 0.2548076923076923
0 0.6418269230769231 0.8737980769230769 0.14423076923076922 0.25240384615384615
0 0.7764423076923077 0.9086538461538461 0.36538461538461536 0.18269230769230768