16 0.30649038461538464 0.17668269230769232 0.18509615384615385 0.24759615384615385
16 0.31971153846153844 0.42427884615384615 0.15865384615384615 0.2956730769230769
16 0.27524038461538464 0.5516826923076923 0.15144230769230768 0.09375
16 0.19878484437227534 0.2907246495476006 0.15480132598707286 0.2536690057908496
16 0.19110576923076922 0.4951923076923077 0.15144230769230768 0.20673076923076922
16 0.36177884615384615 0.27403846153846156 0.07451923076923077 0.21153846153846154
16 0.34134615384615385 0.5240384615384616 0.11538461538461539 0.14903846153846154
22 0.6838942307692307 0.29927884615384615 0.5697115384615384 0.5985576923076923
17 0.12259615384615384 0.8509615384615384 0.24519230769230768 0.2548076923076923
17 0.24879807692307693 0.9663461538461539 0.3004807692307692 0.0673076923076923
17 0.4987980769230769 0.7824519230769231 0.19951923076923078 0.36778846153846156