8 0.2512019230769231 0.18990384615384615 0.23317307692307693 0.34134615384615385
8 0.23918269230769232 0.42788461538461536 0.25721153846153844 0.22115384615384615
8 0.16826923076923078 0.04807692307692308 0.22596153846153846 0.09615384615384616
8 0.5721153846153846 0.051682692307692304 0.27403846153846156 0.10336538461538461
8 0.5420673076923077 0.5108173076923077 0.2764423076923077 0.055288461538461536
8 0.15264423076923078 0.8305288461538461 0.30528846153846156 0.3389423076923077
8 0.12740384615384615 0.6694711538461539 0.2548076923076923 0.2620192307692308
14 0.33413461538461536 0.5901442307692307 0.0673076923076923 0.10336538461538461
8 0.45552884615384615 0.7103365384615384 0.17548076923076922 0.34375
8 0.9050480769230769 0.6454326923076923 0.18990384615384615 0.21394230769230768
8 0.9170673076923077 0.8161057692307693 0.1658653846153846 0.2860576923076923
8 0.6747945978125086 0.7435629962066058 0.4434435675165504 0.4015392834767418