18 0.26802884615384615 0.25600961538461536 0.4639423076923077 0.44471153846153844
18 0.4326923076923077 0.23918269230769232 0.1346153846153846 0.47836538461538464
18 0.7259615384615384 0.140625 0.28846153846153844 0.28125
18 0.7043269230769231 0.4110576923076923 0.40865384615384615 0.1346153846153846
18 0.9603365384615384 0.11538461538461539 0.07932692307692307 0.23076923076923078
10 0.2956730769230769 0.5348557692307693 0.39903846153846156 0.11298076923076923
10 0.32572115384615385 0.6189903846153846 0.3485576923076923 0.15144230769230768
10 0.3317307692307692 0.6995192307692307 0.33653846153846156 0.1201923076923077
10 0.33767381581501665 0.7879007217758394 0.32317385668996496 0.1469361753813176
10 0.2888668630518907 0.8797846621821168 0.32193607086245635 0.17793403543440597
10 0.3713942307692308 0.9314903846153846 0.2283653846153846 0.13701923076923078
10 0.59375 0.7391826923076923 0.1875 0.5216346153846154