14 0.17668269230769232 0.3762019230769231 0.13221153846153846 0.06490384615384616
22 0.7788461538461539 0.20432692307692307 0.4423076923076923 0.40865384615384615
3 0.2127403846153846 0.8377403846153846 0.4254807692307692 0.3245192307692308
3 0.35216346153846156 0.7043269230769231 0.4110576923076923 0.5913461538461539
14 0.7307692307692307 0.4362980769230769 0.1875 0.055288461538461536
14 0.8569711538461539 0.49399038461538464 0.20432692307692307 0.17067307692307693
14 0.8972084272706238 0.6730398714571213 0.20168299846866425 0.24137404908304808
14 0.7212611731563301 0.5513922894950846 0.1734718566254584 0.22813818458653812
14 0.6462431322420966 0.5774297793086887 0.1691680852724106 0.23733295062727897
14 0.6770879770742773 0.7491691133187314 0.15721695543215256 0.2147519434497149
14 0.7963405437862683 0.8006551169438736 0.16670635980887602 0.21318933444515628