16 0.2091346153846154 0.2800480769230769 0.4182692307692308 0.39663461538461536
16 0.3125 0.20432692307692307 0.2932692307692308 0.40865384615384615
15 0.7103365384615384 0.020432692307692308 0.18028846153846154 0.040865384615384616
15 0.7403846153846154 0.14783653846153846 0.1875 0.2956730769230769
15 0.7606890371165262 0.26410024675583005 0.18761967528157525 0.23910198476588052
15 0.5913461538461539 0.18269230769230768 0.2644230769230769 0.36538461538461536
15 0.5576923076923077 0.2283653846153846 0.1971153846153846 0.1778846153846154
15 0.5540865384615384 0.3269230769230769 0.18990384615384615 0.125
15 0.2818847224252744 0.6926923658176469 0.22327879030654593 0.17290305129624967
15 0.28966346153846156 0.9014423076923077 0.2283653846153846 0.1971153846153846
15 0.05889423076923077 0.6466346153846154 0.11778846153846154 0.2548076923076923
15 0.04567307692307692 0.8810096153846154 0.09134615384615384 0.18509615384615385
16 0.6286057692307693 0.75 0.3389423076923077 0.5