16 0.1346153846153846 0.4387019230769231 0.2692307692307692 0.19471153846153846
16 0.3545673076923077 0.5853365384615384 0.21394230769230768 0.04567307692307692
16 0.5024038461538461 0.46875 0.19230769230769232 0.27884615384615385
16 0.03485576923076923 0.2512019230769231 0.06971153846153846 0.3485576923076923
16 0.1346153846153846 0.20432692307692307 0.2692307692307692 0.24519230769230768
16 0.32206572438314357 0.28744932506485665 0.2425299107391313 0.21132620251486406
16 0.49105870416766323 0.26555756618762866 0.21354374879809784 0.20774696566204434
16 0.34533526297499684 0.1517034342195137 0.20146636825187214 0.18567157876531404
5 0.7992788461538461 0.30408653846153844 0.4014423076923077 0.6081730769230769
15 0.30288461538461536 0.6526442307692307 0.5913461538461539 0.0889423076923077
15 0.7391826923076923 0.7391826923076923 0.28125 0.2620192307692308
15 0.9014423076923077 0.6742788461538461 0.1971153846153846 0.13221153846153846