19 0.2608173076923077 0.25961538461538464 0.5120192307692307 0.5192307692307693
19 0.7355769230769231 0.052884615384615384 0.25 0.10576923076923077
19 0.7346683361933651 0.264246549118804 0.21798284309867483 0.25967313717122475
19 0.7776442307692307 0.43990384615384615 0.2860576923076923 0.15865384615384615
19 0.9435096153846154 0.44471153846153844 0.11298076923076923 0.14903846153846154
19 0.9182692307692307 0.24639423076923078 0.16346153846153846 0.2620192307692308
19 0.9182692307692307 0.07692307692307693 0.16346153846153846 0.15384615384615385
19 0.9699519230769231 0.35096153846153844 0.06009615384615385 0.1778846153846154
19 0.17668269230769232 0.7379807692307693 0.35336538461538464 0.4375
24 0.953125 0.7620192307692307 0.09375 0.20673076923076922
24 0.8182495966136785 0.7650741656633199 0.18365391741342718 0.19083334720527032
24 0.9038461538461539 0.6129807692307693 0.16346153846153846 0.1875