19 0.42427884615384615 0.1622596153846154 0.24759615384615385 0.3245192307692308
19 0.2932692307692308 0.08052884615384616 0.2403846153846154 0.16105769230769232
19 0.06971153846153846 0.18269230769230768 0.13942307692307693 0.3317307692307692
19 0.039663461538461536 0.040865384615384616 0.07932692307692307 0.08173076923076923
19 0.12860576923076922 0.040865384615384616 0.17067307692307693 0.08173076923076923
8 0.8245192307692307 0.17427884615384615 0.35096153846153844 0.3485576923076923
8 0.4026442307692308 0.6694711538461539 0.49278846153846156 0.6418269230769231
19 0.9206730769230769 0.5252403846153846 0.15865384615384615 0.35336538461538464
19 0.84375 0.49399038461538464 0.27403846153846156 0.29086538461538464
19 0.7608173076923077 0.5889423076923077 0.22355769230769232 0.40384615384615385
19 0.7906510185797035 0.7914301693327455 0.21011357713165124 0.1755723724658222
19 0.84375 0.8822115384615384 0.23076923076923078 0.23557692307692307