24 0.473314961127885 0.18621689335220692 0.13967686243242533 0.12617032168504247
24 0.3786057692307692 0.054086538461538464 0.14182692307692307 0.10817307692307693
24 0.23557692307692307 0.054086538461538464 0.15865384615384615 0.10817307692307693
24 0.1778846153846154 0.054086538461538464 0.09615384615384616 0.10817307692307693
24 0.0733173076923077 0.055288461538461536 0.13221153846153846 0.11057692307692307
24 0.3035071015010153 0.10538947400890243 0.10778343581923089 0.09579207018062655
21 0.9122596153846154 0.11298076923076923 0.17548076923076922 0.22596153846153846
21 0.8786057692307693 0.31850961538461536 0.24278846153846154 0.2620192307692308
21 0.7714498442231843 0.18492561632756319 0.19748308028338699 0.23918051221652378
21 0.8088942307692307 0.4170673076923077 0.12259615384615384 0.08413461538461539
2 0.13942307692307693 0.8040865384615384 0.27884615384615385 0.3918269230769231
15 0.4963942307692308 0.9663461538461539 0.10817307692307693 0.0673076923076923
14 0.3664526927451392 0.6137680640187306 0.18716731397548067 0.15671366048012791
2 0.5973557692307693 0.671875 0.07932692307692307 0.29086538461538464
2 0.6177884615384616 0.8978365384615384 0.1201923076923077 0.20432692307692307
2 0.7584134615384616 0.7295673076923077 0.4014423076923077 0.5408653846153846