3 0.12379807692307693 0.5432692307692307 0.24759615384615385 0.11057692307692307
3 0.20432692307692307 0.5096153846153846 0.40865384615384615 0.1778846153846154
3 0.19591346153846154 0.31850961538461536 0.3918269230769231 0.2860576923076923
3 0.06850961538461539 0.26802884615384615 0.13701923076923078 0.3581730769230769
3 0.1812929015081133 0.17199795461009662 0.24293000208097768 0.22434501402777796
14 0.7644230769230769 0.4963942307692308 0.47115384615384615 0.20432692307692307
14 0.5793269230769231 0.19591346153846154 0.10096153846153846 0.3918269230769231
14 0.7908653846153846 0.1045673076923077 0.4182692307692308 0.2091346153846154
14 0.9278846153846154 0.29927884615384615 0.14423076923076922 0.3245192307692308
17 0.05889423076923077 0.7560096153846154 0.11778846153846154 0.31490384615384615
14 0.8088942307692307 0.8978365384615384 0.33413461538461536 0.20432692307692307
14 0.8052884615384616 0.7175480769230769 0.2932692307692308 0.23798076923076922