0 0.4387019230769231 0.10817307692307693 0.23798076923076922 0.21634615384615385
0 0.13822115384615385 0.31490384615384615 0.2764423076923077 0.46634615384615385
0 0.3449519230769231 0.4254807692307692 0.4254807692307692 0.24519230769230768
0 0.5324519230769231 0.10096153846153846 0.05048076923076923 0.11538461538461539
0 0.47716346153846156 0.2692307692307692 0.16105769230769232 0.2403846153846154
0 0.9122596153846154 0.1310096153846154 0.17548076923076922 0.2620192307692308
0 0.9567307692307693 0.38100961538461536 0.08653846153846154 0.22355769230769232
0 0.7516042875229545 0.32748406780980177 0.38528048144173693 0.3276059684039679
0 0.8137019230769231 0.10576923076923077 0.18028846153846154 0.21153846153846154
0 0.6514423076923077 0.08173076923076923 0.1875 0.16346153846153846
0 0.609375 0.27283653846153844 0.10336538461538461 0.5456730769230769
25 0.24759615384615385 0.7740384615384616 0.4951923076923077 0.4519230769230769
25 0.3641826923076923 0.7271634615384616 0.3870192307692308 0.3389423076923077
25 0.3737980769230769 0.6033653846153846 0.36778846153846156 0.11057692307692307
7 0.7103365384615384 0.7740384615384616 0.30528846153846156 0.4519230769230769