16 0.21153846153846154 0.15384615384615385 0.4230769230769231 0.3076923076923077
15 0.8052884615384616 0.2692307692307692 0.3894230769230769 0.5384615384615384
15 0.9170673076923077 0.265625 0.1658653846153846 0.37740384615384615
15 0.9134615384615384 0.15144230769230768 0.17307692307692307 0.2644230769230769
16 0.38100961538461536 0.7800480769230769 0.25721153846153844 0.31490384615384615
16 0.03125 0.7608173076923077 0.0625 0.33413461538461536
16 0.16466346153846154 0.7848557692307693 0.3293269230769231 0.30528846153846156
16 0.46274038461538464 0.9158653846153846 0.09375 0.16826923076923078
14 0.6454326923076923 0.6670673076923077 0.27163461538461536 0.1658653846153846
14 0.8703087410746987 0.6604005826141519 0.20443567975078886 0.1675206516378214
14 0.731196020789729 0.8450196839739021 0.36875415805196315 0.29200579318962167
14 0.9362980769230769 0.8545673076923077 0.12740384615384615 0.29086538461538464