23 0.21033653846153846 0.09134615384615384 0.4206730769230769 0.18269230769230768
23 0.3870192307692308 0.15865384615384615 0.4423076923076923 0.2980769230769231
23 0.140625 0.296875 0.28125 0.34375
23 0.4026442307692308 0.3389423076923077 0.4110576923076923 0.25961538461538464
23 0.5925480769230769 0.11538461538461539 0.03125 0.18269230769230768
23 0.8040865384615384 0.234375 0.3918269230769231 0.46875
12 0.3918269230769231 0.5673076923076923 0.4326923076923077 0.1971153846153846
12 0.3858173076923077 0.7139423076923077 0.44471153846153844 0.1971153846153846
12 0.37740384615384615 0.9086538461538461 0.46153846153846156 0.18269230769230768
12 0.5697115384615384 0.6129807692307693 0.07692307692307693 0.16346153846153846
12 0.5817307692307693 0.8161057692307693 0.052884615384615384 0.2283653846153846
12 0.5516826923076923 0.9603365384615384 0.11298076923076923 0.07932692307692307
18 0.7091346153846154 0.9435096153846154 0.20192307692307693 0.11298076923076923
18 0.7158119498798955 0.7893703034940487 0.20784587424778136 0.24562375994055793
18 0.7259615384615384 0.6021634615384616 0.20673076923076922 0.2668269230769231
18 0.8173076923076923 0.8737980769230769 0.28365384615384615 0.25240384615384615
18 0.8696788739178954 0.6396797817666664 0.23494364730856737 0.23969977222012323
18 0.9591346153846154 0.8641826923076923 0.08173076923076923 0.27163461538461536
18 0.9555288461538461 0.5456730769230769 0.0889423076923077 0.15384615384615385