19 0.3076923076923077 0.22115384615384615 0.30288461538461536 0.4182692307692308
19 0.12379807692307693 0.22596153846153846 0.24759615384615385 0.4519230769230769
19 0.13942307692307693 0.48197115384615385 0.27884615384615385 0.23317307692307693
11 0.5516826923076923 0.30649038461538464 0.18509615384615385 0.4639423076923077
11 0.9026442307692307 0.13221153846153846 0.19471153846153846 0.16826923076923078
11 0.9182692307692307 0.3088942307692308 0.16346153846153846 0.18028846153846154
11 0.8142856353918163 0.40578648307622917 0.21226490043843563 0.14062901975619668
11 0.7382522817798538 0.5002618250217419 0.23401990728247285 0.17355651902548092
11 0.6852043819840982 0.26683596752836575 0.21554619947306966 0.22115786591004286
11 0.704226982334712 0.09524071822975468 0.25504029493965186 0.188455172140919
22 0.22956730769230768 0.7992788461538461 0.45913461538461536 0.4014423076923077
2 0.7295673076923077 0.7620192307692307 0.5408653846153846 0.3269230769230769