19 0.04927884615384615 0.20192307692307693 0.0985576923076923 0.40384615384615385
19 0.19230769230769232 0.08653846153846154 0.3125 0.17307692307692307
19 0.27403846153846156 0.47115384615384615 0.14903846153846154 0.27403846153846156
19 0.13581730769230768 0.3088942307692308 0.27163461538461536 0.40625
19 0.15985576923076922 0.5552884615384616 0.28125 0.10576923076923077
19 0.06850961538461539 0.5228365384615384 0.13701923076923078 0.17067307692307693
19 0.2932692307692308 0.28365384615384615 0.11057692307692307 0.21634615384615385
19 0.20072115384615385 0.0733173076923077 0.2956730769230769 0.1466346153846154
22 0.6742788461538461 0.30408653846153844 0.6514423076923077 0.6081730769230769
2 0.17427884615384615 0.8798076923076923 0.3485576923076923 0.2403846153846154
2 0.7007211538461539 0.8040865384615384 0.46875 0.3918269230769231