15 0.34134615384615385 0.09375 0.3557692307692308 0.1875
15 0.41436089783343194 0.21735253641707267 0.44735890950393326 0.18188242774796384
15 0.3649155495215367 0.3674550170798207 0.48746836591702924 0.2287412862396014
15 0.3629807692307692 0.5012019230769231 0.4807692307692308 0.19471153846153846
17 0.4254807692307692 0.7992788461538461 0.38461538461538464 0.4014423076923077
17 0.13822115384615385 0.9723557692307693 0.09375 0.055288461538461536
17 0.06699819912258098 0.920947042422694 0.0866906645938044 0.10131436909731115
17 0.13603083211233036 0.8795102156770884 0.09724646348354504 0.07924805794076743
17 0.19591346153846154 0.9519230769230769 0.07932692307692307 0.09615384615384616
17 0.15693811750006967 0.7227514971746606 0.1337805912769405 0.14502959474117652
15 0.8533653846153846 0.8990384615384616 0.2548076923076923 0.20192307692307693
15 0.8774038461538461 0.8064903846153846 0.24519230769230768 0.18028846153846154
15 0.9747596153846154 0.9170673076923077 0.05048076923076923 0.1658653846153846
15 0.9362980769230769 0.703125 0.12740384615384615 0.18509615384615385
15 0.9290865384615384 0.6418269230769231 0.14182692307692307 0.08653846153846154
15 0.8064903846153846 0.6610576923076923 0.21394230769230768 0.125