4 0.11899038461538461 0.2620192307692308 0.23798076923076922 0.2548076923076923
4 0.27884615384615385 0.3125 0.4807692307692308 0.15384615384615385
4 0.3713942307692308 0.21754807692307693 0.2956730769230769 0.2620192307692308
12 0.8641826923076923 0.19471153846153846 0.27163461538461536 0.3894230769230769
12 0.8858173076923077 0.07211538461538461 0.2283653846153846 0.14423076923076922
18 0.33052884615384615 0.9471153846153846 0.20432692307692307 0.10576923076923077
18 0.3352446734867464 0.7503142483056114 0.23189449170152251 0.3587596556069372
18 0.3532854016635022 0.5202915591895998 0.21104642260672654 0.23507058634389383
18 0.15504807692307693 0.5108173076923077 0.31009615384615385 0.24278846153846154
18 0.14302884615384615 0.7764423076923077 0.2860576923076923 0.375
18 0.16346153846153846 0.953125 0.20673076923076922 0.09375
12 0.7620192307692307 0.46274038461538464 0.3076923076923077 0.1466346153846154
12 0.7579232126091177 0.5641336954922278 0.2652742737358525 0.1733364787806824
12 0.7287825514048792 0.6633109904178127 0.2614795341470915 0.16945748069569078
12 0.7932692307692307 0.8064903846153846 0.41346153846153844 0.19951923076923078
12 0.8341346153846154 0.9435096153846154 0.3317307692307692 0.11298076923076923