21 0.45552884615384615 0.2091346153846154 0.06490384615384616 0.25
21 0.2998818110801812 0.2479738978760268 0.23581547228492392 0.2626155862935521
21 0.09134615384615384 0.25721153846153844 0.18269230769230768 0.25
2 0.689905448864145 0.31951784036119035 0.22112667717336593 0.2160182366044814
2 0.5420673076923077 0.35096153846153844 0.10817307692307693 0.22596153846153846
2 0.8440732615700391 0.384665211403585 0.21504713594967648 0.20361389218275314
2 0.9735576923076923 0.3894230769230769 0.052884615384615384 0.1971153846153846
11 0.12379807692307693 0.671875 0.24759615384615385 0.36778846153846156
11 0.3858173076923077 0.6802884615384616 0.20432692307692307 0.38461538461538464
11 0.8581730769230769 0.6033653846153846 0.28365384615384615 0.23076923076923078
11 0.8509615384615384 0.7211538461538461 0.2980769230769231 0.28365384615384615