3 0.38341346153846156 0.203125 0.4110576923076923 0.40625
3 0.359375 0.5408653846153846 0.43509615384615385 0.1346153846153846
3 0.6370192307692307 0.3112980769230769 0.09615384615384616 0.37259615384615385
3 0.6622596153846154 0.46875 0.1466346153846154 0.20192307692307693
3 0.7487980769230769 0.17067307692307693 0.31971153846153844 0.34134615384615385
3 0.65625 0.0733173076923077 0.1346153846153846 0.1466346153846154
3 0.8569711538461539 0.018028846153846152 0.2860576923076923 0.036057692307692304
3 0.9290865384615384 0.12379807692307693 0.14182692307692307 0.24759615384615385
3 0.8461538461538461 0.40384615384615385 0.3076923076923077 0.28846153846153844
3 0.42427884615384615 0.9471153846153846 0.15144230769230768 0.10576923076923077
3 0.27403846153846156 0.9170673076923077 0.25 0.1658653846153846
3 0.32572115384615385 0.6911057692307693 0.37259615384615385 0.1658653846153846
18 0.8161057692307693 0.8040865384615384 0.36778846153846156 0.3918269230769231