15 0.20793269230769232 0.07692307692307693 0.25721153846153844 0.15384615384615385
15 0.22716346153846154 0.2403846153846154 0.23317307692307693 0.1346153846153846
17 0.6464629994297402 0.11727265856090724 0.2225732887019704 0.22401561597555805
17 0.8053267059771664 0.11496757819388624 0.19566928814378615 0.2094086795041317
17 0.9050480769230769 0.08413461538461539 0.17548076923076922 0.16826923076923078
14 0.054086538461538464 0.4651442307692308 0.10817307692307693 0.16105769230769232
14 0.19956125379734652 0.43297327262385704 0.1964781953064228 0.1638615828197158
14 0.11538461538461539 0.6286057692307693 0.23076923076923078 0.2860576923076923
14 0.28547779323268835 0.6175178478249619 0.168307424258536 0.28475700344394395
14 0.3605769230769231 0.5252403846153846 0.1346153846153846 0.3389423076923077
15 0.7463942307692307 0.6538461538461539 0.5072115384615384 0.6923076923076923