24 0.4170673076923077 0.09254807692307693 0.10336538461538461 0.12740384615384615
24 0.3269230769230769 0.0889423076923077 0.18269230769230768 0.1778846153846154
24 0.3938330886145296 0.21875 0.11997051700929494 0.09375
24 0.26872118833397407 0.22355769230769232 0.19214285670400655 0.14783653846153846
24 0.29717368132008504 0.34375 0.16760084390304486 0.12620192307692307
24 0.18768778597857874 0.296875 0.13861481470619672 0.1201923076923077
19 0.7175480769230769 0.23677884615384615 0.49759615384615385 0.38221153846153844
24 0.2512019230769231 0.47596153846153844 0.12259615384615384 0.09615384615384616
24 0.1408707459969549 0.5036057692307693 0.10132722425144235 0.11899038461538461
24 0.052884615384615384 0.5480769230769231 0.10576923076923077 0.11538461538461539
24 0.030048076923076924 0.6286057692307693 0.06009615384615385 0.09375
24 0.02403846153846154 0.7283653846153846 0.04807692307692308 0.10096153846153846
24 0.025240384615384616 0.8209134615384616 0.05048076923076923 0.06971153846153846
24 0.03245192307692308 0.8822115384615384 0.06490384615384616 0.10096153846153846
24 0.037259615384615384 0.9543269230769231 0.07451923076923077 0.09134615384615384
24 0.31252094049679463 0.5649038461538461 0.13053705400940174 0.1346153846153846
24 0.41466346153846156 0.6778846153846154 0.10817307692307693 0.13942307692307693
24 0.35623274769300156 0.8040865384615384 0.15957903334652784 0.14302884615384615
24 0.2992927520772964 0.9266826923076923 0.12634380830571587 0.109375
24 0.19831730769230768 0.9519230769230769 0.13221153846153846 0.09615384615384616
24 0.11177884615384616 0.9879807692307693 0.09375 0.02403846153846154
24 0.10162088087628153 0.7956730769230769 0.09582015519027792 0.0889423076923077
24 0.08649742226068319 0.8774038461538461 0.11644867298894236 0.09735576923076923
24 0.16951805953498897 0.6670673076923077 0.11169693082152786 0.09975961538461539
24 0.23363659384684773 0.8040865384615384 0.1253656857899039 0.11899038461538461
24 0.291554711978365 0.6911057692307693 0.10484906827179494 0.11538461538461539
24 0.21597544336100397 0.5817307692307693 0.12245828837355774 0.09735576923076923
24 0.06411149973851457 0.703125 0.07902120718349355 0.09014423076923077
24 0.19360845145753147 0.8713942307692307 0.10803521145048081 0.09735576923076923
24 0.18061310805058714 0.7584134615384616 0.11616892228755346 0.08533653846153846
19 0.624880060207051 0.5793269230769231 0.11684233384898522 0.21754807692307693
19 0.7196041629666662 0.7956730769230769 0.17629506108194462 0.18990384615384615
19 0.8861419542044333 0.7151442307692307 0.11815414732836543 0.11899038461538461
19 0.9495192307692307 0.7776442307692307 0.10096153846153846 0.10336538461538461
19 0.9879807692307693 0.5324519230769231 0.02403846153846154 0.11298076923076923