0 0.20738847031250002 0.2925922203125 0.0555023484375 0.24636600937500003 0.013709528125 0.3836852765625 0.16559565 0.42991148749999997 0.20738847031250002 0.2925922203125
0 0.406012596875 0.223680909375 0.272738934375 0.20368985624999997 0.2535910734375 0.3313422296875 0.3868647375 0.351333284375 0.406012596875 0.223680909375
0 0.5393768078125001 0.2849501640625 0.412630240625 0.24086439999999998 0.3659246265625 0.3751430359375 0.49267119218750005 0.41922879999999996 0.5393768078125001 0.2849501640625
0 0.6465750234375001 0.4227314953125 0.56344840625 0.3166734 0.4763746359375 0.3849204125 0.559501253125 0.49097850625 0.6465750234375001 0.4227314953125
0 0.747168465625 0.2943417875 0.6889045953124999 0.2006129578125 0.5893013953125 0.26252846406249997 0.647565265625 0.3562572921875 0.747168465625 0.2943417875
2 0.7522687359375 0.548393590625 0.742388759375 0.439713846875 0.61539446875 0.45125878124999996 0.62527444375 0.559938525 0.7522687359375 0.548393590625
0 0.6485426453125 0.535939728125 0.5464512171875 0.4268075140625 0.4284486515625 0.5371970140625 0.5305400796875 0.6463292265625 0.6485426453125 0.535939728125
2 0.0016024625 0.0008474374999999999 0.00149435 0.000707528125 0.0013380609375 0.0008282968749999999 0.0014461734375 0.00096820625 0.0016024625 0.0008474374999999999
0 0.6003034875 0.8203117953125 0.525584440625 0.70702808125 0.4178275671875 0.7781017640625 0.4925466140625 0.891385478125 0.6003034875 0.8203117953125
0 0.342075203125 0.47969136093750003 0.2726497625 0.3800809515625 0.189292059375 0.43817874999999995 0.25871749843749997 0.5377891578125 0.342075203125 0.47969136093750003
2 0.3738362859375 0.40868665000000004 0.21167895312499999 0.24318586406249998 0.1599592390625 0.2938607359375 0.322116571875 0.4593615203125 0.3738362859375 0.40868665000000004